0 0.278316 201.725 0 
1 0.278312 210.001 0 
2 0.278313 218.276 0 
3 0.278314 226.552 0 
4 0.278314 234.827 0 
5 0.278314 243.103 0 
6 0.278314 251.378 0 
7 0.278313 259.654 0 
8 0.278313 267.929 0 
9 0.278311 276.205 0 
10 0.278317 284.48 0 
11 8.55385 201.725 0 
12 8.21648 209.379 0 
13 8.11388 218.513 0 
14 8.79827 226.426 0 
15 7.82516 235.617 0 
16 7.9615 242.873 0 
17 7.98252 252.549 0 
18 7.82001 260.236 0 
19 7.81184 269.281 0 
20 8.65042 275.848 0 
21 8.55386 284.48 0 
22 16.8294 201.725 0 
23 16.1499 209.765 0 
24 16.1192 219.175 0 
25 16.0662 227.298 0 
26 15.8422 235.342 0 
27 15.8929 243.734 0 
28 16.1015 252.984 0 
29 17.3238 261.05 0 
30 16.6661 269.397 0 
31 16.245 277.646 0 
32 16.8294 284.48 0 
33 25.1049 201.725 0 
34 24.7896 211.529 0 
35 24.6804 219.286 0 
36 24.2706 227.485 0 
37 24.075 235.545 0 
38 24.6136 243.646 0 
39 25.1445 253.155 0 
40 24.9622 261.741 0 
41 24.7165 269.218 0 
42 25.3538 277.528 0 
43 25.1049 284.48 0 
44 33.3805 201.725 0 
45 33.1508 210.66 0 
46 32.8975 219.896 0 
47 33.187 228.085 0 
48 32.9252 235.19 0 
49 33.5026 244.57 0 
50 33.0783 252.401 0 
51 33.5762 261.957 0 
52 33.5683 269.124 0 
53 33.0493 277.114 0 
54 33.3805 284.48 0 
55 41.656 201.725 0 
56 41.1783 211.499 0 
57 41.8544 219.586 0 
58 41.0658 227.77 0 
59 41.6598 235.535 0 
60 41.9623 244.253 0 
61 41.1819 252.985 0 
62 41.6084 261.89 0 
63 41.1037 268.591 0 
64 41.446 277.447 0 
65 41.656 284.48 0 
66 49.9316 201.725 0 
67 49.9667 211.05 0 
68 49.8575 219.395 0 
69 49.8805 227.256 0 
70 49.0273 235.808 0 
71 49.6231 244.396 0 
72 49.5001 252.469 0 
73 50.1504 261.419 0 
74 49.1323 268.176 0 
75 50.2302 277.143 0 
76 49.9316 284.48 0 
77 58.2071 201.725 0 
78 57.8414 211.327 0 
79 58.031 219.479 0 
80 57.7366 227.39 0 
81 57.6189 235.118 0 
82 57.0169 242.777 0 
83 58.1609 253.369 0 
84 57.8514 261.881 0 
85 58.0805 267.921 0 
86 57.8301 276.591 0 
87 58.2071 284.48 0 
88 66.4826 201.725 0 
89 66.4314 212.134 0 
90 66.4548 218.801 0 
91 65.7174 227.593 0 
92 65.9114 235.021 0 
93 66.6181 244.855 0 
94 66.3103 252.456 0 
95 65.6646 260.603 0 
96 66.1465 270.116 0 
97 66.337 276.675 0 
98 66.4826 284.48 0 
99 74.7582 201.725 0 
100 74.8456 210.79 0 
101 73.6971 218.957 0 
102 74.5098 227.652 0 
103 73.9898 234.961 0 
104 74.1521 243.039 0 
105 74.2552 251.917 0 
106 74.5183 259.302 0 
107 74.5946 269.013 0 
108 74.3848 275.757 0 
109 74.7582 284.48 0 
110 83.0337 201.725 0 
111 82.1246 210.485 0 
112 82.5412 219.052 0 
113 83.2559 226.667 0 
114 82.1617 234.768 0 
115 82.7151 244.113 0 
116 82.2086 252.779 0 
117 83.2927 260.631 0 
118 83.1857 269.743 0 
119 82.978 276.705 0 
120 83.0337 284.48 0 
121 91.3093 -5.16351 0 
122 91.3093 3.11203 0 
123 91.3093 11.3876 0 
124 91.3093 19.6631 0 
125 91.3093 27.9387 0 
126 91.3093 36.2142 0 
127 91.3093 44.4897 0 
128 91.3093 52.7653 0 
129 91.3093 61.0408 0 
130 91.3093 69.3164 0 
131 91.3093 77.5919 0 
132 91.3093 85.8674 0 
133 91.3093 94.143 0 
134 91.3093 102.419 0 
135 91.3093 110.694 0 
136 91.3093 118.97 0 
137 91.3093 127.245 0 
138 91.3093 135.521 0 
139 91.3093 143.796 0 
140 91.3093 152.072 0 
141 91.3093 160.347 0 
142 91.3093 168.623 0 
143 91.3093 176.898 0 
144 91.3093 185.174 0 
145 91.3093 193.449 0 
146 91.3093 201.725 0 
147 90.1411 209.543 0 
148 91.0285 218.939 0 
149 91.0125 226.309 0 
150 91.217 235.103 0 
151 91.2302 244.062 0 
152 91.4254 253.954 0 
153 91.5377 259.744 0 
154 91.5159 267.72 0 
155 91.543 276.897 0 
156 91.3093 284.48 0 
157 99.5848 -5.16351 0 
158 99.167 2.08839 0 
159 99.7509 10.714 0 
160 99.366 19.0924 0 
161 100.032 26.1398 0 
162 99.4512 35.1142 0 
163 99.1653 45.472 0 
164 100.375 52.6663 0 
165 99.4093 60.3968 0 
166 100.563 68.8144 0 
167 100.957 76.7559 0 
168 100.686 86.1034 0 
169 99.4207 92.911 0 
170 99.7835 103.176 0 
171 99.2726 111.793 0 
172 99.2302 119.584 0 
173 100.085 126.6 0 
174 99.5139 135.24 0 
175 99.3935 143.93 0 
176 98.931 150.774 0 
177 99.8727 159.978 0 
178 99.1693 167.508 0 
179 100.011 175.159 0 
180 99.4135 184.502 0 
181 98.6309 192.996 0 
182 100.129 202.219 0 
183 99.348 209.381 0 
184 99.0984 218.281 0 
185 99.9096 226.887 0 
186 99.7278 236.187 0 
187 99.9258 245.009 0 
188 100.117 254.162 0 
189 98.9175 260.469 0 
190 99.3599 268.958 0 
191 100.242 276.231 0 
192 99.5848 284.48 0 
193 107.86 -5.16351 0 
194 107.789 1.79458 0 
195 107.888 10.9896 0 
196 108.461 19.2166 0 
197 108.165 27.5961 0 
198 108.541 34.7902 0 
199 107.799 46.3175 0 
200 108.575 53.5987 0 
201 108.419 60.4285 0 
202 109.622 68.5926 0 
203 107.98 76.8601 0 
204 108.651 86.0566 0 
205 108.585 93.1439 0 
206 108.117 101.104 0 
207 108.218 110.907 0 
208 107.114 119.224 0 
209 107.603 126.993 0 
210 107.588 134.848 0 
211 108.354 142.213 0 
212 107.751 150.581 0 
213 107.944 158.492 0 
214 107.91 168.18 0 
215 108.336 175.572 0 
216 108.19 183.828 0 
217 107.612 192.635 0 
218 108.243 202.02 0 
219 107.903 209.81 0 
220 107.545 218.697 0 
221 107.333 228.162 0 
222 107.578 236.317 0 
223 107.458 244.387 0 
224 108.103 253.483 0 
225 106.924 260.365 0 
226 107.36 268.926 0 
227 107.986 276.941 0 
228 107.86 284.48 0 
229 107.86 292.756 0 
230 107.86 301.031 0 
231 107.86 309.307 0 
232 107.86 317.583 0 
233 107.86 325.858 0 
234 107.86 334.134 0 
235 107.86 342.409 0 
236 107.86 350.685 0 
237 107.86 358.96 0 
238 107.86 367.236 0 
239 107.86 375.511 0 
240 107.86 383.787 0 
241 107.86 392.062 0 
242 107.86 400.338 0 
243 116.136 -5.16351 0 
244 117.933 4.43121 0 
245 117.024 11.2742 0 
246 116.095 19.0335 0 
247 116.241 28.0491 0 
248 117.001 35.1958 0 
249 117.211 45.1641 0 
250 117.226 53.7614 0 
251 117.166 59.8638 0 
252 116.622 68.4474 0 
253 117.231 76.5891 0 
254 117.115 85.463 0 
255 116.314 94.3675 0 
256 116.259 101.715 0 
257 115.887 110.918 0 
258 115.561 119.851 0 
259 115.675 126.564 0 
260 115.13 135.153 0 
261 116.705 143.608 0 
262 116.109 150.576 0 
263 115.963 159.524 0 
264 115.645 167.944 0 
265 116.031 176.18 0 
266 116.724 184.021 0 
267 116.227 193.889 0 
268 116.632 202.216 0 
269 116.181 209.991 0 
270 115.31 217.223 0 
271 115.36 226.581 0 
272 115.736 235.621 0 
273 116.615 245.602 0 
274 116.41 251.336 0 
275 117.131 259.637 0 
276 116.002 267.55 0 
277 116.029 276.213 0 
278 116.495 285.926 0 
279 116.371 293.906 0 
280 115.441 301.472 0 
281 115.739 309.929 0 
282 115.456 317.92 0 
283 115.286 327.644 0 
284 115.262 335.485 0 
285 115.099 343.346 0 
286 115.296 351.189 0 
287 116.174 357.484 0 
288 114.859 367.844 0 
289 114.681 375.83 0 
290 114.87 384.364 0 
291 114.484 392.587 0 
292 116.136 400.338 0 
293 124.411 -5.16351 0 
294 126.131 4.1218 0 
295 125.337 11.091 0 
296 125.517 19.7646 0 
297 125.329 27.8563 0 
298 125.531 35.6825 0 
299 124.846 44.2369 0 
300 125.773 52.6201 0 
301 125.591 60.2295 0 
302 125.237 67.8296 0 
303 124.742 77.04 0 
304 125.977 86.3654 0 
305 124.958 95.1126 0 
306 123.993 103.419 0 
307 123.708 110.637 0 
308 124.065 120.084 0 
309 124.19 127.284 0 
310 124.318 135.064 0 
311 123.885 144.222 0 
312 124.861 152.196 0 
313 124.808 159.301 0 
314 124.354 168.226 0 
315 124.301 176.061 0 
316 124.881 185.482 0 
317 124.805 193.04 0 
318 124.649 202.801 0 
319 124.59 210.304 0 
320 123.91 218.416 0 
321 123.798 227.514 0 
322 124.507 235.747 0 
323 125.017 245.211 0 
324 124.832 251.285 0 
325 124.572 261.367 0 
326 124.835 268.722 0 
327 124.605 277.094 0 
328 124.822 285.683 0 
329 124.557 294.64 0 
330 124.195 301.237 0 
331 123.787 310.91 0 
332 123.589 316.848 0 
333 123.425 326.886 0 
334 123.104 335.583 0 
335 123.802 342.539 0 
336 123.289 349.969 0 
337 123.04 359.175 0 
338 123.452 367.781 0 
339 123.67 375.716 0 
340 122.353 384.489 0 
341 122.721 392.563 0 
342 124.411 400.338 0 
343 132.687 -5.16351 0 
344 134.038 2.7292 0 
345 133.832 11.0068 0 
346 133.33 19.1855 0 
347 133.76 27.1731 0 
348 133.754 35.382 0 
349 133.504 44.8091 0 
350 133.48 53.3498 0 
351 134.108 61.4097 0 
352 133.919 67.7684 0 
353 133.4 77.1277 0 
354 132.978 85.7248 0 
355 132.938 95.117 0 
356 132.679 103.277 0 
357 131.842 110.975 0 
358 131.342 120.412 0 
359 132.013 126.155 0 
360 132.305 135.067 0 
361 132.653 143.622 0 
362 132.641 151.642 0 
363 132.927 160.32 0 
364 132.871 169.041 0 
365 132.681 177.3 0 
366 132.845 184.474 0 
367 132.833 194.567 0 
368 132.878 201.697 0 
369 133.034 210.641 0 
370 132.165 218.211 0 
371 132.56 228.158 0 
372 133.203 236.492 0 
373 133.35 244.38 0 
374 132.959 251.87 0 
375 131.947 259.708 0 
376 132.219 269.03 0 
377 133.293 277.995 0 
378 133.057 286.099 0 
379 132.843 294.029 0 
380 131.895 302.983 0 
381 132.375 309.847 0 
382 132.451 318.031 0 
383 131.797 327.248 0 
384 131.324 334.906 0 
385 131.702 341.746 0 
386 131.7 350.516 0 
387 131.816 359.886 0 
388 131.535 366.786 0 
389 131.83 376.768 0 
390 131.114 384.35 0 
391 131.449 391.689 0 
392 132.687 400.338 0 
393 140.962 -5.16351 0 
394 142.054 2.13859 0 
395 142.007 11.2368 0 
396 141.964 18.7678 0 
397 142.272 27.9202 0 
398 142.098 35.0703 0 
399 141.27 45.4291 0 
400 142.163 51.2838 0 
401 142.367 60.4716 0 
402 141.251 69.7371 0 
403 141.308 76.3883 0 
404 141.074 87.5109 0 
405 141.137 94.0895 0 
406 140.611 102.615 0 
407 140.917 109.518 0 
408 140.274 119.084 0 
409 140.091 128.485 0 
410 141.12 135.596 0 
411 140.852 143.601 0 
412 141.045 152.399 0 
413 140.803 159.806 0 
414 140.823 169.473 0 
415 141.1 176.963 0 
416 140.513 185.279 0 
417 141.068 193.671 0 
418 141.429 202.127 0 
419 141.605 210.048 0 
420 141.428 218.243 0 
421 141.583 228.642 0 
422 141.696 236.576 0 
423 141.132 243.518 0 
424 141.038 251.279 0 
425 140.92 259.489 0 
426 141.25 269.004 0 
427 141.955 278.521 0 
428 141.167 286.076 0 
429 140.76 294.099 0 
430 140.753 300.605 0 
431 140.585 309.925 0 
432 140.602 318.942 0 
433 139.505 328.071 0 
434 139.737 334.612 0 
435 139.876 341.994 0 
436 139.937 350.172 0 
437 140.714 359.061 0 
438 140.341 368.671 0 
439 139.766 376.76 0 
440 139.772 384.234 0 
441 139.499 392.027 0 
442 140.962 400.338 0 
443 149.238 -5.16351 0 
444 150.516 3.37744 0 
445 150.676 10.9317 0 
446 150.438 19.7374 0 
447 149.873 27.7869 0 
448 149.375 36.6974 0 
449 149.784 43.1012 0 
450 150.122 52.1849 0 
451 150.058 60.2754 0 
452 149.87 69.5696 0 
453 149.738 78.3779 0 
454 149.788 85.769 0 
455 148.98 95.1317 0 
456 149.272 102.752 0 
457 148.691 109.105 0 
458 149.603 118.735 0 
459 149.24 127.179 0 
460 148.968 136.146 0 
461 148.897 144.498 0 
462 148.832 152.642 0 
463 149.557 160.17 0 
464 149.516 168.349 0 
465 149.328 177.009 0 
466 149.637 184.943 0 
467 149.274 193.76 0 
468 149.36 202.042 0 
469 149.164 210.847 0 
470 149.398 218.513 0 
471 149.532 229.071 0 
472 149.101 236.614 0 
473 148.819 244.393 0 
474 148.402 250.726 0 
475 150.249 261.407 0 
476 149.378 269.386 0 
477 148.76 277.816 0 
478 149.634 285.406 0 
479 148.834 293.854 0 
480 149.638 302.042 0 
481 149.497 310.576 0 
482 149.238 317.163 0 
483 147.906 325.538 0 
484 148.32 334.056 0 
485 147.977 342.28 0 
486 148.458 351.534 0 
487 149.074 358.656 0 
488 148.889 366.878 0 
489 148.315 376.703 0 
490 147.986 384.128 0 
491 148.368 391.414 0 
492 149.238 400.338 0 
493 157.514 -5.16361 0 
494 157.938 3.33369 0 
495 158.022 11.9434 0 
496 158.598 19.2403 0 
497 157.607 28.4426 0 
498 157.648 35.9529 0 
499 158.098 44.546 0 
500 157.319 52.7388 0 
501 158.081 59.7487 0 
502 157.546 69.8464 0 
503 158.17 78.6562 0 
504 158.17 86.0377 0 
505 158.067 92.2044 0 
506 156.975 101.202 0 
507 157.421 111.281 0 
508 157.713 119.07 0 
509 157.869 127.381 0 
510 157.376 134.772 0 
511 157.16 143.788 0 
512 157.34 152.457 0 
513 157.593 161.151 0 
514 157.809 170.472 0 
515 157.445 176.835 0 
516 158.201 186.476 0 
517 157.779 194.18 0 
518 157.631 202.922 0 
519 157.578 209.397 0 
520 157.581 219.667 0 
521 157.093 226.57 0 
522 157.446 235.814 0 
523 158.041 244.53 0 
524 158.03 251.891 0 
525 157.374 261.048 0 
526 157.701 268.266 0 
527 157.462 278.105 0 
528 156.926 286.03 0 
529 158.255 294.075 0 
530 157.246 301.771 0 
531 157.328 309.508 0 
532 156.487 317.709 0 
533 157.246 326.232 0 
534 156.751 334.374 0 
535 156.64 342.345 0 
536 156.883 349.717 0 
537 156.685 360.568 0 
538 157.221 369.197 0 
539 157.141 375.747 0 
540 156.468 384.323 0 
541 156.381 391.54 0 
542 157.514 400.338 0 
543 165.789 -5.16339 0 
544 165.789 3.11201 0 
545 165.789 11.3876 0 
546 165.789 19.6631 0 
547 165.789 27.9387 0 
548 165.789 36.2142 0 
549 165.789 44.4897 0 
550 165.789 52.7653 0 
551 165.789 61.0408 0 
552 165.789 69.3164 0 
553 165.789 77.5919 0 
554 165.789 85.8674 0 
555 164.943 91.5381 0 
556 166.312 100.947 0 
557 165.346 109.573 0 
558 165.39 119.174 0 
559 166.144 127.521 0 
560 165.629 134.9 0 
561 165.563 143.561 0 
562 165.972 152.185 0 
563 166.113 161.438 0 
564 165.952 169.32 0 
565 165.668 177.948 0 
566 165.876 187.071 0 
567 165.727 193.894 0 
568 165.466 201.914 0 
569 165.989 209.867 0 
570 165.981 218.783 0 
571 166.075 227.15 0 
572 165.923 235.738 0 
573 165.897 243.828 0 
574 166.695 252.458 0 
575 165.69 258.934 0 
576 165.232 268.572 0 
577 165.282 277.061 0 
578 165.757 286.6 0 
579 166.016 293.168 0 
580 166.466 302.025 0 
581 165.102 309.499 0 
582 165.724 317.497 0 
583 165.332 325.307 0 
584 165.788 334.827 0 
585 166.124 341.75 0 
586 164.968 351.687 0 
587 165.783 360.488 0 
588 165.424 368.318 0 
589 165.303 376.406 0 
590 165.224 384.938 0 
591 165.853 392.657 0 
592 165.789 400.338 0 
593 174.065 85.8674 0 
594 173.912 93.4803 0 
595 174.47 102.319 0 
596 174.523 109.831 0 
597 173.985 117.876 0 
598 173.892 127.283 0 
599 174.016 134.871 0 
600 174.163 142.779 0 
601 174.075 151.661 0 
602 174.305 159.831 0 
603 174.165 167.89 0 
604 173.97 176.912 0 
605 173.733 185.143 0 
606 174.133 194.37 0 
607 174.554 202.389 0 
608 174.702 209.752 0 
609 174.561 218.149 0 
610 174.533 228.26 0 
611 174.824 236.366 0 
612 174.709 244.663 0 
613 175.384 252.59 0 
614 174.514 258.514 0 
615 173.679 267.143 0 
616 173.453 275.324 0 
617 173.991 285.021 0 
618 174.308 291.924 0 
619 174.689 300.597 0 
620 173.482 309.768 0 
621 173.611 317.452 0 
622 173.084 327.225 0 
623 174.151 335.513 0 
624 174.212 344.048 0 
625 174.423 351.316 0 
626 175.015 360.158 0 
627 174.375 368.595 0 
628 173.596 375.941 0 
629 174.675 385.091 0 
630 174.249 392.402 0 
631 174.065 400.338 0 
632 182.34 85.8674 0 
633 182.405 93.4065 0 
634 182.228 101.165 0 
635 182.407 109.978 0 
636 182.37 118.934 0 
637 182.347 126.967 0 
638 182.576 134.975 0 
639 182.787 142.237 0 
640 182.775 151.351 0 
641 182.365 159.779 0 
642 182.309 168.98 0 
643 181.898 176.586 0 
644 182.065 185.931 0 
645 182.663 194.576 0 
646 182.668 203.007 0 
647 182.69 211.534 0 
648 182.963 219.807 0 
649 183.017 226.838 0 
650 182.866 236.053 0 
651 182.677 245.173 0 
652 183.388 251.666 0 
653 182.663 258.782 0 
654 181.92 267.686 0 
655 181.965 275.653 0 
656 181.428 284.102 0 
657 181.129 294.692 0 
658 182.573 300.301 0 
659 182.935 308.228 0 
660 181.793 316.673 0 
661 181.989 326.294 0 
662 182.181 335.808 0 
663 182.91 345.096 0 
664 181.78 352.099 0 
665 182.423 359.661 0 
666 182.657 367.834 0 
667 183.063 376.24 0 
668 182.542 383.6 0 
669 181.73 392.543 0 
670 182.34 400.338 0 
671 190.616 85.8674 0 
672 190.735 93.5687 0 
673 190.782 102.129 0 
674 190.811 111.061 0 
675 190.678 119.717 0 
676 190.513 126.721 0 
677 190.577 135.353 0 
678 190.297 143.403 0 
679 190.782 152.033 0 
680 190.972 160.339 0 
681 190.195 169.369 0 
682 190.47 178.196 0 
683 190.669 185.994 0 
684 190.505 193.429 0 
685 191.115 201.879 0 
686 191.137 211.363 0 
687 191.292 218.699 0 
688 191.34 227.66 0 
689 191.107 236.413 0 
690 190.782 243.649 0 
691 190.164 251.749 0 
692 190.019 261.608 0 
693 191.275 268.79 0 
694 189.704 276.31 0 
695 190.535 284.035 0 
696 189.866 292.398 0 
697 190.257 300.502 0 
698 191.925 309.699 0 
699 190.727 317.943 0 
700 190.71 326.206 0 
701 190.807 335.134 0 
702 191.231 344.355 0 
703 192.232 353.08 0 
704 190.387 359.836 0 
705 190.471 368.274 0 
706 190.533 376.128 0 
707 189.699 383.999 0 
708 189.968 391.602 0 
709 190.616 400.338 0 
710 198.891 -5.16351 0 
711 198.891 3.11203 0 
712 198.891 11.3876 0 
713 198.891 19.6631 0 
714 198.891 27.9387 0 
715 198.891 36.2142 0 
716 198.891 44.4897 0 
717 198.891 52.7653 0 
718 198.891 61.0408 0 
719 198.891 69.3164 0 
720 198.891 77.5919 0 
721 198.891 85.8674 0 
722 198.658 93.0035 0 
723 199.093 101.666 0 
724 199.425 110.942 0 
725 199.262 118.105 0 
726 198.447 126.248 0 
727 199.031 134.807 0 
728 199.378 145.205 0 
729 199.012 153.69 0 
730 199.164 161.176 0 
731 199.014 167.671 0 
732 198.786 177.987 0 
733 199.016 185.06 0 
734 199.656 193.325 0 
735 199.669 202.273 0 
736 199.581 210.487 0 
737 199.4 219.224 0 
738 199.873 228.554 0 
739 199.494 235.857 0 
740 199.398 244.154 0 
741 198.417 251.14 0 
742 198.828 260.987 0 
743 198.467 267.951 0 
744 197.877 276.521 0 
745 199.285 284.678 0 
746 198.597 291.702 0 
747 199.094 300.647 0 
748 199.297 308.756 0 
749 199.248 317.643 0 
750 198.908 326.889 0 
751 198.955 335.48 0 
752 199.477 343.409 0 
753 200.209 351.865 0 
754 199.178 360.459 0 
755 199.222 367.756 0 
756 199.431 377.39 0 
757 199.699 385.282 0 
758 199.258 392.499 0 
759 198.891 400.338 0 
760 207.167 -5.16351 0 
761 206.485 3.29565 0 
762 206.499 10.6498 0 
763 206.546 19.3695 0 
764 206.842 28.598 0 
765 206.968 36.7086 0 
766 206.72 45.1822 0 
767 206.821 53.0499 0 
768 206.583 59.7426 0 
769 207.471 68.4939 0 
770 207.514 78.335 0 
771 206.656 85.0135 0 
772 207.95 93.2759 0 
773 207.753 101.477 0 
774 207.177 109.326 0 
775 207.424 119.742 0 
776 207.175 127.189 0 
777 207.681 135.818 0 
778 207.303 144.016 0 
779 207.069 151.754 0 
780 207.394 160.157 0 
781 206.945 169.919 0 
782 207.373 178.204 0 
783 207.206 185.398 0 
784 207.269 193.691 0 
785 207.93 201.564 0 
786 207.379 210.493 0 
787 207.567 219.306 0 
788 207.774 226.951 0 
789 207.085 235.142 0 
790 207.48 244.094 0 
791 207.216 252.41 0 
792 206.802 260.962 0 
793 207.803 268.169 0 
794 207.433 276.313 0 
795 206.363 284.419 0 
796 206.596 292.989 0 
797 206.927 300.606 0 
798 206.451 308.563 0 
799 207.385 318.832 0 
800 206.732 326.372 0 
801 207.07 336.485 0 
802 207.826 343.518 0 
803 207.444 352.079 0 
804 207.749 359.962 0 
805 207.991 368.195 0 
806 207.739 377.115 0 
807 207.981 385.565 0 
808 208.29 392.863 0 
809 207.167 400.338 0 
810 215.442 -5.16351 0 
811 214.132 2.83232 0 
812 213.488 10.729 0 
813 213.941 19.5788 0 
814 214.317 28.5057 0 
815 214.472 36.2777 0 
816 213.757 42.8604 0 
817 214.299 52.0494 0 
818 214.417 59.8518 0 
819 214.497 68.3105 0 
820 214.991 76.5649 0 
821 215.061 84.9423 0 
822 215.954 92.4955 0 
823 216.05 101.28 0 
824 216.04 109.158 0 
825 216.059 119.695 0 
826 216.136 127.271 0 
827 215.877 135.788 0 
828 215.531 143.567 0 
829 215.496 150.99 0 
830 215.869 161.554 0 
831 215.634 169.022 0 
832 215.972 176.838 0 
833 215.853 187.738 0 
834 215.839 195.412 0 
835 215.786 201.632 0 
836 215.805 210.135 0 
837 216.424 220.057 0 
838 216.193 226.973 0 
839 214.865 235.279 0 
840 215.508 243.888 0 
841 214.708 252.766 0 
842 215.867 259.831 0 
843 214.638 267.863 0 
844 214.603 275.917 0 
845 215.442 283.831 0 
846 215.657 293.021 0 
847 215.373 300.978 0 
848 215.667 308.106 0 
849 215.767 316.63 0 
850 215.77 326.04 0 
851 215.354 335.764 0 
852 215.615 342.609 0 
853 216.104 352.096 0 
854 216.324 359.674 0 
855 216.278 367.614 0 
856 216.386 376.531 0 
857 216.658 384.487 0 
858 215.922 392.547 0 
859 215.442 400.338 0 
860 223.718 -5.16351 0 
861 222.025 2.42869 0 
862 222.059 11.2262 0 
863 222.124 19.5637 0 
864 222.253 27.928 0 
865 222.18 35.9137 0 
866 222.743 43.9247 0 
867 223.399 52.9165 0 
868 223.146 60.0642 0 
869 224.016 69.7325 0 
870 222.673 74.9651 0 
871 222.387 82.6802 0 
872 223.177 93.5744 0 
873 223.612 100.801 0 
874 224.473 110.376 0 
875 224.262 119.082 0 
876 224.269 126.843 0 
877 224.038 135.438 0 
878 223.589 143.328 0 
879 223.778 151.633 0 
880 224.252 159.313 0 
881 224.133 168.5 0 
882 224.036 177.709 0 
883 223.898 187.388 0 
884 224.087 195.53 0 
885 224.332 202.251 0 
886 224.122 210.436 0 
887 224.351 218.699 0 
888 223.616 227.969 0 
889 223.474 235.841 0 
890 223.431 244.524 0 
891 223.829 251.968 0 
892 222.663 259.147 0 
893 223.596 268.722 0 
894 223.68 275.624 0 
895 223.16 283.607 0 
896 223.645 292.081 0 
897 223.508 301.045 0 
898 224.28 309.467 0 
899 224.668 317.283 0 
900 224.374 323.05 0 
901 223.507 334.559 0 
902 223.576 343.061 0 
903 224.256 352.18 0 
904 224.023 359.256 0 
905 224.64 368.087 0 
906 224.355 376.53 0 
907 224.592 384.749 0 
908 224.192 391.991 0 
909 223.718 400.338 0 
910 231.993 -5.16351 0 
911 229.797 3.22259 0 
912 229.971 11.0237 0 
913 231 19.6989 0 
914 230.926 27.6011 0 
915 230.798 34.5049 0 
916 231.182 43.7456 0 
917 231.493 52.48 0 
918 231.301 61.2722 0 
919 231.075 68.2681 0 
920 231.778 76.077 0 
921 232.211 85.4182 0 
922 232.01 93.0837 0 
923 231.684 100.408 0 
924 231.059 110.621 0 
925 232.771 117.836 0 
926 232.374 127.201 0 
927 231.981 134.944 0 
928 232.241 142.419 0 
929 232.43 152.6 0 
930 232.603 160.598 0 
931 232.631 166.65 0 
932 232.739 177.103 0 
933 232.366 185.619 0 
934 231.624 195.265 0 
935 231.413 204.318 0 
936 232.625 211.887 0 
937 232.274 219.778 0 
938 232.369 229.461 0 
939 231.063 236.691 0 
940 231.355 242.922 0 
941 232.018 251.634 0 
942 231.733 258.857 0 
943 231.317 267.554 0 
944 231.38 276.251 0 
945 231.993 284.48 0 
946 231.993 292.756 0 
947 231.993 301.031 0 
948 231.993 309.307 0 
949 231.993 317.583 0 
950 231.993 325.858 0 
951 231.993 334.134 0 
952 231.993 342.409 0 
953 231.993 350.685 0 
954 231.993 358.96 0 
955 231.993 367.236 0 
956 231.993 375.511 0 
957 231.993 383.787 0 
958 231.993 392.062 0 
959 231.993 400.338 0 
960 240.269 -5.16351 0 
961 239.6 3.03495 0 
962 238.314 11.9282 0 
963 239.776 18.6367 0 
964 239.399 27.1913 0 
965 239.067 34.1865 0 
966 239.408 43.0935 0 
967 239.711 52.1799 0 
968 241.085 61.1597 0 
969 240.013 67.9057 0 
970 240.086 76.9992 0 
971 241.021 86.2629 0 
972 240.954 93.419 0 
973 240.865 100.823 0 
974 241.101 110.441 0 
975 241.1 118.501 0 
976 240.568 126.842 0 
977 240.639 135.272 0 
978 240.456 143.07 0 
979 240.197 152.22 0 
980 240.344 160.344 0 
981 240.525 167.917 0 
982 241.001 175.612 0 
983 241.214 184.985 0 
984 240.28 195.747 0 
985 240.352 202.414 0 
986 239.48 213.626 0 
987 239.881 221.468 0 
988 239.766 229.848 0 
989 240.426 236.721 0 
990 240.37 243.406 0 
991 239.227 252.316 0 
992 240.23 259.378 0 
993 240.058 267.272 0 
994 239.76 275.518 0 
995 240.269 284.48 0 
996 248.544 -5.16351 0 
997 247.338 2.1832 0 
998 247.499 10.2044 0 
999 248.03 18.3641 0 
1000 248.144 27.1345 0 
1001 248.224 35.0753 0 
1002 246.922 43.2569 0 
1003 247.704 50.95 0 
1004 248.455 61.4654 0 
1005 249.506 70.3901 0 
1006 248.439 76.7418 0 
1007 249.003 85.8086 0 
1008 249.745 94.2184 0 
1009 249.103 102.509 0 
1010 249.04 110.18 0 
1011 248.613 118.296 0 
1012 248.21 127.146 0 
1013 248.396 135.367 0 
1014 248.268 142.677 0 
1015 248.43 152.064 0 
1016 248.855 160.607 0 
1017 248.799 168.142 0 
1018 249.331 176.379 0 
1019 248.607 185.545 0 
1020 248.491 195.583 0 
1021 247.661 204.54 0 
1022 248.384 212.099 0 
1023 247.921 222.051 0 
1024 247.748 229.796 0 
1025 249.117 235.23 0 
1026 248.688 243.325 0 
1027 248.233 252.233 0 
1028 247.747 259.428 0 
1029 248.533 267.618 0 
1030 248.941 275.65 0 
1031 248.544 284.48 0 
1032 256.82 -5.16351 0 
1033 256.666 2.91431 0 
1034 256.778 10.4399 0 
1035 256.485 19.4024 0 
1036 256.572 27.8826 0 
1037 256.213 35.3929 0 
1038 255.235 43.1694 0 
1039 256.708 53.2926 0 
1040 256.716 60.1834 0 
1041 257.527 69.6304 0 
1042 257.088 77.5325 0 
1043 257.241 84.9705 0 
1044 256.269 92.655 0 
1045 257.583 103.074 0 
1046 257.486 110.558 0 
1047 257.628 119.19 0 
1048 257.156 126.309 0 
1049 256.503 134.275 0 
1050 256.816 142.882 0 
1051 256.998 151.686 0 
1052 257.079 160.501 0 
1053 257.21 169.8 0 
1054 257.324 176.44 0 
1055 257.229 186.135 0 
1056 255.352 195.443 0 
1057 256.168 203.918 0 
1058 255.699 213.258 0 
1059 256.483 220.621 0 
1060 256.762 228.973 0 
1061 256.982 235.944 0 
1062 257.567 243.334 0 
1063 255.313 251.746 0 
1064 256.865 259.641 0 
1065 256.956 267.304 0 
1066 256.67 276.588 0 
1067 256.82 284.48 0 
1068 265.096 -5.16351 0 
1069 265.421 3.22903 0 
1070 264.294 12.0483 0 
1071 265.488 20.2953 0 
1072 265.197 27.6637 0 
1073 265.282 36.2786 0 
1074 264.927 43.5278 0 
1075 264.188 51.981 0 
1076 264.455 61.0841 0 
1077 264.358 69.3576 0 
1078 265.47 77.6197 0 
1079 265.707 87.056 0 
1080 265.308 93.8813 0 
1081 265.609 102.518 0 
1082 265.47 110.467 0 
1083 265.244 118.96 0 
1084 265.629 127.677 0 
1085 265.405 135.175 0 
1086 264.681 142.692 0 
1087 265.013 151.464 0 
1088 264.878 159.789 0 
1089 265.307 169.456 0 
1090 265.442 177.114 0 
1091 265.023 185.23 0 
1092 264.426 195.741 0 
1093 264.68 203.96 0 
1094 264.433 211.852 0 
1095 264.783 220.644 0 
1096 264.813 229.504 0 
1097 264.559 237.865 0 
1098 265.107 244.21 0 
1099 265.013 251.784 0 
1100 265.455 259.21 0 
1101 265.84 265.859 0 
1102 264.862 277.486 0 
1103 265.096 284.48 0 
1104 273.371 -5.16351 0 
1105 273.371 3.11203 0 
1106 273.371 11.3876 0 
1107 273.371 19.6631 0 
1108 273.371 27.9387 0 
1109 273.371 36.2142 0 
1110 273.371 44.4897 0 
1111 273.371 52.7653 0 
1112 273.371 61.0408 0 
1113 273.371 69.3164 0 
1114 273.371 77.5919 0 
1115 273.371 85.8674 0 
1116 273.371 94.143 0 
1117 273.371 102.419 0 
1118 273.371 110.694 0 
1119 273.371 118.97 0 
1120 273.371 127.245 0 
1121 273.371 135.521 0 
1122 273.371 143.796 0 
1123 273.371 152.072 0 
1124 273.371 160.347 0 
1125 273.371 168.623 0 
1126 273.371 176.898 0 
1127 273.371 185.174 0 
1128 273.371 193.449 0 
1129 273.371 201.725 0 
1130 272.584 210.598 0 
1131 273.464 219.64 0 
1132 273.261 228.993 0 
1133 273.163 236.65 0 
1134 273.605 245.272 0 
1135 273.373 252.375 0 
1136 272.872 259.179 0 
1137 273.36 267.162 0 
1138 273.189 275.4 0 
1139 273.371 284.48 0 
1140 281.647 201.725 0 
1141 281.561 211.166 0 
1142 282.201 218.696 0 
1143 281.255 228.547 0 
1144 281.515 235.914 0 
1145 281.521 244.301 0 
1146 281.038 251.981 0 
1147 280.903 258.748 0 
1148 280.925 267.446 0 
1149 281.702 276.348 0 
1150 281.647 284.48 0 
1151 289.922 201.725 0 
1152 289.81 210.26 0 
1153 290.105 219.196 0 
1154 290.206 227.011 0 
1155 290.265 235.441 0 
1156 289.346 243.941 0 
1157 289.392 251.137 0 
1158 289.5 259.278 0 
1159 289.428 267.714 0 
1160 289.55 275.594 0 
1161 289.922 284.48 0 
1162 298.198 201.725 0 
1163 297.845 210.892 0 
1164 297.987 218.457 0 
1165 298.792 226.443 0 
1166 298.839 235.824 0 
1167 297.758 243.428 0 
1168 297.897 251.542 0 
1169 297.165 259.12 0 
1170 297.974 267.567 0 
1171 297.494 277.327 0 
1172 298.198 284.48 0 
1173 306.473 201.725 0 
1174 306.17 210.065 0 
1175 307.36 218.6 0 
1176 305.968 226.691 0 
1177 306.051 235.66 0 
1178 306.442 243.687 0 
1179 305.992 250.634 0 
1180 305.657 260.28 0 
1181 306.068 267.775 0 
1182 306.165 275.93 0 
1183 306.473 284.48 0 
1184 314.749 201.725 0 
1185 314.275 210.205 0 
1186 313.819 218.362 0 
1187 315.092 226.226 0 
1188 314.647 234.556 0 
1189 313.787 243.076 0 
1190 314.043 251.767 0 
1191 314.266 260.343 0 
1192 314.034 267.226 0 
1193 314.439 275.719 0 
1194 314.749 284.48 0 
1195 323.024 201.725 0 
1196 323.399 209.853 0 
1197 322.892 218.247 0 
1198 322.292 226.242 0 
1199 322.036 235.431 0 
1200 322.444 243.702 0 
1201 322.724 252.146 0 
1202 322.358 260.668 0 
1203 321.991 267.532 0 
1204 322.664 276.297 0 
1205 323.024 284.48 0 
1206 331.3 201.725 0 
1207 330.96 209.2 0 
1208 331.505 218.662 0 
1209 331.006 226.687 0 
1210 331.422 235.47 0 
1211 331.208 243.95 0 
1212 330.986 251.573 0 
1213 330.529 260.327 0 
1214 330.558 267.357 0 
1215 331.421 276.454 0 
1216 331.3 284.48 0 
1217 339.576 201.725 0 
1218 339.937 209.888 0 
1219 340.031 217.696 0 
1220 340.717 226.198 0 
1221 340.275 234.853 0 
1222 339.891 244.372 0 
1223 339.411 252.586 0 
1224 339.016 260.273 0 
1225 339.305 267.726 0 
1226 339.963 276.399 0 
1227 339.576 284.48 0 
1228 347.851 201.725 0 
1229 349.242 209.039 0 
1230 349.388 217.853 0 
1231 348.81 225.588 0 
1232 348.81 234.848 0 
1233 348.446 244.422 0 
1234 348.538 252.748 0 
1235 347.591 260.903 0 
1236 347.475 267.873 0 
1237 347.577 277.246 0 
1238 347.851 284.48 0 
1239 356.127 201.725 0 
1240 356.127 210.001 0 
1241 356.127 218.276 0 
1242 356.127 226.552 0 
1243 356.127 234.827 0 
1244 356.127 243.103 0 
1245 356.127 251.378 0 
1246 356.127 259.654 0 
1247 356.127 267.929 0 
1248 356.127 276.205 0 
1249 356.127 284.48 0 
