0 0.278314 201.725 0 
1 0.278314 210.001 0 
2 0.278314 218.276 0 
3 0.278314 226.552 0 
4 0.278314 234.827 0 
5 0.278314 243.103 0 
6 0.278314 251.378 0 
7 0.278314 259.654 0 
8 0.278314 267.929 0 
9 0.278314 276.205 0 
10 0.278314 284.48 0 
11 8.55385 201.725 0 
12 178.203 197.587 0 
13 178.203 197.587 0 
14 178.203 197.587 0 
15 178.203 197.587 0 
16 178.203 197.587 0 
17 178.203 197.587 0 
18 178.203 197.587 0 
19 178.203 197.587 0 
20 178.203 197.587 0 
21 8.55385 284.48 0 
22 16.8294 201.725 0 
23 178.203 197.587 0 
24 178.203 197.587 0 
25 178.203 197.587 0 
26 178.203 197.587 0 
27 178.203 197.587 0 
28 178.203 197.587 0 
29 178.203 197.587 0 
30 178.203 197.587 0 
31 178.203 197.587 0 
32 16.8294 284.48 0 
33 25.1049 201.725 0 
34 178.203 197.587 0 
35 178.203 197.587 0 
36 178.203 197.587 0 
37 178.203 197.587 0 
38 178.203 197.587 0 
39 178.203 197.587 0 
40 178.203 197.587 0 
41 178.203 197.587 0 
42 178.203 197.587 0 
43 25.1049 284.48 0 
44 33.3805 201.725 0 
45 178.203 197.587 0 
46 178.203 197.587 0 
47 178.203 197.587 0 
48 178.203 197.587 0 
49 178.203 197.587 0 
50 178.203 197.587 0 
51 178.203 197.587 0 
52 178.203 197.587 0 
53 178.203 197.587 0 
54 33.3805 284.48 0 
55 41.656 201.725 0 
56 178.203 197.587 0 
57 178.203 197.587 0 
58 178.203 197.587 0 
59 178.203 197.587 0 
60 178.203 197.587 0 
61 178.203 197.587 0 
62 178.203 197.587 0 
63 178.203 197.587 0 
64 178.203 197.587 0 
65 41.656 284.48 0 
66 49.9316 201.725 0 
67 178.203 197.587 0 
68 178.203 197.587 0 
69 178.203 197.587 0 
70 178.203 197.587 0 
71 178.203 197.587 0 
72 178.203 197.587 0 
73 178.203 197.587 0 
74 178.203 197.587 0 
75 178.203 197.587 0 
76 49.9316 284.48 0 
77 58.2071 201.725 0 
78 178.203 197.587 0 
79 178.203 197.587 0 
80 178.203 197.587 0 
81 178.203 197.587 0 
82 178.203 197.587 0 
83 178.203 197.587 0 
84 178.203 197.587 0 
85 178.203 197.587 0 
86 178.203 197.587 0 
87 58.2071 284.48 0 
88 66.4826 201.725 0 
89 178.203 197.587 0 
90 178.203 197.587 0 
91 178.203 197.587 0 
92 178.203 197.587 0 
93 178.203 197.587 0 
94 178.203 197.587 0 
95 178.203 197.587 0 
96 178.203 197.587 0 
97 178.203 197.587 0 
98 66.4826 284.48 0 
99 74.7582 201.725 0 
100 178.203 197.587 0 
101 178.203 197.587 0 
102 178.203 197.587 0 
103 178.203 197.587 0 
104 178.203 197.587 0 
105 178.203 197.587 0 
106 178.203 197.587 0 
107 178.203 197.587 0 
108 178.203 197.587 0 
109 74.7582 284.48 0 
110 83.0337 201.725 0 
111 178.203 197.587 0 
112 178.203 197.587 0 
113 178.203 197.587 0 
114 178.203 197.587 0 
115 178.203 197.587 0 
116 178.203 197.587 0 
117 178.203 197.587 0 
118 178.203 197.587 0 
119 178.203 197.587 0 
120 83.0337 284.48 0 
121 91.3093 -5.16351 0 
122 91.3093 3.11203 0 
123 91.3093 11.3876 0 
124 91.3093 19.6631 0 
125 91.3093 27.9387 0 
126 91.3093 36.2142 0 
127 91.3093 44.4897 0 
128 91.3093 52.7653 0 
129 91.3093 61.0408 0 
130 91.3093 69.3164 0 
131 91.3093 77.5919 0 
132 91.3093 85.8674 0 
133 91.3093 94.143 0 
134 91.3093 102.419 0 
135 91.3093 110.694 0 
136 91.3093 118.97 0 
137 91.3093 127.245 0 
138 91.3093 135.521 0 
139 91.3093 143.796 0 
140 91.3093 152.072 0 
141 91.3093 160.347 0 
142 91.3093 168.623 0 
143 91.3093 176.898 0 
144 91.3093 185.174 0 
145 91.3093 193.449 0 
146 91.3093 201.725 0 
147 178.203 197.587 0 
148 178.203 197.587 0 
149 178.203 197.587 0 
150 178.203 197.587 0 
151 178.203 197.587 0 
152 178.203 197.587 0 
153 178.203 197.587 0 
154 178.203 197.587 0 
155 178.203 197.587 0 
156 91.3093 284.48 0 
157 99.5848 -5.16351 0 
158 178.203 197.587 0 
159 178.203 197.587 0 
160 178.203 197.587 0 
161 178.203 197.587 0 
162 178.203 197.587 0 
163 178.203 197.587 0 
164 178.203 197.587 0 
165 178.203 197.587 0 
166 178.203 197.587 0 
167 178.203 197.587 0 
168 178.203 197.587 0 
169 178.203 197.587 0 
170 178.203 197.587 0 
171 178.203 197.587 0 
172 178.203 197.587 0 
173 178.203 197.587 0 
174 178.203 197.587 0 
175 178.203 197.587 0 
176 178.203 197.587 0 
177 178.203 197.587 0 
178 178.203 197.587 0 
179 178.203 197.587 0 
180 178.203 197.587 0 
181 178.203 197.587 0 
182 178.203 197.587 0 
183 178.203 197.587 0 
184 178.203 197.587 0 
185 178.203 197.587 0 
186 178.203 197.587 0 
187 178.203 197.587 0 
188 178.203 197.587 0 
189 178.203 197.587 0 
190 178.203 197.587 0 
191 178.203 197.587 0 
192 99.5848 284.48 0 
193 107.86 -5.16351 0 
194 178.203 197.587 0 
195 178.203 197.587 0 
196 178.203 197.587 0 
197 178.203 197.587 0 
198 178.203 197.587 0 
199 178.203 197.587 0 
200 178.203 197.587 0 
201 178.203 197.587 0 
202 178.203 197.587 0 
203 178.203 197.587 0 
204 178.203 197.587 0 
205 178.203 197.587 0 
206 178.203 197.587 0 
207 178.203 197.587 0 
208 178.203 197.587 0 
209 178.203 197.587 0 
210 178.203 197.587 0 
211 178.203 197.587 0 
212 178.203 197.587 0 
213 178.203 197.587 0 
214 178.203 197.587 0 
215 178.203 197.587 0 
216 178.203 197.587 0 
217 178.203 197.587 0 
218 178.203 197.587 0 
219 178.203 197.587 0 
220 178.203 197.587 0 
221 178.203 197.587 0 
222 178.203 197.587 0 
223 178.203 197.587 0 
224 178.203 197.587 0 
225 178.203 197.587 0 
226 178.203 197.587 0 
227 178.203 197.587 0 
228 107.86 284.48 0 
229 107.86 292.756 0 
230 107.86 301.031 0 
231 107.86 309.307 0 
232 107.86 317.583 0 
233 107.86 325.858 0 
234 107.86 334.134 0 
235 107.86 342.409 0 
236 107.86 350.685 0 
237 107.86 358.96 0 
238 107.86 367.236 0 
239 107.86 375.511 0 
240 107.86 383.787 0 
241 107.86 392.062 0 
242 107.86 400.338 0 
243 116.136 -5.16351 0 
244 178.203 197.587 0 
245 178.203 197.587 0 
246 178.203 197.587 0 
247 178.203 197.587 0 
248 178.203 197.587 0 
249 178.203 197.587 0 
250 178.203 197.587 0 
251 178.203 197.587 0 
252 178.203 197.587 0 
253 178.203 197.587 0 
254 178.203 197.587 0 
255 178.203 197.587 0 
256 178.203 197.587 0 
257 178.203 197.587 0 
258 178.203 197.587 0 
259 178.203 197.587 0 
260 178.203 197.587 0 
261 178.203 197.587 0 
262 178.203 197.587 0 
263 178.203 197.587 0 
264 178.203 197.587 0 
265 178.203 197.587 0 
266 178.203 197.587 0 
267 178.203 197.587 0 
268 178.203 197.587 0 
269 178.203 197.587 0 
270 178.203 197.587 0 
271 178.203 197.587 0 
272 178.203 197.587 0 
273 178.203 197.587 0 
274 178.203 197.587 0 
275 178.203 197.587 0 
276 178.203 197.587 0 
277 178.203 197.587 0 
278 178.203 197.587 0 
279 178.203 197.587 0 
280 178.203 197.587 0 
281 178.203 197.587 0 
282 178.203 197.587 0 
283 178.203 197.587 0 
284 178.203 197.587 0 
285 178.203 197.587 0 
286 178.203 197.587 0 
287 178.203 197.587 0 
288 178.203 197.587 0 
289 178.203 197.587 0 
290 178.203 197.587 0 
291 178.203 197.587 0 
292 116.136 400.338 0 
293 124.411 -5.16351 0 
294 178.203 197.587 0 
295 178.203 197.587 0 
296 178.203 197.587 0 
297 178.203 197.587 0 
298 178.203 197.587 0 
299 178.203 197.587 0 
300 178.203 197.587 0 
301 178.203 197.587 0 
302 178.203 197.587 0 
303 178.203 197.587 0 
304 178.203 197.587 0 
305 178.203 197.587 0 
306 178.203 197.587 0 
307 178.203 197.587 0 
308 178.203 197.587 0 
309 178.203 197.587 0 
310 178.203 197.587 0 
311 178.203 197.587 0 
312 178.203 197.587 0 
313 178.203 197.587 0 
314 178.203 197.587 0 
315 178.203 197.587 0 
316 178.203 197.587 0 
317 178.203 197.587 0 
318 178.203 197.587 0 
319 178.203 197.587 0 
320 178.203 197.587 0 
321 178.203 197.587 0 
322 178.203 197.587 0 
323 178.203 197.587 0 
324 178.203 197.587 0 
325 178.203 197.587 0 
326 178.203 197.587 0 
327 178.203 197.587 0 
328 178.203 197.587 0 
329 178.203 197.587 0 
330 178.203 197.587 0 
331 178.203 197.587 0 
332 178.203 197.587 0 
333 178.203 197.587 0 
334 178.203 197.587 0 
335 178.203 197.587 0 
336 178.203 197.587 0 
337 178.203 197.587 0 
338 178.203 197.587 0 
339 178.203 197.587 0 
340 178.203 197.587 0 
341 178.203 197.587 0 
342 124.411 400.338 0 
343 132.687 -5.16351 0 
344 178.203 197.587 0 
345 178.203 197.587 0 
346 178.203 197.587 0 
347 178.203 197.587 0 
348 178.203 197.587 0 
349 178.203 197.587 0 
350 178.203 197.587 0 
351 178.203 197.587 0 
352 178.203 197.587 0 
353 178.203 197.587 0 
354 178.203 197.587 0 
355 178.203 197.587 0 
356 178.203 197.587 0 
357 178.203 197.587 0 
358 178.203 197.587 0 
359 178.203 197.587 0 
360 178.203 197.587 0 
361 178.203 197.587 0 
362 178.203 197.587 0 
363 178.203 197.587 0 
364 178.203 197.587 0 
365 178.203 197.587 0 
366 178.203 197.587 0 
367 178.203 197.587 0 
368 178.203 197.587 0 
369 178.203 197.587 0 
370 178.203 197.587 0 
371 178.203 197.587 0 
372 178.203 197.587 0 
373 178.203 197.587 0 
374 178.203 197.587 0 
375 178.203 197.587 0 
376 178.203 197.587 0 
377 178.203 197.587 0 
378 178.203 197.587 0 
379 178.203 197.587 0 
380 178.203 197.587 0 
381 178.203 197.587 0 
382 178.203 197.587 0 
383 178.203 197.587 0 
384 178.203 197.587 0 
385 178.203 197.587 0 
386 178.203 197.587 0 
387 178.203 197.587 0 
388 178.203 197.587 0 
389 178.203 197.587 0 
390 178.203 197.587 0 
391 178.203 197.587 0 
392 132.687 400.338 0 
393 140.962 -5.16351 0 
394 178.203 197.587 0 
395 178.203 197.587 0 
396 178.203 197.587 0 
397 178.203 197.587 0 
398 178.203 197.587 0 
399 178.203 197.587 0 
400 178.203 197.587 0 
401 178.203 197.587 0 
402 178.203 197.587 0 
403 178.203 197.587 0 
404 178.203 197.587 0 
405 178.203 197.587 0 
406 178.203 197.587 0 
407 178.203 197.587 0 
408 178.203 197.587 0 
409 178.203 197.587 0 
410 178.203 197.587 0 
411 178.203 197.587 0 
412 178.203 197.587 0 
413 178.203 197.587 0 
414 178.203 197.587 0 
415 178.203 197.587 0 
416 178.203 197.587 0 
417 178.203 197.587 0 
418 178.203 197.587 0 
419 178.203 197.587 0 
420 178.203 197.587 0 
421 178.203 197.587 0 
422 178.203 197.587 0 
423 178.203 197.587 0 
424 178.203 197.587 0 
425 178.203 197.587 0 
426 178.203 197.587 0 
427 178.203 197.587 0 
428 178.203 197.587 0 
429 178.203 197.587 0 
430 178.203 197.587 0 
431 178.203 197.587 0 
432 178.203 197.587 0 
433 178.203 197.587 0 
434 178.203 197.587 0 
435 178.203 197.587 0 
436 178.203 197.587 0 
437 178.203 197.587 0 
438 178.203 197.587 0 
439 178.203 197.587 0 
440 178.203 197.587 0 
441 178.203 197.587 0 
442 140.962 400.338 0 
443 149.238 -5.16351 0 
444 178.203 197.587 0 
445 178.203 197.587 0 
446 178.203 197.587 0 
447 178.203 197.587 0 
448 178.203 197.587 0 
449 178.203 197.587 0 
450 178.203 197.587 0 
451 178.203 197.587 0 
452 178.203 197.587 0 
453 178.203 197.587 0 
454 178.203 197.587 0 
455 178.203 197.587 0 
456 178.203 197.587 0 
457 178.203 197.587 0 
458 178.203 197.587 0 
459 178.203 197.587 0 
460 178.203 197.587 0 
461 178.203 197.587 0 
462 178.203 197.587 0 
463 178.203 197.587 0 
464 178.203 197.587 0 
465 178.203 197.587 0 
466 178.203 197.587 0 
467 178.203 197.587 0 
468 178.203 197.587 0 
469 178.203 197.587 0 
470 178.203 197.587 0 
471 178.203 197.587 0 
472 178.203 197.587 0 
473 178.203 197.587 0 
474 178.203 197.587 0 
475 178.203 197.587 0 
476 178.203 197.587 0 
477 178.203 197.587 0 
478 178.203 197.587 0 
479 178.203 197.587 0 
480 178.203 197.587 0 
481 178.203 197.587 0 
482 178.203 197.587 0 
483 178.203 197.587 0 
484 178.203 197.587 0 
485 178.203 197.587 0 
486 178.203 197.587 0 
487 178.203 197.587 0 
488 178.203 197.587 0 
489 178.203 197.587 0 
490 178.203 197.587 0 
491 178.203 197.587 0 
492 149.238 400.338 0 
493 157.514 -5.16351 0 
494 178.203 197.587 0 
495 178.203 197.587 0 
496 178.203 197.587 0 
497 178.203 197.587 0 
498 178.203 197.587 0 
499 178.203 197.587 0 
500 178.203 197.587 0 
501 178.203 197.587 0 
502 178.203 197.587 0 
503 178.203 197.587 0 
504 178.203 197.587 0 
505 178.203 197.587 0 
506 178.203 197.587 0 
507 178.203 197.587 0 
508 178.203 197.587 0 
509 178.203 197.587 0 
510 178.203 197.587 0 
511 178.203 197.587 0 
512 178.203 197.587 0 
513 178.203 197.587 0 
514 178.203 197.587 0 
515 178.203 197.587 0 
516 178.203 197.587 0 
517 178.203 197.587 0 
518 178.203 197.587 0 
519 178.203 197.587 0 
520 178.203 197.587 0 
521 178.203 197.587 0 
522 178.203 197.587 0 
523 178.203 197.587 0 
524 178.203 197.587 0 
525 178.203 197.587 0 
526 178.203 197.587 0 
527 178.203 197.587 0 
528 178.203 197.587 0 
529 178.203 197.587 0 
530 178.203 197.587 0 
531 178.203 197.587 0 
532 178.203 197.587 0 
533 178.203 197.587 0 
534 178.203 197.587 0 
535 178.203 197.587 0 
536 178.203 197.587 0 
537 178.203 197.587 0 
538 178.203 197.587 0 
539 178.203 197.587 0 
540 178.203 197.587 0 
541 178.203 197.587 0 
542 157.514 400.338 0 
543 165.789 -5.16351 0 
544 165.789 3.11203 0 
545 165.789 11.3876 0 
546 165.789 19.6631 0 
547 165.789 27.9387 0 
548 165.789 36.2142 0 
549 165.789 44.4897 0 
550 165.789 52.7653 0 
551 165.789 61.0408 0 
552 165.789 69.3164 0 
553 165.789 77.5919 0 
554 165.789 85.8674 0 
555 178.203 197.587 0 
556 178.203 197.587 0 
557 178.203 197.587 0 
558 178.203 197.587 0 
559 178.203 197.587 0 
560 178.203 197.587 0 
561 178.203 197.587 0 
562 178.203 197.587 0 
563 178.203 197.587 0 
564 178.203 197.587 0 
565 178.203 197.587 0 
566 178.203 197.587 0 
567 178.203 197.587 0 
568 178.203 197.587 0 
569 178.203 197.587 0 
570 178.203 197.587 0 
571 178.203 197.587 0 
572 178.203 197.587 0 
573 178.203 197.587 0 
574 178.203 197.587 0 
575 178.203 197.587 0 
576 178.203 197.587 0 
577 178.203 197.587 0 
578 178.203 197.587 0 
579 178.203 197.587 0 
580 178.203 197.587 0 
581 178.203 197.587 0 
582 178.203 197.587 0 
583 178.203 197.587 0 
584 178.203 197.587 0 
585 178.203 197.587 0 
586 178.203 197.587 0 
587 178.203 197.587 0 
588 178.203 197.587 0 
589 178.203 197.587 0 
590 178.203 197.587 0 
591 178.203 197.587 0 
592 165.789 400.338 0 
593 174.065 85.8674 0 
594 178.203 197.587 0 
595 178.203 197.587 0 
596 178.203 197.587 0 
597 178.203 197.587 0 
598 178.203 197.587 0 
599 178.203 197.587 0 
600 178.203 197.587 0 
601 178.203 197.587 0 
602 178.203 197.587 0 
603 178.203 197.587 0 
604 178.203 197.587 0 
605 178.203 197.587 0 
606 178.203 197.587 0 
607 178.203 197.587 0 
608 178.203 197.587 0 
609 178.203 197.587 0 
610 178.203 197.587 0 
611 178.203 197.587 0 
612 178.203 197.587 0 
613 178.203 197.587 0 
614 178.203 197.587 0 
615 178.203 197.587 0 
616 178.203 197.587 0 
617 178.203 197.587 0 
618 178.203 197.587 0 
619 178.203 197.587 0 
620 178.203 197.587 0 
621 178.203 197.587 0 
622 178.203 197.587 0 
623 178.203 197.587 0 
624 178.203 197.587 0 
625 178.203 197.587 0 
626 178.203 197.587 0 
627 178.203 197.587 0 
628 178.203 197.587 0 
629 178.203 197.587 0 
630 178.203 197.587 0 
631 174.065 400.338 0 
632 182.34 85.8674 0 
633 178.203 197.587 0 
634 178.203 197.587 0 
635 178.203 197.587 0 
636 178.203 197.587 0 
637 178.203 197.587 0 
638 178.203 197.587 0 
639 178.203 197.587 0 
640 178.203 197.587 0 
641 178.203 197.587 0 
642 178.203 197.587 0 
643 178.203 197.587 0 
644 178.203 197.587 0 
645 178.203 197.587 0 
646 178.203 197.587 0 
647 178.203 197.587 0 
648 178.203 197.587 0 
649 178.203 197.587 0 
650 178.203 197.587 0 
651 178.203 197.587 0 
652 178.203 197.587 0 
653 178.203 197.587 0 
654 178.203 197.587 0 
655 178.203 197.587 0 
656 178.203 197.587 0 
657 178.203 197.587 0 
658 178.203 197.587 0 
659 178.203 197.587 0 
660 178.203 197.587 0 
661 178.203 197.587 0 
662 178.203 197.587 0 
663 178.203 197.587 0 
664 178.203 197.587 0 
665 178.203 197.587 0 
666 178.203 197.587 0 
667 178.203 197.587 0 
668 178.203 197.587 0 
669 178.203 197.587 0 
670 182.34 400.338 0 
671 190.616 85.8674 0 
672 178.203 197.587 0 
673 178.203 197.587 0 
674 178.203 197.587 0 
675 178.203 197.587 0 
676 178.203 197.587 0 
677 178.203 197.587 0 
678 178.203 197.587 0 
679 178.203 197.587 0 
680 178.203 197.587 0 
681 178.203 197.587 0 
682 178.203 197.587 0 
683 178.203 197.587 0 
684 178.203 197.587 0 
685 178.203 197.587 0 
686 178.203 197.587 0 
687 178.203 197.587 0 
688 178.203 197.587 0 
689 178.203 197.587 0 
690 178.203 197.587 0 
691 178.203 197.587 0 
692 178.203 197.587 0 
693 178.203 197.587 0 
694 178.203 197.587 0 
695 178.203 197.587 0 
696 178.203 197.587 0 
697 178.203 197.587 0 
698 178.203 197.587 0 
699 178.203 197.587 0 
700 178.203 197.587 0 
701 178.203 197.587 0 
702 178.203 197.587 0 
703 178.203 197.587 0 
704 178.203 197.587 0 
705 178.203 197.587 0 
706 178.203 197.587 0 
707 178.203 197.587 0 
708 178.203 197.587 0 
709 190.616 400.338 0 
710 198.891 -5.16351 0 
711 198.891 3.11203 0 
712 198.891 11.3876 0 
713 198.891 19.6631 0 
714 198.891 27.9387 0 
715 198.891 36.2142 0 
716 198.891 44.4897 0 
717 198.891 52.7653 0 
718 198.891 61.0408 0 
719 198.891 69.3164 0 
720 198.891 77.5919 0 
721 198.891 85.8674 0 
722 178.203 197.587 0 
723 178.203 197.587 0 
724 178.203 197.587 0 
725 178.203 197.587 0 
726 178.203 197.587 0 
727 178.203 197.587 0 
728 178.203 197.587 0 
729 178.203 197.587 0 
730 178.203 197.587 0 
731 178.203 197.587 0 
732 178.203 197.587 0 
733 178.203 197.587 0 
734 178.203 197.587 0 
735 178.203 197.587 0 
736 178.203 197.587 0 
737 178.203 197.587 0 
738 178.203 197.587 0 
739 178.203 197.587 0 
740 178.203 197.587 0 
741 178.203 197.587 0 
742 178.203 197.587 0 
743 178.203 197.587 0 
744 178.203 197.587 0 
745 178.203 197.587 0 
746 178.203 197.587 0 
747 178.203 197.587 0 
748 178.203 197.587 0 
749 178.203 197.587 0 
750 178.203 197.587 0 
751 178.203 197.587 0 
752 178.203 197.587 0 
753 178.203 197.587 0 
754 178.203 197.587 0 
755 178.203 197.587 0 
756 178.203 197.587 0 
757 178.203 197.587 0 
758 178.203 197.587 0 
759 198.891 400.338 0 
760 207.167 -5.16351 0 
761 178.203 197.587 0 
762 178.203 197.587 0 
763 178.203 197.587 0 
764 178.203 197.587 0 
765 178.203 197.587 0 
766 178.203 197.587 0 
767 178.203 197.587 0 
768 178.203 197.587 0 
769 178.203 197.587 0 
770 178.203 197.587 0 
771 178.203 197.587 0 
772 178.203 197.587 0 
773 178.203 197.587 0 
774 178.203 197.587 0 
775 178.203 197.587 0 
776 178.203 197.587 0 
777 178.203 197.587 0 
778 178.203 197.587 0 
779 178.203 197.587 0 
780 178.203 197.587 0 
781 178.203 197.587 0 
782 178.203 197.587 0 
783 178.203 197.587 0 
784 178.203 197.587 0 
785 178.203 197.587 0 
786 178.203 197.587 0 
787 178.203 197.587 0 
788 178.203 197.587 0 
789 178.203 197.587 0 
790 178.203 197.587 0 
791 178.203 197.587 0 
792 178.203 197.587 0 
793 178.203 197.587 0 
794 178.203 197.587 0 
795 178.203 197.587 0 
796 178.203 197.587 0 
797 178.203 197.587 0 
798 178.203 197.587 0 
799 178.203 197.587 0 
800 178.203 197.587 0 
801 178.203 197.587 0 
802 178.203 197.587 0 
803 178.203 197.587 0 
804 178.203 197.587 0 
805 178.203 197.587 0 
806 178.203 197.587 0 
807 178.203 197.587 0 
808 178.203 197.587 0 
809 207.167 400.338 0 
810 215.442 -5.16351 0 
811 178.203 197.587 0 
812 178.203 197.587 0 
813 178.203 197.587 0 
814 178.203 197.587 0 
815 178.203 197.587 0 
816 178.203 197.587 0 
817 178.203 197.587 0 
818 178.203 197.587 0 
819 178.203 197.587 0 
820 178.203 197.587 0 
821 178.203 197.587 0 
822 178.203 197.587 0 
823 178.203 197.587 0 
824 178.203 197.587 0 
825 178.203 197.587 0 
826 178.203 197.587 0 
827 178.203 197.587 0 
828 178.203 197.587 0 
829 178.203 197.587 0 
830 178.203 197.587 0 
831 178.203 197.587 0 
832 178.203 197.587 0 
833 178.203 197.587 0 
834 178.203 197.587 0 
835 178.203 197.587 0 
836 178.203 197.587 0 
837 178.203 197.587 0 
838 178.203 197.587 0 
839 178.203 197.587 0 
840 178.203 197.587 0 
841 178.203 197.587 0 
842 178.203 197.587 0 
843 178.203 197.587 0 
844 178.203 197.587 0 
845 178.203 197.587 0 
846 178.203 197.587 0 
847 178.203 197.587 0 
848 178.203 197.587 0 
849 178.203 197.587 0 
850 178.203 197.587 0 
851 178.203 197.587 0 
852 178.203 197.587 0 
853 178.203 197.587 0 
854 178.203 197.587 0 
855 178.203 197.587 0 
856 178.203 197.587 0 
857 178.203 197.587 0 
858 178.203 197.587 0 
859 215.442 400.338 0 
860 223.718 -5.16351 0 
861 178.203 197.587 0 
862 178.203 197.587 0 
863 178.203 197.587 0 
864 178.203 197.587 0 
865 178.203 197.587 0 
866 178.203 197.587 0 
867 178.203 197.587 0 
868 178.203 197.587 0 
869 178.203 197.587 0 
870 178.203 197.587 0 
871 178.203 197.587 0 
872 178.203 197.587 0 
873 178.203 197.587 0 
874 178.203 197.587 0 
875 178.203 197.587 0 
876 178.203 197.587 0 
877 178.203 197.587 0 
878 178.203 197.587 0 
879 178.203 197.587 0 
880 178.203 197.587 0 
881 178.203 197.587 0 
882 178.203 197.587 0 
883 178.203 197.587 0 
884 178.203 197.587 0 
885 178.203 197.587 0 
886 178.203 197.587 0 
887 178.203 197.587 0 
888 178.203 197.587 0 
889 178.203 197.587 0 
890 178.203 197.587 0 
891 178.203 197.587 0 
892 178.203 197.587 0 
893 178.203 197.587 0 
894 178.203 197.587 0 
895 178.203 197.587 0 
896 178.203 197.587 0 
897 178.203 197.587 0 
898 178.203 197.587 0 
899 178.203 197.587 0 
900 178.203 197.587 0 
901 178.203 197.587 0 
902 178.203 197.587 0 
903 178.203 197.587 0 
904 178.203 197.587 0 
905 178.203 197.587 0 
906 178.203 197.587 0 
907 178.203 197.587 0 
908 178.203 197.587 0 
909 223.718 400.338 0 
910 231.993 -5.16351 0 
911 178.203 197.587 0 
912 178.203 197.587 0 
913 178.203 197.587 0 
914 178.203 197.587 0 
915 178.203 197.587 0 
916 178.203 197.587 0 
917 178.203 197.587 0 
918 178.203 197.587 0 
919 178.203 197.587 0 
920 178.203 197.587 0 
921 178.203 197.587 0 
922 178.203 197.587 0 
923 178.203 197.587 0 
924 178.203 197.587 0 
925 178.203 197.587 0 
926 178.203 197.587 0 
927 178.203 197.587 0 
928 178.203 197.587 0 
929 178.203 197.587 0 
930 178.203 197.587 0 
931 178.203 197.587 0 
932 178.203 197.587 0 
933 178.203 197.587 0 
934 178.203 197.587 0 
935 178.203 197.587 0 
936 178.203 197.587 0 
937 178.203 197.587 0 
938 178.203 197.587 0 
939 178.203 197.587 0 
940 178.203 197.587 0 
941 178.203 197.587 0 
942 178.203 197.587 0 
943 178.203 197.587 0 
944 178.203 197.587 0 
945 231.993 284.48 0 
946 231.993 292.756 0 
947 231.993 301.031 0 
948 231.993 309.307 0 
949 231.993 317.583 0 
950 231.993 325.858 0 
951 231.993 334.134 0 
952 231.993 342.409 0 
953 231.993 350.685 0 
954 231.993 358.96 0 
955 231.993 367.236 0 
956 231.993 375.511 0 
957 231.993 383.787 0 
958 231.993 392.062 0 
959 231.993 400.338 0 
960 240.269 -5.16351 0 
961 178.203 197.587 0 
962 178.203 197.587 0 
963 178.203 197.587 0 
964 178.203 197.587 0 
965 178.203 197.587 0 
966 178.203 197.587 0 
967 178.203 197.587 0 
968 178.203 197.587 0 
969 178.203 197.587 0 
970 178.203 197.587 0 
971 178.203 197.587 0 
972 178.203 197.587 0 
973 178.203 197.587 0 
974 178.203 197.587 0 
975 178.203 197.587 0 
976 178.203 197.587 0 
977 178.203 197.587 0 
978 178.203 197.587 0 
979 178.203 197.587 0 
980 178.203 197.587 0 
981 178.203 197.587 0 
982 178.203 197.587 0 
983 178.203 197.587 0 
984 178.203 197.587 0 
985 178.203 197.587 0 
986 178.203 197.587 0 
987 178.203 197.587 0 
988 178.203 197.587 0 
989 178.203 197.587 0 
990 178.203 197.587 0 
991 178.203 197.587 0 
992 178.203 197.587 0 
993 178.203 197.587 0 
994 178.203 197.587 0 
995 240.269 284.48 0 
996 248.544 -5.16351 0 
997 178.203 197.587 0 
998 178.203 197.587 0 
999 178.203 197.587 0 
1000 178.203 197.587 0 
1001 178.203 197.587 0 
1002 178.203 197.587 0 
1003 178.203 197.587 0 
1004 178.203 197.587 0 
1005 178.203 197.587 0 
1006 178.203 197.587 0 
1007 178.203 197.587 0 
1008 178.203 197.587 0 
1009 178.203 197.587 0 
1010 178.203 197.587 0 
1011 178.203 197.587 0 
1012 178.203 197.587 0 
1013 178.203 197.587 0 
1014 178.203 197.587 0 
1015 178.203 197.587 0 
1016 178.203 197.587 0 
1017 178.203 197.587 0 
1018 178.203 197.587 0 
1019 178.203 197.587 0 
1020 178.203 197.587 0 
1021 178.203 197.587 0 
1022 178.203 197.587 0 
1023 178.203 197.587 0 
1024 178.203 197.587 0 
1025 178.203 197.587 0 
1026 178.203 197.587 0 
1027 178.203 197.587 0 
1028 178.203 197.587 0 
1029 178.203 197.587 0 
1030 178.203 197.587 0 
1031 248.544 284.48 0 
1032 256.82 -5.16351 0 
1033 178.203 197.587 0 
1034 178.203 197.587 0 
1035 178.203 197.587 0 
1036 178.203 197.587 0 
1037 178.203 197.587 0 
1038 178.203 197.587 0 
1039 178.203 197.587 0 
1040 178.203 197.587 0 
1041 178.203 197.587 0 
1042 178.203 197.587 0 
1043 178.203 197.587 0 
1044 178.203 197.587 0 
1045 178.203 197.587 0 
1046 178.203 197.587 0 
1047 178.203 197.587 0 
1048 178.203 197.587 0 
1049 178.203 197.587 0 
1050 178.203 197.587 0 
1051 178.203 197.587 0 
1052 178.203 197.587 0 
1053 178.203 197.587 0 
1054 178.203 197.587 0 
1055 178.203 197.587 0 
1056 178.203 197.587 0 
1057 178.203 197.587 0 
1058 178.203 197.587 0 
1059 178.203 197.587 0 
1060 178.203 197.587 0 
1061 178.203 197.587 0 
1062 178.203 197.587 0 
1063 178.203 197.587 0 
1064 178.203 197.587 0 
1065 178.203 197.587 0 
1066 178.203 197.587 0 
1067 256.82 284.48 0 
1068 265.096 -5.16351 0 
1069 178.203 197.587 0 
1070 178.203 197.587 0 
1071 178.203 197.587 0 
1072 178.203 197.587 0 
1073 178.203 197.587 0 
1074 178.203 197.587 0 
1075 178.203 197.587 0 
1076 178.203 197.587 0 
1077 178.203 197.587 0 
1078 178.203 197.587 0 
1079 178.203 197.587 0 
1080 178.203 197.587 0 
1081 178.203 197.587 0 
1082 178.203 197.587 0 
1083 178.203 197.587 0 
1084 178.203 197.587 0 
1085 178.203 197.587 0 
1086 178.203 197.587 0 
1087 178.203 197.587 0 
1088 178.203 197.587 0 
1089 178.203 197.587 0 
1090 178.203 197.587 0 
1091 178.203 197.587 0 
1092 178.203 197.587 0 
1093 178.203 197.587 0 
1094 178.203 197.587 0 
1095 178.203 197.587 0 
1096 178.203 197.587 0 
1097 178.203 197.587 0 
1098 178.203 197.587 0 
1099 178.203 197.587 0 
1100 178.203 197.587 0 
1101 178.203 197.587 0 
1102 178.203 197.587 0 
1103 265.096 284.48 0 
1104 273.371 -5.16351 0 
1105 273.371 3.11203 0 
1106 273.371 11.3876 0 
1107 273.371 19.6631 0 
1108 273.371 27.9387 0 
1109 273.371 36.2142 0 
1110 273.371 44.4897 0 
1111 273.371 52.7653 0 
1112 273.371 61.0408 0 
1113 273.371 69.3164 0 
1114 273.371 77.5919 0 
1115 273.371 85.8674 0 
1116 273.371 94.143 0 
1117 273.371 102.419 0 
1118 273.371 110.694 0 
1119 273.371 118.97 0 
1120 273.371 127.245 0 
1121 273.371 135.521 0 
1122 273.371 143.796 0 
1123 273.371 152.072 0 
1124 273.371 160.347 0 
1125 273.371 168.623 0 
1126 273.371 176.898 0 
1127 273.371 185.174 0 
1128 273.371 193.449 0 
1129 273.371 201.725 0 
1130 178.203 197.587 0 
1131 178.203 197.587 0 
1132 178.203 197.587 0 
1133 178.203 197.587 0 
1134 178.203 197.587 0 
1135 178.203 197.587 0 
1136 178.203 197.587 0 
1137 178.203 197.587 0 
1138 178.203 197.587 0 
1139 273.371 284.48 0 
1140 281.647 201.725 0 
1141 178.203 197.587 0 
1142 178.203 197.587 0 
1143 178.203 197.587 0 
1144 178.203 197.587 0 
1145 178.203 197.587 0 
1146 178.203 197.587 0 
1147 178.203 197.587 0 
1148 178.203 197.587 0 
1149 178.203 197.587 0 
1150 281.647 284.48 0 
1151 289.922 201.725 0 
1152 178.203 197.587 0 
1153 178.203 197.587 0 
1154 178.203 197.587 0 
1155 178.203 197.587 0 
1156 178.203 197.587 0 
1157 178.203 197.587 0 
1158 178.203 197.587 0 
1159 178.203 197.587 0 
1160 178.203 197.587 0 
1161 289.922 284.48 0 
1162 298.198 201.725 0 
1163 178.203 197.587 0 
1164 178.203 197.587 0 
1165 178.203 197.587 0 
1166 178.203 197.587 0 
1167 178.203 197.587 0 
1168 178.203 197.587 0 
1169 178.203 197.587 0 
1170 178.203 197.587 0 
1171 178.203 197.587 0 
1172 298.198 284.48 0 
1173 306.473 201.725 0 
1174 178.203 197.587 0 
1175 178.203 197.587 0 
1176 178.203 197.587 0 
1177 178.203 197.587 0 
1178 178.203 197.587 0 
1179 178.203 197.587 0 
1180 178.203 197.587 0 
1181 178.203 197.587 0 
1182 178.203 197.587 0 
1183 306.473 284.48 0 
1184 314.749 201.725 0 
1185 178.203 197.587 0 
1186 178.203 197.587 0 
1187 178.203 197.587 0 
1188 178.203 197.587 0 
1189 178.203 197.587 0 
1190 178.203 197.587 0 
1191 178.203 197.587 0 
1192 178.203 197.587 0 
1193 178.203 197.587 0 
1194 314.749 284.48 0 
1195 323.024 201.725 0 
1196 178.203 197.587 0 
1197 178.203 197.587 0 
1198 178.203 197.587 0 
1199 178.203 197.587 0 
1200 178.203 197.587 0 
1201 178.203 197.587 0 
1202 178.203 197.587 0 
1203 178.203 197.587 0 
1204 178.203 197.587 0 
1205 323.024 284.48 0 
1206 331.3 201.725 0 
1207 178.203 197.587 0 
1208 178.203 197.587 0 
1209 178.203 197.587 0 
1210 178.203 197.587 0 
1211 178.203 197.587 0 
1212 178.203 197.587 0 
1213 178.203 197.587 0 
1214 178.203 197.587 0 
1215 178.203 197.587 0 
1216 331.3 284.48 0 
1217 339.576 201.725 0 
1218 178.203 197.587 0 
1219 178.203 197.587 0 
1220 178.203 197.587 0 
1221 178.203 197.587 0 
1222 178.203 197.587 0 
1223 178.203 197.587 0 
1224 178.203 197.587 0 
1225 178.203 197.587 0 
1226 178.203 197.587 0 
1227 339.576 284.48 0 
1228 347.851 201.725 0 
1229 178.203 197.587 0 
1230 178.203 197.587 0 
1231 178.203 197.587 0 
1232 178.203 197.587 0 
1233 178.203 197.587 0 
1234 178.203 197.587 0 
1235 178.203 197.587 0 
1236 178.203 197.587 0 
1237 178.203 197.587 0 
1238 347.851 284.48 0 
1239 356.127 201.725 0 
1240 356.127 210.001 0 
1241 356.127 218.276 0 
1242 356.127 226.552 0 
1243 356.127 234.827 0 
1244 356.127 243.103 0 
1245 356.127 251.378 0 
1246 356.127 259.654 0 
1247 356.127 267.929 0 
1248 356.127 276.205 0 
1249 356.127 284.48 0 
