0 0.278314 201.725 0 
1 0.278314 210.001 0 
2 0.278314 218.276 0 
3 0.278314 226.552 0 
4 0.278314 234.827 0 
5 0.278314 243.103 0 
6 0.278314 251.378 0 
7 0.278314 259.654 0 
8 0.278314 267.929 0 
9 0.278314 276.205 0 
10 0.278314 284.48 0 
11 8.55385 201.725 0 
12 10.7189 214.001 0 
13 5.10071 214.327 0 
14 12.1287 223.602 0 
15 9.94298 242.672 0 
16 0.28193 249.091 0 
17 18.1814 248.565 0 
18 -11.4533 250.725 0 
19 6.48679 273.505 0 
20 23.4908 270.533 0 
21 8.55385 284.48 0 
22 16.8294 201.725 0 
23 19.359 200.92 0 
24 14.297 213.414 0 
25 15.5472 233.365 0 
26 15.494 217.428 0 
27 6.11492 249.205 0 
28 19.2836 269.104 0 
29 29.0226 258.162 0 
30 19.9134 258.366 0 
31 15.4468 264.257 0 
32 16.8294 284.48 0 
33 25.1049 201.725 0 
34 16.0388 210.131 0 
35 25.8457 234.097 0 
36 30.0828 209.692 0 
37 20.58 232.171 0 
38 40.1821 236.657 0 
39 28.4574 268.428 0 
40 24.1854 256.838 0 
41 4.129 253.773 0 
42 23.8199 267.826 0 
43 25.1049 284.48 0 
44 33.3805 201.725 0 
45 27.7696 204.538 0 
46 35.3564 228.207 0 
47 40.3116 210.557 0 
48 34.0631 232.214 0 
49 49.1841 240.564 0 
50 39.8998 239.853 0 
51 38.9017 270.105 0 
52 44.6199 272.846 0 
53 36.8223 290.007 0 
54 33.3805 284.48 0 
55 41.656 201.725 0 
56 28.0364 212.026 0 
57 41.6769 226.804 0 
58 51.9365 222.645 0 
59 40.3437 238.456 0 
60 43.0079 248.07 0 
61 34.3266 256.386 0 
62 40.6011 242.259 0 
63 49.5926 267.905 0 
64 56.5644 270.512 0 
65 41.656 284.48 0 
66 49.9316 201.725 0 
67 65.653 205.77 0 
68 66.0668 226.21 0 
69 57.2868 234.048 0 
70 41.8868 226.297 0 
71 41.9329 235.511 0 
72 38.768 247.968 0 
73 53.2133 252.195 0 
74 37.1357 277.781 0 
75 36.8847 279.489 0 
76 49.9316 284.48 0 
77 58.2071 201.725 0 
78 56.7701 202.961 0 
79 56.4767 222.874 0 
80 41.3221 218.314 0 
81 53.0491 231.641 0 
82 51.7552 247.422 0 
83 47.7948 249.475 0 
84 51.044 250.031 0 
85 46.8582 267.682 0 
86 71.839 284.779 0 
87 58.2071 284.48 0 
88 66.4826 201.725 0 
89 66.4761 219.825 0 
90 54.4117 214.342 0 
91 66.8762 206.677 0 
92 65.3159 225.112 0 
93 68.181 241.196 0 
94 80.8584 254.781 0 
95 79.689 232.861 0 
96 54.8923 262.844 0 
97 61.1841 270.661 0 
98 66.4826 284.48 0 
99 74.7582 201.725 0 
100 64.1519 214.445 0 
101 72.0896 221.683 0 
102 77.3017 209.083 0 
103 80.6595 246.504 0 
104 88.093 250.195 0 
105 71.5808 260.07 0 
106 64.9447 253.502 0 
107 73.7776 256.389 0 
108 65.5118 275.196 0 
109 74.7582 284.48 0 
110 83.0337 201.725 0 
111 74.6237 200.586 0 
112 77.8768 204.541 0 
113 75.2862 220.039 0 
114 90.3837 231.768 0 
115 84.8388 238.701 0 
116 85.5894 242.042 0 
117 75.4666 274.643 0 
118 77.2721 271.445 0 
119 76.0963 270.246 0 
120 83.0337 284.48 0 
121 91.3093 -5.16351 0 
122 91.3093 3.11203 0 
123 91.3093 11.3876 0 
124 91.3093 19.6631 0 
125 91.3093 27.9387 0 
126 91.3093 36.2142 0 
127 91.3093 44.4897 0 
128 91.3093 52.7653 0 
129 91.3093 61.0408 0 
130 91.3093 69.3164 0 
131 91.3093 77.5919 0 
132 91.3093 85.8674 0 
133 91.3093 94.143 0 
134 91.3093 102.419 0 
135 91.3093 110.694 0 
136 91.3093 118.97 0 
137 91.3093 127.245 0 
138 91.3093 135.521 0 
139 91.3093 143.796 0 
140 91.3093 152.072 0 
141 91.3093 160.347 0 
142 91.3093 168.623 0 
143 91.3093 176.898 0 
144 91.3093 185.174 0 
145 91.3093 193.449 0 
146 91.3093 201.725 0 
147 94.0737 209.304 0 
148 90.504 228.642 0 
149 94.872 229.553 0 
150 86.9434 242.756 0 
151 63.4297 233.992 0 
152 94.0595 256.372 0 
153 74.335 258.677 0 
154 109.498 281.826 0 
155 71.8594 284.225 0 
156 91.3093 284.48 0 
157 99.5848 -5.16351 0 
158 98.8635 -0.325269 0 
159 84.6887 21.5449 0 
160 109.182 18.0265 0 
161 95.2791 24.6279 0 
162 110.059 43.8877 0 
163 102.491 47.4761 0 
164 87.1144 44.4457 0 
165 116.567 51.6343 0 
166 105.096 70.0156 0 
167 117.501 75.0759 0 
168 98.4849 81.9385 0 
169 108.768 102.967 0 
170 104.833 89.2004 0 
171 106.255 110.553 0 
172 105.244 124.061 0 
173 99.8339 109.878 0 
174 105.186 138.924 0 
175 116.019 147.112 0 
176 101.376 155.223 0 
177 83.1579 174.043 0 
178 100.888 155.412 0 
179 99.5067 177.064 0 
180 97.813 183.636 0 
181 107.781 193.865 0 
182 101.977 213.966 0 
183 83.6484 205.26 0 
184 109.571 198.31 0 
185 95.9841 213.928 0 
186 110.791 212.97 0 
187 85.5095 237.153 0 
188 97.8806 255.254 0 
189 108.086 266.697 0 
190 93.4623 267.75 0 
191 94.3528 268.038 0 
192 99.5848 284.48 0 
193 107.86 -5.16351 0 
194 106.058 3.69725 0 
195 100.854 6.14912 0 
196 108.382 29.0189 0 
197 104.487 27.616 0 
198 97.5857 40.9607 0 
199 121.824 58.554 0 
200 104.902 56.0884 0 
201 111.594 58.3527 0 
202 106.798 60.1587 0 
203 109.564 66.7018 0 
204 106.766 80.0486 0 
205 105.695 83.5884 0 
206 107.82 107.002 0 
207 109.734 120.883 0 
208 118.296 116.115 0 
209 114.924 117.715 0 
210 114.373 131.25 0 
211 93.5057 140.977 0 
212 90.8355 145.752 0 
213 114.247 159.598 0 
214 113.5 166.648 0 
215 101.162 184.325 0 
216 106.493 190.14 0 
217 118.136 204.172 0 
218 97.7568 197.78 0 
219 112.102 213.27 0 
220 116.048 218.253 0 
221 117.127 244.15 0 
222 118.727 228.868 0 
223 110.839 252.309 0 
224 96.2532 247.533 0 
225 100.311 250.131 0 
226 99.6246 280.824 0 
227 107.551 283.124 0 
228 107.86 284.48 0 
229 107.86 292.756 0 
230 107.86 301.031 0 
231 107.86 309.307 0 
232 107.86 317.583 0 
233 107.86 325.858 0 
234 107.86 334.134 0 
235 107.86 342.409 0 
236 107.86 350.685 0 
237 107.86 358.96 0 
238 107.86 367.236 0 
239 107.86 375.511 0 
240 107.86 383.787 0 
241 107.86 392.062 0 
242 107.86 400.338 0 
243 116.136 -5.16351 0 
244 116.592 0.6064 0 
245 113.649 4.34138 0 
246 104.778 25.3163 0 
247 116.341 26.5879 0 
248 116.214 41.007 0 
249 114.198 43.7603 0 
250 116.852 57.1344 0 
251 123.722 53.0126 0 
252 114.575 69.2874 0 
253 114.408 76.6429 0 
254 126.928 66.4135 0 
255 98.4441 92.735 0 
256 115.861 101.176 0 
257 137.145 109.505 0 
258 103.617 101.274 0 
259 137.626 115.503 0 
260 133.639 134.509 0 
261 111.895 129.684 0 
262 134.192 149.97 0 
263 114.969 150.272 0 
264 119.492 177.027 0 
265 114.437 159.472 0 
266 129.741 177.482 0 
267 99.4629 187.312 0 
268 110.731 201.797 0 
269 118.284 209.457 0 
270 127.713 222.211 0 
271 124.765 219.874 0 
272 122.631 222.534 0 
273 123.862 253.972 0 
274 117.08 257.194 0 
275 119.705 275.59 0 
276 95.3819 274.153 0 
277 114.589 281.034 0 
278 137.605 266.151 0 
279 126.489 283.291 0 
280 127.7 307.214 0 
281 118.367 320.35 0 
282 98.4907 314.588 0 
283 111.015 331.748 0 
284 131.77 345.364 0 
285 112.238 339.645 0 
286 116.874 360.557 0 
287 121.189 349.922 0 
288 121.6 360.673 0 
289 119.463 371.236 0 
290 111.207 384.23 0 
291 118.397 392.955 0 
292 116.136 400.338 0 
293 124.411 -5.16351 0 
294 128.598 -5.50854 0 
295 111.645 16.4206 0 
296 113.709 25.255 0 
297 109.378 34.1521 0 
298 105.975 41.8496 0 
299 121.378 34.7307 0 
300 116.255 54.2393 0 
301 117.061 45.0838 0 
302 103.493 59.8858 0 
303 134.098 72.0295 0 
304 130.988 79.7441 0 
305 109.902 93.3453 0 
306 136.46 118.481 0 
307 122.86 118.936 0 
308 139.768 114.159 0 
309 133.958 129.793 0 
310 126.839 136.932 0 
311 126.646 137.194 0 
312 121.533 148.596 0 
313 123.54 155.005 0 
314 128.593 160.114 0 
315 135.614 165.094 0 
316 131.761 191.775 0 
317 117.537 172.424 0 
318 128.173 201.878 0 
319 131.438 205.053 0 
320 128.189 208.794 0 
321 132.597 230.018 0 
322 135.907 236.89 0 
323 125.033 234.741 0 
324 138.946 252.783 0 
325 108.845 261.833 0 
326 125.667 260.945 0 
327 118.047 286.116 0 
328 103.625 277.556 0 
329 124.464 297.892 0 
330 128.682 309.059 0 
331 129.33 301.808 0 
332 140.17 331.175 0 
333 120.949 328.734 0 
334 123.066 318.491 0 
335 132.581 348.262 0 
336 125.191 356.973 0 
337 141.875 360.161 0 
338 130.345 369.488 0 
339 125.918 379.75 0 
340 124.461 393.763 0 
341 124.358 409.411 0 
342 124.411 400.338 0 
343 132.687 -5.16351 0 
344 147.672 11.3072 0 
345 121.977 18.9538 0 
346 138.556 21.8348 0 
347 115.753 31.999 0 
348 124.524 49.5221 0 
349 133.543 37.0861 0 
350 128.885 53.4044 0 
351 128.627 72.0751 0 
352 126.897 67.1376 0 
353 131.708 80.4412 0 
354 123.717 84.208 0 
355 132.181 95.0542 0 
356 133.107 88.2908 0 
357 158.957 101.945 0 
358 128.621 114.993 0 
359 127.279 121.909 0 
360 148.697 119.513 0 
361 150.913 141.953 0 
362 125.725 151.234 0 
363 131.645 158.337 0 
364 137.691 174.876 0 
365 135.474 175.01 0 
366 122.285 192.891 0 
367 127.929 178.167 0 
368 113.647 199.772 0 
369 142.204 208.643 0 
370 117.8 214.519 0 
371 111.607 223.541 0 
372 133.484 227.692 0 
373 160.248 240.617 0 
374 131.914 267.446 0 
375 137.942 244.338 0 
376 131.873 270.327 0 
377 132.638 279.367 0 
378 131.51 301.646 0 
379 129.353 303.83 0 
380 124.28 309.302 0 
381 117.419 297.399 0 
382 117.218 324.637 0 
383 129.664 318.245 0 
384 147.98 334.603 0 
385 145.356 350.494 0 
386 129.804 357.533 0 
387 133.492 350.634 0 
388 124.805 372.572 0 
389 152.373 386.271 0 
390 124.047 369.721 0 
391 128.833 387.313 0 
392 132.687 400.338 0 
393 140.962 -5.16351 0 
394 127.755 13.1644 0 
395 138.775 30.1339 0 
396 126.668 7.4517 0 
397 156.066 23.8896 0 
398 165.9 44.5869 0 
399 148.03 60.2006 0 
400 133.498 41.0829 0 
401 150.115 58.3803 0 
402 144.051 64.1879 0 
403 153.327 87.1597 0 
404 130.105 92.3509 0 
405 131.498 89.2476 0 
406 144.841 98.9724 0 
407 141.058 97.1191 0 
408 149.564 121.668 0 
409 153.525 130.524 0 
410 120.605 114.861 0 
411 164.721 142.805 0 
412 133.972 179.015 0 
413 160.143 165.999 0 
414 130.177 157.739 0 
415 146.926 186.178 0 
416 147.284 173.644 0 
417 142.243 192.674 0 
418 126.247 214.492 0 
419 145.044 225.882 0 
420 133.425 222.555 0 
421 147.211 234.087 0 
422 145.454 232.661 0 
423 146.337 257.66 0 
424 135.935 253.475 0 
425 141.334 261.688 0 
426 128.778 262.569 0 
427 150.162 272.565 0 
428 141.19 283.471 0 
429 135.092 295.598 0 
430 136.945 314.365 0 
431 148.466 295.53 0 
432 152.456 318.282 0 
433 139.141 320.989 0 
434 150.889 347.427 0 
435 135.683 342.883 0 
436 145.812 347.112 0 
437 137.498 361.686 0 
438 120.654 366.406 0 
439 142.827 366.845 0 
440 152.373 402.988 0 
441 132.331 399.839 0 
442 140.962 400.338 0 
443 149.238 -5.16351 0 
444 128.212 -21.8185 0 
445 147.147 15.6824 0 
446 151.881 14.0486 0 
447 157.284 23.3622 0 
448 138.376 26.9706 0 
449 150.275 30.2107 0 
450 157.557 52.3972 0 
451 138.83 74.6521 0 
452 166.288 67.4174 0 
453 152.092 89.1927 0 
454 144.615 80.8869 0 
455 172.774 85.1931 0 
456 152.379 119.778 0 
457 150.499 116.23 0 
458 158.778 111.784 0 
459 132.622 113.339 0 
460 167.584 137.873 0 
461 145.493 151.455 0 
462 144.51 152.838 0 
463 156.896 145.212 0 
464 149.235 168.948 0 
465 178.16 164.833 0 
466 144.04 186.261 0 
467 141.296 182.964 0 
468 149.292 190.123 0 
469 149.826 194.928 0 
470 149.546 210.804 0 
471 150.808 223.404 0 
472 149.022 220.949 0 
473 149.657 259.391 0 
474 147.91 243.602 0 
475 158.329 265.601 0 
476 140.869 255.94 0 
477 156.06 278.15 0 
478 149.853 290.976 0 
479 160.855 298.155 0 
480 135.59 295.775 0 
481 129.213 316.872 0 
482 145.406 325.939 0 
483 148.066 319.725 0 
484 161.362 335.385 0 
485 146.767 325.252 0 
486 158.083 343.748 0 
487 145.565 358.685 0 
488 142.425 358.654 0 
489 151.017 377.066 0 
490 153.691 375.846 0 
491 141.509 379.918 0 
492 149.238 400.338 0 
493 157.514 -5.16351 0 
494 151.351 -0.943515 0 
495 149.547 3.12007 0 
496 147.954 26.1981 0 
497 130.07 37.8469 0 
498 164.787 21.2155 0 
499 137.049 52.7183 0 
500 163.191 29.9323 0 
501 153.086 47.8118 0 
502 159.333 68.4318 0 
503 153.042 85.416 0 
504 167.161 88.225 0 
505 156.663 91.2953 0 
506 144.943 103.982 0 
507 157.509 125.295 0 
508 147.493 106.476 0 
509 148.55 129.928 0 
510 160.383 123.375 0 
511 141.076 150.105 0 
512 143.019 175.092 0 
513 154.5 168.582 0 
514 157.843 164.838 0 
515 169.861 174.358 0 
516 158.788 182.616 0 
517 148.513 207.476 0 
518 173.356 201.69 0 
519 143.028 209.589 0 
520 156.606 221.677 0 
521 147.129 228.522 0 
522 159.244 238.891 0 
523 159.815 242.571 0 
524 157.125 240.887 0 
525 141.411 265.543 0 
526 174.645 259.697 0 
527 150.216 269.384 0 
528 159.43 270.898 0 
529 140.897 319.031 0 
530 151.519 297.463 0 
531 147.155 310.9 0 
532 166.601 325.307 0 
533 163.354 324.432 0 
534 149.876 330.62 0 
535 161.176 356.427 0 
536 150.286 344.951 0 
537 145.944 353.933 0 
538 139.856 376.439 0 
539 152.142 373.216 0 
540 173.936 390.179 0 
541 175.336 381.492 0 
542 157.514 400.338 0 
543 165.789 -5.16351 0 
544 165.789 3.11203 0 
545 165.789 11.3876 0 
546 165.789 19.6631 0 
547 165.789 27.9387 0 
548 165.789 36.2142 0 
549 165.789 44.4897 0 
550 165.789 52.7653 0 
551 165.789 61.0408 0 
552 165.789 69.3164 0 
553 165.789 77.5919 0 
554 165.789 85.8674 0 
555 167.799 102.776 0 
556 159.542 100.76 0 
557 165.747 126.893 0 
558 153.55 85.842 0 
559 171.948 156.205 0 
560 166.234 122.446 0 
561 172.032 149.548 0 
562 141.916 135.17 0 
563 147.362 144.599 0 
564 165.752 174.404 0 
565 169.707 176.136 0 
566 166.179 193.119 0 
567 166.297 181.361 0 
568 171.721 189.21 0 
569 145.34 216.09 0 
570 174.052 227.773 0 
571 174.961 227.518 0 
572 178.309 226.117 0 
573 176.137 239.07 0 
574 157.36 266.517 0 
575 153.319 247.161 0 
576 164.52 281.736 0 
577 150.029 273.939 0 
578 157.389 273.738 0 
579 163.573 287.801 0 
580 183.279 315.123 0 
581 178.485 310.763 0 
582 159.695 309.451 0 
583 168.618 324.053 0 
584 146.187 328.057 0 
585 167.303 342.795 0 
586 150.185 359.866 0 
587 170.195 366.926 0 
588 165.196 355.008 0 
589 171.935 360.94 0 
590 159.497 389.56 0 
591 170.738 393.628 0 
592 165.789 400.338 0 
593 174.065 85.8674 0 
594 183.16 99.5238 0 
595 151.786 93.4966 0 
596 175.725 119.535 0 
597 177.534 113.774 0 
598 156.179 135.93 0 
599 172.413 131.963 0 
600 175.424 147.893 0 
601 182.35 160.784 0 
602 179.966 167.935 0 
603 157.028 176.277 0 
604 160.003 182.588 0 
605 171.111 193.169 0 
606 169.046 192.625 0 
607 163.907 197.651 0 
608 184.45 197.901 0 
609 171.556 222.009 0 
610 165.505 243.491 0 
611 171.025 220.184 0 
612 177.764 225.295 0 
613 175.855 255.197 0 
614 185.459 256.642 0 
615 188.993 253.908 0 
616 199.987 284.486 0 
617 173.231 283.313 0 
618 162.554 281.929 0 
619 166.558 291.818 0 
620 171.842 314.883 0 
621 182.734 311.106 0 
622 184.463 312.97 0 
623 180.394 330.469 0 
624 165.535 338.5 0 
625 175.072 341.795 0 
626 171.602 368.81 0 
627 187.77 365.948 0 
628 169.347 376.312 0 
629 173.605 379.368 0 
630 171.176 382.271 0 
631 174.065 400.338 0 
632 182.34 85.8674 0 
633 187.477 98.5075 0 
634 175.649 107.01 0 
635 185.791 110.662 0 
636 190.534 133.387 0 
637 189.883 117.259 0 
638 179.878 151.132 0 
639 196.745 140.869 0 
640 186.757 150.362 0 
641 192.827 171.014 0 
642 193.111 172.03 0 
643 177.352 175.614 0 
644 184.165 188.391 0 
645 170.656 212.861 0 
646 172.819 193.882 0 
647 185.02 203.716 0 
648 187.621 232.189 0 
649 171.055 208.257 0 
650 190.947 257.209 0 
651 168.174 222.186 0 
652 182.426 254.046 0 
653 182.26 256.698 0 
654 180.164 275.719 0 
655 177.963 262.574 0 
656 185.211 281.332 0 
657 190.404 297.048 0 
658 167.899 287.63 0 
659 189.095 327.393 0 
660 183.379 300.988 0 
661 180.603 327.64 0 
662 173.433 340.991 0 
663 195.675 346.08 0 
664 193.01 343.169 0 
665 190.077 361.038 0 
666 205.19 384.06 0 
667 183.877 380.676 0 
668 174.717 410.762 0 
669 177.021 414.515 0 
670 182.34 400.338 0 
671 190.616 85.8674 0 
672 190.746 69.9523 0 
673 174.8 90.3271 0 
674 176.139 109.469 0 
675 185.323 122.424 0 
676 176.505 139.367 0 
677 180.644 116.12 0 
678 189.246 141.397 0 
679 205.719 141.494 0 
680 208.152 157.238 0 
681 205.761 176.982 0 
682 196.722 163.428 0 
683 207.175 188.011 0 
684 178.777 195.915 0 
685 182.136 203.145 0 
686 193.566 213.039 0 
687 181.814 213.205 0 
688 196.444 231.991 0 
689 188.989 246.576 0 
690 189.024 239.504 0 
691 195.536 248.549 0 
692 190.545 261.746 0 
693 196.089 267.152 0 
694 198.988 282.546 0 
695 171.653 283.189 0 
696 205.009 289.888 0 
697 183.236 305.052 0 
698 198.605 285.598 0 
699 181.896 311.277 0 
700 177.702 321.725 0 
701 198.36 327.924 0 
702 187.428 344.453 0 
703 195.417 353.25 0 
704 186.21 347.801 0 
705 190.148 377.868 0 
706 187.623 372.537 0 
707 179.418 376.386 0 
708 199.223 393.124 0 
709 190.616 400.338 0 
710 198.891 -5.16351 0 
711 198.891 3.11203 0 
712 198.891 11.3876 0 
713 198.891 19.6631 0 
714 198.891 27.9387 0 
715 198.891 36.2142 0 
716 198.891 44.4897 0 
717 198.891 52.7653 0 
718 198.891 61.0408 0 
719 198.891 69.3164 0 
720 198.891 77.5919 0 
721 198.891 85.8674 0 
722 189.343 90.8829 0 
723 209.31 98.5481 0 
724 200.219 117.212 0 
725 196.39 126.249 0 
726 196.639 122.756 0 
727 203.731 113.593 0 
728 205.411 139.381 0 
729 214.615 152.955 0 
730 184.549 147.361 0 
731 202.471 169.81 0 
732 199.697 189.071 0 
733 212.418 183.566 0 
734 198.291 180.426 0 
735 188.603 185.648 0 
736 206.201 205.928 0 
737 202.481 216.388 0 
738 203.325 223.813 0 
739 194.814 226.031 0 
740 199.955 252.049 0 
741 191.605 241.481 0 
742 197.452 259.608 0 
743 201.275 260.077 0 
744 201.26 287.581 0 
745 214.302 276.829 0 
746 199.485 302.509 0 
747 194.281 296.908 0 
748 210.167 304.057 0 
749 203.995 322.71 0 
750 192.099 318.458 0 
751 200.627 346.784 0 
752 195.462 335.921 0 
753 208.25 346.323 0 
754 186.663 365.568 0 
755 196.977 361.27 0 
756 190.42 363.352 0 
757 191.653 381.838 0 
758 186.197 403.47 0 
759 198.891 400.338 0 
760 207.167 -5.16351 0 
761 208.434 1.47111 0 
762 207.609 10.091 0 
763 213.967 33.0659 0 
764 208.038 44.9026 0 
765 209.605 13.271 0 
766 209.436 51.494 0 
767 197.219 59.4169 0 
768 205.859 62.0103 0 
769 221.836 41.0587 0 
770 212.52 85.0341 0 
771 190.208 69.6154 0 
772 207.618 81.1688 0 
773 224.285 111.466 0 
774 229.249 109.613 0 
775 209.815 109.966 0 
776 202.033 116.334 0 
777 215.7 138.348 0 
778 209.763 133.698 0 
779 215.474 146.355 0 
780 204.388 163.059 0 
781 204.301 147.874 0 
782 216.502 168.567 0 
783 217.301 172.585 0 
784 195.16 187.648 0 
785 204.506 206.165 0 
786 211.23 220.789 0 
787 220.545 224.063 0 
788 211.751 212.041 0 
789 173.345 220.46 0 
790 227.775 255.114 0 
791 206.009 244.752 0 
792 204.758 252.617 0 
793 203.703 279.629 0 
794 208.08 285.258 0 
795 218.727 269.54 0 
796 197.341 294.072 0 
797 226.092 298.771 0 
798 206.307 326.167 0 
799 203.684 307.913 0 
800 200.135 323.427 0 
801 198.564 336.822 0 
802 208.01 352.177 0 
803 212.66 349.499 0 
804 212.236 366.848 0 
805 208.471 382.493 0 
806 199.693 379.494 0 
807 210.538 383.72 0 
808 193.806 380.501 0 
809 207.167 400.338 0 
810 215.442 -5.16351 0 
811 211.119 11.3976 0 
812 209.562 6.36701 0 
813 209.458 27.2619 0 
814 213.356 23.2401 0 
815 234.691 33.3264 0 
816 225.142 51.7602 0 
817 227.184 42.5455 0 
818 215.147 51.7158 0 
819 207.561 63.5286 0 
820 216.709 69.972 0 
821 225.331 79.3713 0 
822 215.047 90.0047 0 
823 209.528 105.383 0 
824 195.167 124.44 0 
825 236.417 110.634 0 
826 198.897 134.774 0 
827 208.042 139.531 0 
828 217.148 152.816 0 
829 212.451 184.554 0 
830 218.016 147.343 0 
831 203.175 161.191 0 
832 214.89 183.135 0 
833 219.118 177.742 0 
834 220.834 190.779 0 
835 218.056 211.533 0 
836 205.121 219.443 0 
837 225.421 216.781 0 
838 210.107 235.735 0 
839 205.452 225.812 0 
840 215.925 238.426 0 
841 202.058 254.044 0 
842 219.377 256.329 0 
843 216.969 275.13 0 
844 218.272 291.556 0 
845 217.869 273.718 0 
846 216.223 308.927 0 
847 219.517 298.251 0 
848 221.196 311.895 0 
849 220.952 322.778 0 
850 230.079 303.323 0 
851 227.314 337 0 
852 227.602 350.698 0 
853 206.685 355.323 0 
854 232.9 347.757 0 
855 229.59 380.375 0 
856 204.659 380.873 0 
857 219.589 396.073 0 
858 211.867 400.18 0 
859 215.442 400.338 0 
860 223.718 -5.16351 0 
861 217.826 13.5827 0 
862 222.196 3.5166 0 
863 208.22 9.98332 0 
864 225.424 32.2794 0 
865 214.862 37.0984 0 
866 225.318 43.1961 0 
867 228.587 51.8679 0 
868 242.469 62.0057 0 
869 220.907 60.8207 0 
870 228.119 52.4884 0 
871 224.265 96.6897 0 
872 231.121 97.4747 0 
873 213.559 105.133 0 
874 235.843 121.182 0 
875 213.677 108.17 0 
876 216.714 123.533 0 
877 225.02 149.862 0 
878 202.269 144.713 0 
879 223.775 175.662 0 
880 224.304 146.58 0 
881 225.975 161.493 0 
882 229.341 176.522 0 
883 221.404 198.7 0 
884 238.949 204.065 0 
885 222.058 207.87 0 
886 225.289 210.824 0 
887 234.123 224.196 0 
888 217.284 237.43 0 
889 205.824 229.581 0 
890 243.973 253.956 0 
891 226.939 244.412 0 
892 226.762 247.176 0 
893 223.478 266.919 0 
894 234.609 286.687 0 
895 222.12 276.079 0 
896 242.885 300.453 0 
897 214.869 296.632 0 
898 229.626 320.434 0 
899 226.105 313.153 0 
900 219.581 321.723 0 
901 238.843 338.451 0 
902 231.056 349.216 0 
903 221.682 357.947 0 
904 220.048 361.497 0 
905 215.659 362.763 0 
906 227.011 373.596 0 
907 222.807 375.405 0 
908 228.246 393.496 0 
909 223.718 400.338 0 
910 231.993 -5.16351 0 
911 250.547 5.86472 0 
912 242.03 2.7149 0 
913 226.375 15.3413 0 
914 245.264 15.8735 0 
915 220.801 19.7101 0 
916 231.357 60.3688 0 
917 223.461 52.9114 0 
918 216.815 48.0194 0 
919 242.729 71.7867 0 
920 217.085 70.6588 0 
921 230.998 71.9151 0 
922 223.695 79.2454 0 
923 245.82 105.652 0 
924 227.659 96.161 0 
925 226.348 129.471 0 
926 234.534 125.518 0 
927 235.72 149.731 0 
928 241.331 160.173 0 
929 233.436 145.107 0 
930 223.906 174.661 0 
931 243.694 166.253 0 
932 230.255 160.945 0 
933 224.365 183.337 0 
934 233.199 198.052 0 
935 233.163 214.48 0 
936 236.963 220.13 0 
937 246.416 215.928 0 
938 228.049 231.348 0 
939 232.641 244.643 0 
940 225.645 244.965 0 
941 235.376 274.288 0 
942 235.207 270.226 0 
943 229.971 259.731 0 
944 230.936 278.026 0 
945 231.993 284.48 0 
946 231.993 292.756 0 
947 231.993 301.031 0 
948 231.993 309.307 0 
949 231.993 317.583 0 
950 231.993 325.858 0 
951 231.993 334.134 0 
952 231.993 342.409 0 
953 231.993 350.685 0 
954 231.993 358.96 0 
955 231.993 367.236 0 
956 231.993 375.511 0 
957 231.993 383.787 0 
958 231.993 392.062 0 
959 231.993 400.338 0 
960 240.269 -5.16351 0 
961 250.059 0.242991 0 
962 239.237 -3.51286 0 
963 248.17 18.3206 0 
964 239.973 23.1352 0 
965 254.26 38.1289 0 
966 252.054 43.3729 0 
967 248.704 48.3598 0 
968 229.504 64.9063 0 
969 239.448 80.099 0 
970 236.526 83.0989 0 
971 246.483 77.9766 0 
972 245.64 85.4844 0 
973 235.066 108.025 0 
974 245.88 105.922 0 
975 232.429 124.954 0 
976 232.124 129.913 0 
977 246.276 129.378 0 
978 247.711 137.129 0 
979 258.994 146.939 0 
980 233.483 144.55 0 
981 231.939 162.805 0 
982 249.498 164.984 0 
983 239.831 192.384 0 
984 233.388 200.385 0 
985 232.029 176.308 0 
986 230.087 215.497 0 
987 244.958 234.322 0 
988 253.97 227.837 0 
989 245.842 250.532 0 
990 238.778 242.095 0 
991 251.103 259.703 0 
992 254.182 262.264 0 
993 253 254.3 0 
994 240.776 288.305 0 
995 240.269 284.48 0 
996 248.544 -5.16351 0 
997 256.938 -10.1028 0 
998 248.876 12.1617 0 
999 266.469 9.29734 0 
1000 246.386 27.9695 0 
1001 237.035 35.4478 0 
1002 247.002 44.0792 0 
1003 251.376 52.4136 0 
1004 243.726 53.013 0 
1005 251.714 75.8989 0 
1006 248.788 87.1947 0 
1007 247.426 78.6616 0 
1008 254.483 98.3732 0 
1009 245.37 100.204 0 
1010 239.093 119.296 0 
1011 236.609 119.611 0 
1012 246.58 131.689 0 
1013 263.495 134.285 0 
1014 233.09 140.492 0 
1015 244.618 155.211 0 
1016 246.759 166.681 0 
1017 253.1 168.562 0 
1018 245.449 164.29 0 
1019 245.95 200.365 0 
1020 241.12 195.641 0 
1021 255.138 195.325 0 
1022 238.997 205.285 0 
1023 242.619 209.184 0 
1024 244.192 244.847 0 
1025 231.271 222.411 0 
1026 245.457 257.239 0 
1027 240.637 232.384 0 
1028 238.64 239.231 0 
1029 236.265 267.507 0 
1030 235.36 263.347 0 
1031 248.544 284.48 0 
1032 256.82 -5.16351 0 
1033 251.941 -24.9358 0 
1034 261.377 15.3652 0 
1035 244.857 16.4595 0 
1036 259.793 22.6928 0 
1037 248.554 31.4252 0 
1038 270.264 34.7987 0 
1039 244.416 62.8582 0 
1040 253.247 48.8658 0 
1041 265.087 81.653 0 
1042 242.707 97.3619 0 
1043 263.925 111.616 0 
1044 252.149 93.4517 0 
1045 256.356 122.539 0 
1046 251.861 116.9 0 
1047 240.749 122.905 0 
1048 244.999 137.449 0 
1049 257.056 125.105 0 
1050 255.122 145.059 0 
1051 265.277 159.585 0 
1052 259.432 160.553 0 
1053 239.885 175.953 0 
1054 264.11 180.455 0 
1055 252.94 200.368 0 
1056 247.08 183.46 0 
1057 250.585 182.604 0 
1058 257.107 207.663 0 
1059 252.737 206.518 0 
1060 250.779 200.015 0 
1061 257.621 222.335 0 
1062 266.743 235.505 0 
1063 265.675 249.631 0 
1064 245.224 269.582 0 
1065 270.12 265.623 0 
1066 264.178 276.282 0 
1067 256.82 284.48 0 
1068 265.096 -5.16351 0 
1069 260.179 5.48959 0 
1070 274.57 8.70691 0 
1071 263.375 15.5823 0 
1072 265.301 29.8227 0 
1073 262.21 42.3243 0 
1074 266.178 31.5324 0 
1075 262.386 65.6565 0 
1076 252.444 54.1132 0 
1077 257.62 74.9253 0 
1078 257.037 84.4822 0 
1079 267.961 70.9514 0 
1080 257.263 104.435 0 
1081 267.816 119.019 0 
1082 254.655 128.913 0 
1083 264.612 126.088 0 
1084 255.631 140.13 0 
1085 276.261 134.158 0 
1086 274.244 134.968 0 
1087 272.778 157.515 0 
1088 286.058 150.168 0 
1089 262.868 177.142 0 
1090 268.286 170.576 0 
1091 259.338 182.008 0 
1092 256.492 185.141 0 
1093 271.858 186.073 0 
1094 259.465 213.369 0 
1095 260.421 218.37 0 
1096 260.391 226.606 0 
1097 267.314 231.139 0 
1098 275.555 231.775 0 
1099 279 252.043 0 
1100 270.564 269.352 0 
1101 258.41 279.026 0 
1102 262.974 289.709 0 
1103 265.096 284.48 0 
1104 273.371 -5.16351 0 
1105 273.371 3.11203 0 
1106 273.371 11.3876 0 
1107 273.371 19.6631 0 
1108 273.371 27.9387 0 
1109 273.371 36.2142 0 
1110 273.371 44.4897 0 
1111 273.371 52.7653 0 
1112 273.371 61.0408 0 
1113 273.371 69.3164 0 
1114 273.371 77.5919 0 
1115 273.371 85.8674 0 
1116 273.371 94.143 0 
1117 273.371 102.419 0 
1118 273.371 110.694 0 
1119 273.371 118.97 0 
1120 273.371 127.245 0 
1121 273.371 135.521 0 
1122 273.371 143.796 0 
1123 273.371 152.072 0 
1124 273.371 160.347 0 
1125 273.371 168.623 0 
1126 273.371 176.898 0 
1127 273.371 185.174 0 
1128 273.371 193.449 0 
1129 273.371 201.725 0 
1130 274.728 194.196 0 
1131 254.388 224.866 0 
1132 280.762 237.166 0 
1133 280.818 230.441 0 
1134 276.971 248.907 0 
1135 269.031 244.122 0 
1136 248.802 265.815 0 
1137 271.501 252.074 0 
1138 266.589 283.532 0 
1139 273.371 284.48 0 
1140 281.647 201.725 0 
1141 270.812 213.388 0 
1142 279.117 214.126 0 
1143 280.565 237.282 0 
1144 267.077 236.044 0 
1145 281.124 234.16 0 
1146 280.253 241.241 0 
1147 271.335 262.016 0 
1148 277.895 265.174 0 
1149 282.6 271.357 0 
1150 281.647 284.48 0 
1151 289.922 201.725 0 
1152 297.581 197.907 0 
1153 299.461 232.509 0 
1154 280.495 231.219 0 
1155 276.141 213.502 0 
1156 273.767 242.771 0 
1157 283.791 242.69 0 
1158 296.31 256.387 0 
1159 280.372 271.679 0 
1160 284.984 258.05 0 
1161 289.922 284.48 0 
1162 298.198 201.725 0 
1163 297.539 203.552 0 
1164 295.326 216.152 0 
1165 301.669 235.055 0 
1166 293.5 223.715 0 
1167 293.459 250.543 0 
1168 280.325 249.881 0 
1169 294.106 260.768 0 
1170 305.38 248.327 0 
1171 299.23 278.05 0 
1172 298.198 284.48 0 
1173 306.473 201.725 0 
1174 321.989 196.917 0 
1175 291.214 232.883 0 
1176 310.6 208.24 0 
1177 306.575 227.489 0 
1178 297.296 223.105 0 
1179 286.976 261.1 0 
1180 314.855 250.495 0 
1181 304.633 256.781 0 
1182 300.669 289.133 0 
1183 306.473 284.48 0 
1184 314.749 201.725 0 
1185 323.327 206.817 0 
1186 322.36 213.091 0 
1187 321.873 226.76 0 
1188 306.067 230.452 0 
1189 312.178 240.675 0 
1190 311.229 253.464 0 
1191 298.623 257.066 0 
1192 330.517 250.818 0 
1193 307.406 277.343 0 
1194 314.749 284.48 0 
1195 323.024 201.725 0 
1196 322.262 205.399 0 
1197 322.181 224.416 0 
1198 343.016 211.532 0 
1199 319.23 238.475 0 
1200 324.525 247.651 0 
1201 333.66 236.804 0 
1202 320.965 272.328 0 
1203 315.34 283.499 0 
1204 322.518 293.437 0 
1205 323.024 284.48 0 
1206 331.3 201.725 0 
1207 318.78 213.812 0 
1208 345.238 229.938 0 
1209 347.754 218.656 0 
1210 350.459 246.534 0 
1211 336.908 245.739 0 
1212 334.052 254.676 0 
1213 317.531 262.305 0 
1214 335.871 256.046 0 
1215 321.238 271.117 0 
1216 331.3 284.48 0 
1217 339.576 201.725 0 
1218 337.709 212.369 0 
1219 340.735 215.078 0 
1220 334.363 239.752 0 
1221 336.359 227.71 0 
1222 359.299 243.014 0 
1223 337.617 243.249 0 
1224 346.359 270.222 0 
1225 330.389 259.386 0 
1226 364.663 273.84 0 
1227 339.576 284.48 0 
1228 347.851 201.725 0 
1229 350.224 184.703 0 
1230 338.463 223.655 0 
1231 356.123 230.143 0 
1232 344.36 248.061 0 
1233 327.193 239.047 0 
1234 349.486 254.904 0 
1235 348.33 250.676 0 
1236 346.611 258.921 0 
1237 339.128 272.448 0 
1238 347.851 284.48 0 
1239 356.127 201.725 0 
1240 356.127 210.001 0 
1241 356.127 218.276 0 
1242 356.127 226.552 0 
1243 356.127 234.827 0 
1244 356.127 243.103 0 
1245 356.127 251.378 0 
1246 356.127 259.654 0 
1247 356.127 267.929 0 
1248 356.127 276.205 0 
1249 356.127 284.48 0 
