0 -16.7063 204.539 0 
1 -16.7063 212.409 0 
2 -16.7063 220.278 0 
3 -16.7063 228.148 0 
4 -16.7063 236.018 0 
5 -16.7063 243.887 0 
6 -16.7063 251.757 0 
7 -16.7063 259.626 0 
8 -16.7063 267.496 0 
9 -16.7063 275.366 0 
10 -16.7063 283.235 0 
11 -16.7063 291.105 0 
12 -8.83668 204.539 0 
13 3.71601 223.63 0 
14 5.22587 231.762 0 
15 2.04172 236.674 0 
16 0.586125 240.003 0 
17 0.754027 242.933 0 
18 2.29265 245.938 0 
19 5.4132 249.065 0 
20 5.68943 254.479 0 
21 5.30878 261.806 0 
22 1.72675 275.169 0 
23 -8.83668 291.105 0 
24 -0.967051 204.539 0 
25 7.84044 216.408 0 
26 13.7168 221.317 0 
27 11.9044 230.771 0 
28 10.5173 237.006 0 
29 11.4826 241.532 0 
30 14.8977 245.701 0 
31 19.0833 250.847 0 
32 21.9524 258.332 0 
33 23.3503 266.321 0 
34 20.8337 275.266 0 
35 -0.967051 291.105 0 
36 6.90258 204.539 0 
37 12.5852 212.82 0 
38 15.6943 220.352 0 
39 17.1618 228.298 0 
40 18.5965 235.288 0 
41 21.0826 241.396 0 
42 25.0442 247.039 0 
43 29.1003 252.714 0 
44 31.9523 259.168 0 
45 31.2824 268.722 0 
46 23.6869 281.183 0 
47 6.90258 291.105 0 
48 14.7722 204.539 0 
49 16.6119 211.264 0 
50 20.0237 219.933 0 
51 22.7154 227.795 0 
52 25.2834 235.026 0 
53 28.3095 241.775 0 
54 32.1968 248.271 0 
55 35.9412 254.712 0 
56 38.0655 262.093 0 
57 35.7763 272.602 0 
58 28.0638 283.889 0 
59 14.7722 291.105 0 
60 22.6418 204.539 0 
61 21.9798 212.036 0 
62 25.9313 220.577 0 
63 28.9685 228.253 0 
64 31.7145 235.473 0 
65 34.5466 242.446 0 
66 37.6774 249.352 0 
67 40.9458 256.346 0 
68 42.5086 264.564 0 
69 39.9765 274.598 0 
70 33.0804 284.951 0 
71 22.6418 291.105 0 
72 30.5115 204.539 0 
73 30.2783 214.112 0 
74 33.4321 221.874 0 
75 36.0182 229.147 0 
76 38.3574 236.187 0 
77 40.6145 243.164 0 
78 42.8223 250.223 0 
79 44.8325 257.555 0 
80 45.876 265.748 0 
81 43.8097 274.975 0 
82 39.0506 284.471 0 
83 30.5115 291.105 0 
84 38.3811 204.539 0 
85 39.7172 216.332 0 
86 41.7575 223.263 0 
87 43.6085 230.07 0 
88 45.3379 236.864 0 
89 46.9591 243.73 0 
90 48.4065 250.768 0 
91 49.479 258.098 0 
92 49.7428 265.906 0 
93 48.6036 274.215 0 
94 46.2828 282.874 0 
95 38.3811 291.105 0 
96 46.2507 204.539 0 
97 49.1424 218.043 0 
98 50.2598 224.303 0 
99 51.4412 230.739 0 
100 52.6158 237.317 0 
101 53.7262 244.052 0 
102 54.697 250.989 0 
103 55.4002 258.172 0 
104 55.6567 265.621 0 
105 55.3232 273.238 0 
106 54.547 280.762 0 
107 46.2507 291.105 0 
108 54.1204 204.539 0 
109 57.7943 218.658 0 
110 58.5102 224.754 0 
111 59.2907 231.029 0 
112 60.078 237.485 0 
113 60.8425 244.137 0 
114 61.5519 251.007 0 
115 62.1619 258.102 0 
116 62.63 265.387 0 
117 62.962 272.662 0 
118 63.3418 279.417 0 
119 54.1204 291.105 0 
120 61.99 204.539 0 
121 65.9668 218.633 0 
122 66.5738 224.75 0 
123 67.1139 230.97 0 
124 67.6272 237.384 0 
125 68.1512 244.023 0 
126 68.7127 250.911 0 
127 69.3392 258.066 0 
128 70.0821 265.502 0 
129 70.9168 273.033 0 
130 71.3842 279.637 0 
131 61.99 291.105 0 
132 69.8596 204.539 0 
133 74.1033 218.482 0 
134 74.6441 224.431 0 
135 74.9287 230.599 0 
136 75.1681 237.037 0 
137 75.4688 243.736 0 
138 75.897 250.715 0 
139 76.5535 258.05 0 
140 77.7306 266.023 0 
141 79.797 275.113 0 
142 76.7249 281.579 0 
143 69.8596 291.105 0 
144 77.7293 204.539 0 
145 83.6606 217.955 0 
146 83.0883 223.621 0 
147 82.7359 229.873 0 
148 82.5843 236.459 0 
149 82.6101 243.288 0 
150 82.8009 250.344 0 
151 83.1515 257.682 0 
152 83.6232 265.488 0 
153 83.9401 274.224 0 
154 80.466 282.028 0 
155 77.7293 291.105 0 
156 77.7293 298.975 0 
157 77.7293 306.844 0 
158 77.7293 314.714 0 
159 77.7293 322.583 0 
160 77.7293 330.453 0 
161 77.7293 338.323 0 
162 77.7293 346.192 0 
163 77.7293 354.062 0 
164 77.7293 361.932 0 
165 77.7293 369.801 0 
166 77.7293 377.671 0 
167 77.7293 385.541 0 
168 77.7293 393.41 0 
169 77.7293 401.28 0 
170 77.7293 409.15 0 
171 85.5989 7.79822 0 
172 85.5989 15.6679 0 
173 85.5989 23.5375 0 
174 85.5989 31.4071 0 
175 85.5989 39.2767 0 
176 85.5989 47.1464 0 
177 85.5989 55.016 0 
178 85.5989 62.8857 0 
179 85.5989 70.7553 0 
180 85.5989 78.6249 0 
181 85.5989 86.4946 0 
182 85.5989 94.3642 0 
183 85.5989 102.234 0 
184 85.5989 110.103 0 
185 85.5989 117.973 0 
186 85.5989 125.843 0 
187 85.5989 133.712 0 
188 85.5989 141.582 0 
189 85.5989 149.452 0 
190 85.5989 157.321 0 
191 85.5989 165.191 0 
192 85.5989 173.061 0 
193 85.5989 180.93 0 
194 85.5989 188.8 0 
195 85.5989 196.669 0 
196 85.5989 204.539 0 
197 91.1756 213.35 0 
198 90.5711 221.734 0 
199 90.0716 228.767 0 
200 89.7098 235.715 0 
201 89.4985 242.742 0 
202 89.4286 249.879 0 
203 89.4429 257.126 0 
204 89.3999 264.454 0 
205 88.9598 271.669 0 
206 87.493 277.886 0 
207 86.9337 282.423 0 
208 86.3244 289.296 0 
209 95.1894 300.803 0 
210 99.2991 311.488 0 
211 96.6266 320.468 0 
212 93.3762 327.389 0 
213 90.4991 334.209 0 
214 86.7472 341.5 0 
215 83.8258 348.068 0 
216 82.9088 353.599 0 
217 83.6982 358.567 0 
218 85.5917 363.46 0 
219 89.4247 368.906 0 
220 94.5773 376.537 0 
221 94.021 393.343 0 
222 85.5989 409.15 0 
223 93.4685 7.79822 0 
224 101.961 26.4013 0 
225 96.9189 33.98 0 
226 94.6795 38.8749 0 
227 94.4164 44.1701 0 
228 96.459 51.4017 0 
229 99.2456 59.5018 0 
230 101.743 67.8366 0 
231 103.477 76.0674 0 
232 104.868 84.3728 0 
233 105.475 92.6787 0 
234 105.478 100.962 0 
235 104.884 109.138 0 
236 104.391 117.13 0 
237 104.234 124.953 0 
238 104.415 132.66 0 
239 104.912 140.364 0 
240 104.813 148.311 0 
241 104.382 156.203 0 
242 104.51 163.671 0 
243 104.955 170.96 0 
244 105.163 178.297 0 
245 105.242 185.325 0 
246 105.293 191.855 0 
247 104.878 198.384 0 
248 103.455 205.33 0 
249 99.7279 212.141 0 
250 98.2832 220.109 0 
251 97.4262 227.692 0 
252 96.726 234.959 0 
253 96.2117 242.187 0 
254 95.8574 249.419 0 
255 95.5731 256.624 0 
256 95.2302 263.719 0 
257 94.6981 270.47 0 
258 93.9653 276.25 0 
259 93.7111 279.966 0 
260 89.2827 285.654 0 
261 98.1378 300.182 0 
262 101.564 310.51 0 
263 101.662 319.232 0 
264 100.181 326.876 0 
265 98.2713 333.711 0 
266 96.0682 339.85 0 
267 94.1296 344.535 0 
268 93.8134 348.582 0 
269 95.2664 353.197 0 
270 98.2364 358.986 0 
271 102.108 367.209 0 
272 102.736 376.371 0 
273 107.654 392.485 0 
274 93.4685 409.15 0 
275 101.338 7.79822 0 
276 109.981 26.2579 0 
277 105.728 41.2943 0 
278 103.48 43.8343 0 
279 104.03 48.0318 0 
280 105.377 54.2934 0 
281 107.099 61.5438 0 
282 108.722 69.2481 0 
283 109.982 77.1386 0 
284 110.879 85.1622 0 
285 111.323 93.2336 0 
286 111.39 101.303 0 
287 111.201 109.31 0 
288 111.021 117.226 0 
289 110.977 125.047 0 
290 111.069 132.791 0 
291 111.213 140.494 0 
292 111.183 148.205 0 
293 111.085 155.847 0 
294 111.154 163.33 0 
295 111.333 170.669 0 
296 111.464 177.898 0 
297 111.511 184.922 0 
298 111.418 191.704 0 
299 110.987 198.417 0 
300 109.966 205.283 0 
301 108.089 212.236 0 
302 106.376 219.499 0 
303 104.954 226.87 0 
304 103.717 234.255 0 
305 102.801 241.647 0 
306 102.139 248.987 0 
307 101.571 256.216 0 
308 100.954 263.305 0 
309 100.295 270.264 0 
310 99.7055 276.971 0 
311 99.454 283.271 0 
312 98.9887 289.882 0 
313 103.426 301.954 0 
314 105.951 311.191 0 
315 106.846 319.454 0 
316 106.477 327.058 0 
317 105.489 333.735 0 
318 104.21 339.441 0 
319 102.984 344.089 0 
320 103.691 347.858 0 
321 104.94 353.402 0 
322 106.258 360.947 0 
323 107.819 369.982 0 
324 109.819 379.578 0 
325 116.425 391.946 0 
326 101.338 409.15 0 
327 109.208 7.79822 0 
328 114.255 24.4555 0 
329 112.913 36.4292 0 
330 111.94 43.9678 0 
331 112.388 49.8866 0 
332 113.401 56.2184 0 
333 114.594 63.0843 0 
334 115.701 70.3507 0 
335 116.576 77.9024 0 
336 117.187 85.6663 0 
337 117.522 93.5598 0 
338 117.631 101.508 0 
339 117.605 109.441 0 
340 117.569 117.313 0 
341 117.581 125.104 0 
342 117.637 132.816 0 
343 117.691 140.463 0 
344 117.686 148.065 0 
345 117.664 155.613 0 
346 117.692 163.075 0 
347 117.763 170.431 0 
348 117.826 177.659 0 
349 117.84 184.722 0 
350 117.74 191.61 0 
351 117.423 198.399 0 
352 116.776 205.196 0 
353 115.694 212.034 0 
354 114.326 219.017 0 
355 112.647 226.197 0 
356 110.659 233.561 0 
357 109.266 241.088 0 
358 108.326 248.539 0 
359 107.487 255.798 0 
360 106.502 262.893 0 
361 105.66 270.246 0 
362 105.242 278.243 0 
363 105.71 287.185 0 
364 106.672 295.894 0 
365 109.442 305.226 0 
366 111.542 312.967 0 
367 112.772 320.538 0 
368 112.873 327.99 0 
369 112.445 334.349 0 
370 111.67 339.666 0 
371 109.575 345.268 0 
372 109.396 350.953 0 
373 109.823 358.462 0 
374 111.548 366.813 0 
375 114.125 375.375 0 
376 117.621 383.484 0 
377 124.249 392.406 0 
378 109.208 409.15 0 
379 117.077 7.79822 0 
380 118.875 25.621 0 
381 118.362 36.4794 0 
382 119.248 44.7273 0 
383 120.074 51.4046 0 
384 121.008 57.7701 0 
385 121.913 64.3031 0 
386 122.676 71.1662 0 
387 123.266 78.3879 0 
388 123.686 85.9254 0 
389 123.942 93.6922 0 
390 124.052 101.584 0 
391 124.08 109.497 0 
392 124.1 117.348 0 
393 124.141 125.104 0 
394 124.194 132.764 0 
395 124.228 140.352 0 
396 124.226 147.897 0 
397 124.201 155.412 0 
398 124.187 162.877 0 
399 124.193 170.267 0 
400 124.212 177.54 0 
401 124.218 184.653 0 
402 124.17 191.593 0 
403 124.01 198.389 0 
404 123.696 205.103 0 
405 123.181 211.777 0 
406 122.397 218.545 0 
407 120.919 225.63 0 
408 117.456 232.761 0 
409 115.543 240.419 0 
410 114.496 248 0 
411 113.452 255.256 0 
412 111.703 262.112 0 
413 110.508 269.684 0 
414 110.191 279.087 0 
415 112.119 291.688 0 
416 114.017 301.628 0 
417 115.988 309.483 0 
418 117.922 315.252 0 
419 119.644 321.996 0 
420 119.648 329.676 0 
421 119.413 335.53 0 
422 119.223 339.227 0 
423 114.133 346.499 0 
424 112.28 354.182 0 
425 114.326 363.233 0 
426 117.238 372.162 0 
427 120.428 380.134 0 
428 124.11 387.129 0 
429 129.998 394.89 0 
430 117.077 409.15 0 
431 124.947 7.79822 0 
432 123.505 28.6845 0 
433 124.075 39.0416 0 
434 126.248 46.7082 0 
435 127.487 53.3116 0 
436 128.476 59.3212 0 
437 129.206 65.3227 0 
438 129.694 71.6925 0 
439 130.046 78.572 0 
440 130.331 85.9183 0 
441 130.542 93.6167 0 
442 130.616 101.516 0 
443 130.618 109.463 0 
444 130.636 117.322 0 
445 130.69 125.042 0 
446 130.754 132.642 0 
447 130.79 140.172 0 
448 130.777 147.685 0 
449 130.723 155.204 0 
450 130.657 162.711 0 
451 130.613 170.17 0 
452 130.598 177.523 0 
453 130.609 184.702 0 
454 130.632 191.671 0 
455 130.618 198.438 0 
456 130.585 205.052 0 
457 130.544 211.525 0 
458 130.476 217.95 0 
459 131.178 225.589 0 
460 123.592 231.606 0 
461 121.438 239.446 0 
462 120.84 247.266 0 
463 120.051 254.591 0 
464 116.14 260.666 0 
465 114.425 267.715 0 
466 114.157 277.237 0 
467 120.036 294.486 0 
468 121.321 305.811 0 
469 123.223 312.532 0 
470 124.837 317.11 0 
471 128.193 323.087 0 
472 127.039 332.643 0 
473 126.68 337.963 0 
474 124.162 341.248 0 
475 116.662 346.86 0 
476 115.806 356.54 0 
477 119.222 366.648 0 
478 123.946 377.682 0 
479 127.378 385.448 0 
480 130.109 390.92 0 
481 134.624 396.947 0 
482 124.947 409.15 0 
483 132.817 7.79822 0 
484 127.689 31.1332 0 
485 130.37 41.5425 0 
486 133.047 49.0995 0 
487 134.783 55.7981 0 
488 136.033 61.0302 0 
489 136.631 66.1254 0 
490 136.784 71.8257 0 
491 136.894 78.3612 0 
492 137.111 85.5798 0 
493 137.373 93.2929 0 
494 137.353 101.271 0 
495 137.206 109.331 0 
496 137.155 117.238 0 
497 137.211 124.922 0 
498 137.303 132.444 0 
499 137.361 139.905 0 
500 137.338 147.397 0 
501 137.234 154.957 0 
502 137.102 162.557 0 
503 137.006 170.135 0 
504 136.96 177.613 0 
505 136.973 184.881 0 
506 137.07 191.869 0 
507 137.158 198.573 0 
508 137.304 205.09 0 
509 137.559 211.374 0 
510 137.796 217.16 0 
511 136.458 221.47 0 
512 132.817 236.018 0 
513 132.817 243.887 0 
514 132.817 251.757 0 
515 132.817 259.626 0 
516 132.817 267.496 0 
517 132.817 275.366 0 
518 132.817 283.235 0 
519 132.817 291.105 0 
520 133.082 307.801 0 
521 133.481 312.422 0 
522 133.415 315.661 0 
523 131.35 319.444 0 
524 132.817 330.453 0 
525 132.817 338.323 0 
526 132.817 346.192 0 
527 132.817 354.062 0 
528 132.817 361.932 0 
529 132.817 369.801 0 
530 137.62 389.516 0 
531 137.515 393.082 0 
532 136.892 395.738 0 
533 137.992 398.331 0 
534 132.817 409.15 0 
535 140.686 7.79822 0 
536 132.984 31.4521 0 
537 138.879 41.7084 0 
538 140.443 49.9024 0 
539 142.393 57.6382 0 
540 144.01 62.4368 0 
541 144.423 66.4664 0 
542 143.918 71.2685 0 
543 143.711 77.5858 0 
544 144.007 84.8202 0 
545 144.675 92.6804 0 
546 144.389 100.765 0 
547 143.784 109.086 0 
548 143.571 117.113 0 
549 143.642 124.75 0 
550 143.809 132.153 0 
551 143.936 139.511 0 
552 143.925 146.98 0 
553 143.748 154.626 0 
554 143.513 162.39 0 
555 143.367 170.159 0 
556 143.299 177.836 0 
557 143.288 185.219 0 
558 143.465 192.229 0 
559 143.593 198.806 0 
560 143.829 205.236 0 
561 144.271 211.521 0 
562 145.086 217.595 0 
563 146.814 223.274 0 
564 140.686 236.018 0 
565 140.686 291.105 0 
566 147.564 307.543 0 
567 144.752 311.282 0 
568 142.307 313.967 0 
569 139.5 317.1 0 
570 140.686 330.453 0 
571 140.686 369.801 0 
572 151 384.57 0 
573 147.824 389.674 0 
574 144.66 394.047 0 
575 141.41 397.679 0 
576 140.686 409.15 0 
577 148.556 7.79822 0 
578 139.009 29.2404 0 
579 147.291 42.0906 0 
580 149.698 49.81 0 
581 150.781 55.9691 0 
582 151.989 59.9723 0 
583 152.234 64.4612 0 
584 150.797 69.3337 0 
585 150.182 76.0473 0 
586 150.872 83.5879 0 
587 153.303 91.8515 0 
588 152.076 99.6878 0 
589 150.076 108.709 0 
590 149.665 117.004 0 
591 149.862 124.555 0 
592 150.224 131.755 0 
593 150.529 138.927 0 
594 150.616 146.33 0 
595 150.318 154.12 0 
596 149.863 162.183 0 
597 149.709 170.263 0 
598 149.666 178.239 0 
599 149.565 185.762 0 
600 149.825 192.801 0 
601 149.954 199.105 0 
602 150.248 205.389 0 
603 150.716 211.604 0 
604 151.13 217.902 0 
605 150.868 225.093 0 
606 148.556 236.018 0 
607 148.556 243.887 0 
608 148.556 251.757 0 
609 148.556 291.105 0 
610 154.605 306.876 0 
611 152.516 309.591 0 
612 151.56 311.917 0 
613 151.378 313.776 0 
614 148.556 330.453 0 
615 148.556 369.801 0 
616 155.813 381.088 0 
617 152.868 386.88 0 
618 149.181 391.875 0 
619 144.693 396.795 0 
620 148.556 409.15 0 
621 156.426 7.79822 0 
622 147.626 25.6088 0 
623 151.921 38.6465 0 
624 156.119 41.8301 0 
625 157.476 47.2736 0 
626 158.059 52.8988 0 
627 157.557 58.8655 0 
628 156.229 65.6049 0 
629 155.476 73.865 0 
630 156.254 81.7876 0 
631 157.574 87.4869 0 
632 156.816 96.3679 0 
633 154.979 108.3 0 
634 155.011 117.118 0 
635 155.69 124.433 0 
636 156.472 131.27 0 
637 157.154 138.094 0 
638 157.634 145.251 0 
639 157.234 153.201 0 
640 156.035 161.859 0 
641 156.037 170.536 0 
642 156.215 178.907 0 
643 155.858 186.552 0 
644 156.112 193.624 0 
645 156.287 199.408 0 
646 156.763 205.518 0 
647 157.583 211.47 0 
648 158.676 216.995 0 
649 160.211 221.749 0 
650 162.672 227.065 0 
651 162.54 236.882 0 
652 156.426 251.757 0 
653 156.426 291.105 0 
654 155.455 303.626 0 
655 157.732 307.556 0 
656 160.509 310.931 0 
657 163.116 314.3 0 
658 156.426 330.453 0 
659 156.426 369.801 0 
660 158.228 378.845 0 
661 156.572 384.773 0 
662 152.78 390.036 0 
663 147.993 395.774 0 
664 156.426 409.15 0 
665 164.295 7.79822 0 
666 164.295 15.6679 0 
667 164.295 23.5375 0 
668 164.295 31.4071 0 
669 164.295 39.2767 0 
670 164.295 47.1464 0 
671 164.295 55.016 0 
672 164.295 62.8857 0 
673 164.295 70.7553 0 
674 164.295 78.6249 0 
675 164.295 86.4946 0 
676 164.295 94.3642 0 
677 159.34 109.257 0 
678 159.476 117.99 0 
679 161.088 124.582 0 
680 162.534 130.78 0 
681 163.702 137.036 0 
682 165.008 143.692 0 
683 167.194 150.862 0 
684 161.415 161.13 0 
685 162.321 171.248 0 
686 163.257 179.958 0 
687 162.279 187.65 0 
688 162.283 194.441 0 
689 162.765 199.5 0 
690 163.401 205.653 0 
691 164.352 211.647 0 
692 165.387 217.345 0 
693 166.355 222.968 0 
694 166.93 229.137 0 
695 165.931 237.409 0 
696 164.295 251.757 0 
697 164.295 259.626 0 
698 164.295 267.496 0 
699 164.295 275.366 0 
700 164.295 283.235 0 
701 164.295 291.105 0 
702 157.507 302.856 0 
703 163.123 307.977 0 
704 167.999 311.906 0 
705 169.199 316.039 0 
706 164.295 330.453 0 
707 164.295 369.801 0 
708 159.723 378.842 0 
709 159.016 383.409 0 
710 156.207 387.798 0 
711 151.677 393.954 0 
712 164.295 409.15 0 
713 172.165 94.3642 0 
714 164.147 111.087 0 
715 163.131 119.44 0 
716 166.507 125.034 0 
717 168.683 130.283 0 
718 169.694 135.732 0 
719 170.083 141.171 0 
720 170.003 146.289 0 
721 172.165 157.321 0 
722 172.165 165.191 0 
723 172.165 173.061 0 
724 172.165 180.93 0 
725 172.165 188.8 0 
726 172.165 196.669 0 
727 170.511 205.362 0 
728 171.17 211.823 0 
729 172.044 217.82 0 
730 172.736 223.954 0 
731 172.991 230.697 0 
732 172.364 238.574 0 
733 170.44 247.382 0 
734 172.189 255.686 0 
735 173.784 263.033 0 
736 177.036 269.197 0 
737 179.665 278.961 0 
738 174.161 290.923 0 
739 166.797 305.877 0 
740 168.715 308.759 0 
741 172.856 312.608 0 
742 173.304 320.806 0 
743 172.165 330.453 0 
744 172.165 338.323 0 
745 172.165 346.192 0 
746 172.165 354.062 0 
747 172.165 361.932 0 
748 172.165 369.801 0 
749 162.964 381.363 0 
750 163.544 383.321 0 
751 161.322 385.409 0 
752 156.34 391.145 0 
753 172.165 409.15 0 
754 180.035 94.3642 0 
755 175.936 113.398 0 
756 176.139 119.3 0 
757 176.735 124.418 0 
758 176.879 129.505 0 
759 176.596 134.689 0 
760 175.839 139.899 0 
761 174.404 145.099 0 
762 180.035 157.321 0 
763 180.035 196.669 0 
764 175.264 205.629 0 
765 177.314 211.934 0 
766 178.524 218.153 0 
767 179.29 224.652 0 
768 179.624 231.673 0 
769 179.427 239.379 0 
770 178.821 247.473 0 
771 179.138 254.839 0 
772 180.839 262.163 0 
773 182.194 269.16 0 
774 183.037 277.912 0 
775 180.848 287.882 0 
776 177.382 298.324 0 
777 176.384 305.616 0 
778 176.856 312.251 0 
779 176.125 320.791 0 
780 176.406 329.072 0 
781 178.859 336.124 0 
782 182.783 341.889 0 
783 182.587 352.672 0 
784 180.807 361.162 0 
785 177.369 369.991 0 
786 169.01 381.024 0 
787 171.204 382.536 0 
788 168.999 384.183 0 
789 162.618 388.707 0 
790 180.035 409.15 0 
791 187.904 94.3642 0 
792 196.791 116.991 0 
793 189.937 120.017 0 
794 186.94 124.38 0 
795 185.385 129.005 0 
796 184.205 133.788 0 
797 182.957 138.684 0 
798 181.495 143.828 0 
799 187.904 157.321 0 
800 187.904 196.669 0 
801 182.065 205.998 0 
802 183.797 212.133 0 
803 185.081 218.534 0 
804 185.934 225.248 0 
805 186.367 232.322 0 
806 186.387 239.76 0 
807 186.197 247.289 0 
808 186.439 254.376 0 
809 187.414 261.518 0 
810 188.009 268.643 0 
811 188.138 276.669 0 
812 186.841 285.557 0 
813 184.582 294.707 0 
814 182.757 302.757 0 
815 181.864 310.459 0 
816 180.961 318.799 0 
817 179.403 327.088 0 
818 179.759 333.675 0 
819 185.556 341.063 0 
820 187.46 350.994 0 
821 187.666 359.696 0 
822 186.077 366.592 0 
823 181.648 371.447 0 
824 180.82 376.519 0 
825 178.043 381.637 0 
826 171.212 386.373 0 
827 187.904 409.15 0 
828 195.774 15.6679 0 
829 195.774 23.5375 0 
830 195.774 31.4071 0 
831 195.774 39.2767 0 
832 195.774 47.1464 0 
833 195.774 55.016 0 
834 195.774 62.8857 0 
835 195.774 70.7553 0 
836 195.774 78.6249 0 
837 195.774 86.4946 0 
838 195.774 94.3642 0 
839 204.681 111.957 0 
840 200.144 120.08 0 
841 195.955 123.977 0 
842 193.724 128.305 0 
843 192.15 132.696 0 
844 190.615 137.038 0 
845 189.059 141.649 0 
846 195.774 157.321 0 
847 195.774 196.669 0 
848 189.42 207.255 0 
849 190.776 213.125 0 
850 191.946 219.346 0 
851 192.77 225.935 0 
852 193.213 232.839 0 
853 193.321 239.964 0 
854 193.274 247.103 0 
855 193.42 254.018 0 
856 193.91 260.938 0 
857 194.149 267.901 0 
858 194.059 275.295 0 
859 193.261 283.293 0 
860 191.157 292.158 0 
861 188.114 300.364 0 
862 186.709 308.548 0 
863 186.224 317.04 0 
864 186.36 325.656 0 
865 187.682 334.06 0 
866 191.057 342.215 0 
867 193.929 351.168 0 
868 195.987 359.5 0 
869 196.715 365.503 0 
870 194.939 368.894 0 
871 192.49 373.142 0 
872 190.587 377.961 0 
873 181.22 384.427 0 
874 195.774 409.15 0 
875 203.643 15.6679 0 
876 212.224 38.0982 0 
877 203.19 38.8948 0 
878 200.49 41.2091 0 
879 199.532 45.8307 0 
880 201.019 51.5155 0 
881 204.251 58.9816 0 
882 206.647 67.9133 0 
883 207.734 76.3172 0 
884 208.474 85.0914 0 
885 209.342 96.1765 0 
886 209.125 108.797 0 
887 205.929 116.719 0 
888 203.638 122.495 0 
889 201.852 127.285 0 
890 200.377 131.58 0 
891 198.626 135.422 0 
892 197.439 141.231 0 
893 203.643 157.321 0 
894 203.643 196.669 0 
895 196.943 211.183 0 
896 198.117 214.662 0 
897 199.145 220.257 0 
898 199.849 226.588 0 
899 200.218 233.262 0 
900 200.32 240.103 0 
901 200.297 246.952 0 
902 200.349 253.691 0 
903 200.539 260.396 0 
904 200.579 267.09 0 
905 200.458 273.851 0 
906 200.702 280.4 0 
907 199.014 289.515 0 
908 191.922 298.447 0 
909 190.594 307.084 0 
910 191.022 315.876 0 
911 192.875 324.8 0 
912 195.18 333.679 0 
913 197.802 342.72 0 
914 201.357 351.967 0 
915 205.59 360.976 0 
916 208.798 369.475 0 
917 208.764 374.314 0 
918 207.351 378.104 0 
919 203.966 380.945 0 
920 193.835 388.112 0 
921 203.643 409.15 0 
922 211.513 15.6679 0 
923 221.938 46.0093 0 
924 210.41 47.6772 0 
925 207.044 49.336 0 
926 205.506 51.9104 0 
927 206.598 56.2572 0 
928 209.046 62.5124 0 
929 211.194 70.2003 0 
930 212.648 78.457 0 
931 213.63 87.3181 0 
932 214.196 97.0867 0 
933 213.851 107.047 0 
934 212.462 115.036 0 
935 211.09 121.357 0 
936 210.16 126.516 0 
937 209.909 130.721 0 
938 210.733 134.128 0 
939 213.644 140.461 0 
940 211.513 157.321 0 
941 211.513 165.191 0 
942 211.513 173.061 0 
943 211.513 180.93 0 
944 211.513 188.8 0 
945 211.513 196.669 0 
946 206.529 206.218 0 
947 206.578 214.387 0 
948 206.927 220.72 0 
949 207.264 227.103 0 
950 207.437 233.624 0 
951 207.451 240.234 0 
952 207.393 246.855 0 
953 207.361 253.42 0 
954 207.366 259.934 0 
955 207.244 266.383 0 
956 206.865 272.772 0 
957 205.884 279.19 0 
958 211.513 298.975 0 
959 211.513 306.844 0 
960 211.513 314.714 0 
961 211.513 322.583 0 
962 211.513 330.453 0 
963 211.513 338.323 0 
964 211.513 346.192 0 
965 211.513 354.062 0 
966 211.513 361.932 0 
967 211.513 369.801 0 
968 211.513 377.671 0 
969 211.513 385.541 0 
970 211.513 393.41 0 
971 211.513 401.28 0 
972 211.513 409.15 0 
973 219.383 15.6679 0 
974 229.501 46.2754 0 
975 220.619 50.5155 0 
976 215.258 53.5407 0 
977 213.649 55.7312 0 
978 213.937 59.9795 0 
979 215.122 65.7458 0 
980 216.554 72.6887 0 
981 217.802 80.4583 0 
982 218.742 88.8406 0 
983 219.28 97.6834 0 
984 219.242 106.457 0 
985 218.693 114.259 0 
986 218.102 120.886 0 
987 217.945 126.47 0 
988 218.765 131.071 0 
989 221.182 135.305 0 
990 224.828 142.796 0 
991 222.304 155.268 0 
992 228.028 173.585 0 
993 225.927 178.909 0 
994 222.791 183.891 0 
995 222.776 189.29 0 
996 222.13 195.16 0 
997 216.979 201.889 0 
998 215.411 213.855 0 
999 214.986 221.168 0 
1000 214.897 227.634 0 
1001 214.839 233.994 0 
1002 214.74 240.393 0 
1003 214.624 246.823 0 
1004 214.525 253.236 0 
1005 214.421 259.598 0 
1006 214.214 265.854 0 
1007 213.77 271.912 0 
1008 212.819 277.56 0 
1009 219.383 298.975 0 
1010 227.252 15.6679 0 
1011 236.319 43.175 0 
1012 229.226 51.1123 0 
1013 223.975 54.5488 0 
1014 221.594 58.4181 0 
1015 221.035 62.9367 0 
1016 221.471 68.4291 0 
1017 222.316 74.904 0 
1018 223.216 82.1896 0 
1019 223.981 90.0707 0 
1020 224.501 98.29 0 
1021 224.698 106.452 0 
1022 224.623 114.083 0 
1023 224.531 120.94 0 
1024 224.772 127.035 0 
1025 225.75 132.483 0 
1026 227.939 137.559 0 
1027 230.125 144.562 0 
1028 229.431 155.661 0 
1029 231.059 169.955 0 
1030 230.238 177.869 0 
1031 228.811 183.899 0 
1032 228.582 190.091 0 
1033 228.163 197.038 0 
1034 225.556 205.283 0 
1035 223.766 215.066 0 
1036 222.963 222.137 0 
1037 222.606 228.332 0 
1038 222.385 234.416 0 
1039 222.194 240.587 0 
1040 222.025 246.854 0 
1041 221.879 253.155 0 
1042 221.73 259.424 0 
1043 221.531 265.585 0 
1044 221.251 271.543 0 
1045 220.908 277.199 0 
1046 227.252 298.975 0 
1047 235.122 15.6679 0 
1048 241.577 39.4969 0 
1049 236.459 49.439 0 
1050 231.288 55.4006 0 
1051 228.588 60.7582 0 
1052 227.702 65.4007 0 
1053 227.835 70.5913 0 
1054 228.283 76.685 0 
1055 228.818 83.5866 0 
1056 229.339 91.0688 0 
1057 229.778 98.8713 0 
1058 230.085 106.691 0 
1059 230.28 114.212 0 
1060 230.477 121.252 0 
1061 230.884 127.784 0 
1062 231.743 133.947 0 
1063 233.21 140.092 0 
1064 234.815 147.073 0 
1065 235.359 156.854 0 
1066 235.585 168.518 0 
1067 235.096 176.993 0 
1068 234.478 183.882 0 
1069 234.305 190.784 0 
1070 233.969 198.447 0 
1071 232.563 207.463 0 
1072 231.255 217.605 0 
1073 230.704 223.662 0 
1074 230.359 229.183 0 
1075 230.095 234.852 0 
1076 229.851 240.78 0 
1077 229.637 246.923 0 
1078 229.452 253.172 0 
1079 229.282 259.424 0 
1080 229.114 265.582 0 
1081 228.984 271.544 0 
1082 229.036 277.175 0 
1083 235.122 298.975 0 
1084 242.992 15.6679 0 
1085 245.861 36.2018 0 
1086 242.49 46.8449 0 
1087 237.765 55.0734 0 
1088 234.674 62.4037 0 
1089 233.674 67.7346 0 
1090 234.234 72.1892 0 
1091 234.464 77.8948 0 
1092 234.6 84.5323 0 
1093 234.784 91.7714 0 
1094 235.046 99.3285 0 
1095 235.362 106.962 0 
1096 235.706 114.437 0 
1097 236.081 121.602 0 
1098 236.553 128.449 0 
1099 237.259 135.095 0 
1100 238.293 141.845 0 
1101 239.431 149.208 0 
1102 240.099 157.967 0 
1103 240.353 167.726 0 
1104 240.225 176.251 0 
1105 240.076 183.826 0 
1106 240.008 191.314 0 
1107 239.699 199.515 0 
1108 238.847 209.1 0 
1109 237.991 221.471 0 
1110 238.369 225.498 0 
1111 238.325 230.012 0 
1112 238.098 235.17 0 
1113 237.78 240.877 0 
1114 237.491 246.978 0 
1115 237.253 253.267 0 
1116 237.043 259.598 0 
1117 236.868 265.863 0 
1118 236.767 271.977 0 
1119 236.834 277.888 0 
1120 242.992 298.975 0 
1121 250.861 15.6679 0 
1122 249.429 34.8696 0 
1123 246.631 45.0326 0 
1124 243.693 54.0092 0 
1125 240.563 63.4286 0 
1126 240.79 69.0063 0 
1127 241.418 72.6867 0 
1128 241.19 78.2092 0 
1129 240.659 84.8413 0 
1130 240.296 92.044 0 
1131 240.238 99.5314 0 
1132 240.462 107.122 0 
1133 240.928 114.618 0 
1134 241.471 121.884 0 
1135 241.981 128.901 0 
1136 242.536 135.817 0 
1137 243.258 142.883 0 
1138 244.174 150.314 0 
1139 244.786 158.42 0 
1140 245.255 167.068 0 
1141 245.46 175.516 0 
1142 245.681 183.713 0 
1143 245.741 191.692 0 
1144 245.383 200.158 0 
1145 244.771 209.867 0 
1146 244.595 223.191 0 
1147 246.232 226.928 0 
1148 246.95 230.446 0 
1149 246.653 235.114 0 
1150 246.074 240.718 0 
1151 245.62 246.941 0 
1152 245.258 253.42 0 
1153 244.967 259.953 0 
1154 244.737 266.435 0 
1155 244.574 272.801 0 
1156 244.51 278.995 0 
1157 250.861 298.975 0 
1158 258.731 15.6679 0 
1159 253.907 31.1932 0 
1160 253.216 39.5136 0 
1161 253.479 48.6766 0 
1162 252.094 57.3879 0 
1163 251.805 63.9587 0 
1164 250.919 70.2405 0 
1165 249.15 77.0372 0 
1166 247.168 84.2582 0 
1167 245.818 91.7501 0 
1168 245.273 99.3138 0 
1169 245.227 107.002 0 
1170 245.88 114.702 0 
1171 246.756 122.081 0 
1172 247.359 129.136 0 
1173 247.751 136.105 0 
1174 248.1 143.316 0 
1175 248.945 150.885 0 
1176 249.895 158.555 0 
1177 250.331 166.276 0 
1178 250.719 174.543 0 
1179 251.312 183.536 0 
1180 251.523 191.953 0 
1181 251.055 200.358 0 
1182 250.175 209.58 0 
1183 250.769 222.057 0 
1184 255.343 224.454 0 
1185 256.49 229.26 0 
1186 256.06 234.266 0 
1187 254.727 240.066 0 
1188 253.955 246.761 0 
1189 253.399 253.643 0 
1190 252.984 260.515 0 
1191 252.669 267.33 0 
1192 252.418 274.072 0 
1193 252.209 280.701 0 
1194 258.731 298.975 0 
1195 266.6 15.6679 0 
1196 266.6 23.5375 0 
1197 266.6 31.4071 0 
1198 266.6 39.2767 0 
1199 266.6 47.1464 0 
1200 266.6 55.016 0 
1201 266.6 62.8857 0 
1202 266.6 70.7553 0 
1203 266.6 78.6249 0 
1204 266.6 86.4946 0 
1205 266.6 94.3642 0 
1206 266.6 102.234 0 
1207 266.6 110.103 0 
1208 266.6 117.973 0 
1209 266.6 125.843 0 
1210 266.6 133.712 0 
1211 266.6 141.582 0 
1212 266.6 149.452 0 
1213 266.6 157.321 0 
1214 266.6 165.191 0 
1215 266.6 173.061 0 
1216 266.6 180.93 0 
1217 266.6 188.8 0 
1218 266.6 196.669 0 
1219 266.6 204.539 0 
1220 266.6 212.409 0 
1221 266.6 220.278 0 
1222 265.65 227.845 0 
1223 264.214 232.16 0 
1224 263.204 238.659 0 
1225 262.287 246.529 0 
1226 261.506 254.021 0 
1227 260.957 261.329 0 
1228 260.578 268.569 0 
1229 260.278 275.834 0 
1230 259.997 283.2 0 
1231 266.6 298.975 0 
1232 274.47 220.278 0 
1233 274.552 229.268 0 
1234 275.229 231.387 0 
1235 272.802 238.814 0 
1236 270.562 246.921 0 
1237 269.349 254.74 0 
1238 268.703 262.403 0 
1239 268.34 270.084 0 
1240 268.063 277.945 0 
1241 267.667 286.243 0 
1242 274.47 298.975 0 
1243 282.34 220.278 0 
1244 283.583 225.741 0 
1245 281.67 231.53 0 
1246 278.876 239.463 0 
1247 277.217 247.628 0 
1248 276.357 255.616 0 
1249 275.948 263.573 0 
1250 275.781 271.666 0 
1251 275.676 280.067 0 
1252 275.229 288.875 0 
1253 282.34 298.975 0 
1254 290.209 220.278 0 
1255 288.15 224.705 0 
1256 284.556 231.468 0 
1257 283.317 239.696 0 
1258 282.802 248.072 0 
1259 282.608 256.313 0 
1260 282.608 264.576 0 
1261 282.787 273.074 0 
1262 283.201 282.09 0 
1263 283.791 291.951 0 
1264 290.209 298.975 0 
1265 298.079 220.278 0 
1266 293.727 224.033 0 
1267 288.274 230.698 0 
1268 287.133 239.358 0 
1269 287.758 248.184 0 
1270 288.263 256.693 0 
1271 288.614 265.168 0 
1272 289.018 273.948 0 
1273 289.997 283.461 0 
1274 292.285 294.476 0 
1275 298.079 298.975 0 
1276 305.949 220.278 0 
1277 298.807 224.51 0 
1278 292.237 230.842 0 
1279 291.258 239.692 0 
1280 292.46 248.356 0 
1281 293.65 256.768 0 
1282 294.026 265.144 0 
1283 293.974 273.913 0 
1284 294.668 283.576 0 
1285 298.024 294.612 0 
1286 305.949 298.975 0 
1287 313.818 220.278 0 
1288 303.545 225.786 0 
1289 296.683 231.262 0 
1290 296.107 241.084 0 
1291 297.999 248.931 0 
1292 299.703 256.559 0 
1293 299.706 264.248 0 
1294 297.52 272.519 0 
1295 297.516 282.04 0 
1296 301.307 292.276 0 
1297 313.818 298.975 0 
1298 321.688 220.278 0 
1299 306.177 229.386 0 
1300 303.425 233.919 0 
1301 303.774 243.069 0 
1302 305.632 250.238 0 
1303 308.012 256.559 0 
1304 308.349 262.287 0 
1305 305.586 268.548 0 
1306 300.221 277.095 0 
1307 306.973 288.571 0 
1308 321.688 298.975 0 
1309 329.557 220.278 0 
1310 319.093 234.728 0 
1311 316.641 242.712 0 
1312 315.203 246.804 0 
1313 316.929 250.662 0 
1314 319.938 255.074 0 
1315 321.377 259.494 0 
1316 319.267 263.094 0 
1317 315.891 269.088 0 
1318 314.719 280.466 0 
1319 329.557 298.975 0 
1320 337.427 220.278 0 
1321 337.427 228.148 0 
1322 337.427 236.018 0 
1323 337.427 243.887 0 
1324 337.427 251.757 0 
1325 337.427 259.626 0 
1326 337.427 267.496 0 
1327 337.427 275.366 0 
1328 337.427 283.235 0 
1329 337.427 291.105 0 
1330 337.427 298.975 0 
