0 -16.7063 204.539 0 
1 -16.7063 212.409 0 
2 -16.7063 220.278 0 
3 -16.7063 228.148 0 
4 -16.7063 236.018 0 
5 -16.7063 243.887 0 
6 -16.7063 251.757 0 
7 -16.7063 259.626 0 
8 -16.7063 267.496 0 
9 -16.7063 275.366 0 
10 -16.7063 283.235 0 
11 -16.7063 291.105 0 
12 -8.83668 204.539 0 
13 -2.25282 217.05 0 
14 -6.56983 223.26 0 
15 -11.6075 227.349 0 
16 -5.4192 235.206 0 
17 -4.26293 237.266 0 
18 -6.57916 241.099 0 
19 -8.48334 251.704 0 
20 -11.4153 267.604 0 
21 -6.15476 273.02 0 
22 -13.2306 286.948 0 
23 -8.83668 291.105 0 
24 -0.967051 204.539 0 
25 -2.18328 208.367 0 
26 5.10899 222.895 0 
27 6.25324 226.123 0 
28 -4.12665 232.603 0 
29 2.64554 237.924 0 
30 2.63124 244.468 0 
31 -2.65102 245.214 0 
32 0.736217 263.638 0 
33 3.0145 272.524 0 
34 -5.74771 287.835 0 
35 -0.967051 291.105 0 
36 6.90258 204.539 0 
37 12.5568 217.541 0 
38 9.16027 220.802 0 
39 9.42461 222.888 0 
40 15.5474 232.761 0 
41 8.41951 238.105 0 
42 9.26571 255.405 0 
43 5.32757 254.574 0 
44 7.60135 267.539 0 
45 9.77607 274.758 0 
46 9.67106 285.7 0 
47 6.90258 291.105 0 
48 14.7722 204.539 0 
49 16.419 216.597 0 
50 17.8107 219.482 0 
51 14.6891 222.497 0 
52 23.1565 236.637 0 
53 21.6116 238.555 0 
54 14.1663 253.508 0 
55 11.0356 260.931 0 
56 12.9747 269.17 0 
57 18.0802 283.819 0 
58 14.3655 284.702 0 
59 14.7722 291.105 0 
60 22.6418 204.539 0 
61 21.9137 209.258 0 
62 23.552 217.491 0 
63 25.081 222.165 0 
64 25.1991 226.602 0 
65 28.8824 238.967 0 
66 21.5831 251.972 0 
67 14.5209 259.011 0 
68 22.5203 265.997 0 
69 22.2538 281.144 0 
70 20.5967 287.14 0 
71 22.6418 291.105 0 
72 30.5115 204.539 0 
73 24.6371 208.551 0 
74 28.7119 212.449 0 
75 27.1384 219.19 0 
76 30.4113 228.334 0 
77 34.5546 244.199 0 
78 30.3849 247.257 0 
79 38.3922 258.894 0 
80 27.7316 266.111 0 
81 27.2095 277.876 0 
82 25.3745 282.301 0 
83 30.5115 291.105 0 
84 38.3811 204.539 0 
85 41.8055 210.635 0 
86 41.271 214.487 0 
87 40.6432 217.549 0 
88 34.3984 228.609 0 
89 38.546 240.866 0 
90 44.2444 254.39 0 
91 42.7646 258.076 0 
92 38.6861 265.449 0 
93 30.8006 275.936 0 
94 39.1582 287.731 0 
95 38.3811 291.105 0 
96 46.2507 204.539 0 
97 46.7621 207.27 0 
98 47.0554 223.268 0 
99 46.1329 225.603 0 
100 40.068 226.971 0 
101 45.9892 247.013 0 
102 47.7635 251.868 0 
103 51.9761 253.312 0 
104 43.7478 272.383 0 
105 39.4128 273.607 0 
106 39.7061 278.769 0 
107 46.2507 291.105 0 
108 54.1204 204.539 0 
109 57.8761 208.188 0 
110 56.0856 210.96 0 
111 54.6382 231.702 0 
112 56.4986 238.493 0 
113 50.7631 240.101 0 
114 50.1573 249.662 0 
115 54.9354 251.988 0 
116 57.6798 261.737 0 
117 50.2428 279.841 0 
118 54.5734 286.929 0 
119 54.1204 291.105 0 
120 61.99 204.539 0 
121 65.2915 209.714 0 
122 63.6045 221.077 0 
123 62.4309 223.443 0 
124 60.5398 231.216 0 
125 61.41 243.232 0 
126 53.3157 248.138 0 
127 60.7126 251.618 0 
128 67.0197 270.388 0 
129 61.2581 271.214 0 
130 55.6211 284.351 0 
131 61.99 291.105 0 
132 69.8596 204.539 0 
133 72.1584 213.835 0 
134 66.6889 224.795 0 
135 64.7326 225.833 0 
136 63.919 228.751 0 
137 64.9407 239.211 0 
138 67.7744 247.575 0 
139 65.8791 250.805 0 
140 71.4851 266.694 0 
141 72.2578 276.363 0 
142 71.9559 283.037 0 
143 69.8596 291.105 0 
144 77.7293 204.539 0 
145 77.4177 218.22 0 
146 76.5807 220.754 0 
147 70.8269 229.424 0 
148 74.5626 236.804 0 
149 67.9992 236.627 0 
150 74.8273 246.278 0 
151 76.4426 254.334 0 
152 73.5791 255.851 0 
153 78.9903 268.639 0 
154 78.851 273.595 0 
155 77.7293 291.105 0 
156 77.7293 298.975 0 
157 77.7293 306.844 0 
158 77.7293 314.714 0 
159 77.7293 322.583 0 
160 77.7293 330.453 0 
161 77.7293 338.323 0 
162 77.7293 346.192 0 
163 77.7293 354.062 0 
164 77.7293 361.932 0 
165 77.7293 369.801 0 
166 77.7293 377.671 0 
167 77.7293 385.541 0 
168 77.7293 393.41 0 
169 77.7293 401.28 0 
170 77.7293 409.15 0 
171 85.5989 7.79822 0 
172 85.5989 15.6679 0 
173 85.5989 23.5375 0 
174 85.5989 31.4071 0 
175 85.5989 39.2767 0 
176 85.5989 47.1464 0 
177 85.5989 55.016 0 
178 85.5989 62.8857 0 
179 85.5989 70.7553 0 
180 85.5989 78.6249 0 
181 85.5989 86.4946 0 
182 85.5989 94.3642 0 
183 85.5989 102.234 0 
184 85.5989 110.103 0 
185 85.5989 117.973 0 
186 85.5989 125.843 0 
187 85.5989 133.712 0 
188 85.5989 141.582 0 
189 85.5989 149.452 0 
190 85.5989 157.321 0 
191 85.5989 165.191 0 
192 85.5989 173.061 0 
193 85.5989 180.93 0 
194 85.5989 188.8 0 
195 85.5989 196.669 0 
196 85.5989 204.539 0 
197 83.3161 206.689 0 
198 82.4584 219.007 0 
199 75.0792 230.586 0 
200 77.2313 233.464 0 
201 77.7814 242.37 0 
202 79.3917 246.725 0 
203 82.5608 258.672 0 
204 80.7223 261.514 0 
205 85.254 271.838 0 
206 86.3189 281.686 0 
207 83.7885 284.466 0 
208 85.4559 300.252 0 
209 90.6781 307.438 0 
210 83.9993 315.084 0 
211 85.6748 324.732 0 
212 80.7172 328.244 0 
213 84.8601 341.629 0 
214 82.0965 346.419 0 
215 88.7506 354.239 0 
216 88.2602 358.443 0 
217 80.8051 372.948 0 
218 80.8514 377.246 0 
219 82.1083 382.915 0 
220 93.7944 392.046 0 
221 82.1391 402.234 0 
222 85.5989 409.15 0 
223 93.4685 7.79822 0 
224 88.8849 13.8023 0 
225 90.6319 25.7301 0 
226 88.4483 26.3347 0 
227 90.0342 36.2808 0 
228 95.0746 48.8969 0 
229 104.094 56.6253 0 
230 93.8686 63.7934 0 
231 102.026 72.0878 0 
232 102.526 75.964 0 
233 97.1128 81.4128 0 
234 90.1919 99.9482 0 
235 92.0536 108.068 0 
236 89.3042 109.613 0 
237 91.9985 124.88 0 
238 91.7249 130.145 0 
239 91.8986 134.574 0 
240 99.9171 140.222 0 
241 96.1961 153.264 0 
242 96.5066 157.529 0 
243 93.0257 163.512 0 
244 99.7135 177.014 0 
245 92.1433 180.099 0 
246 94.893 191.281 0 
247 91.8636 193.898 0 
248 91.0138 205.855 0 
249 87.1363 212.38 0 
250 85.8182 218.599 0 
251 83.749 228.482 0 
252 80.5648 232.553 0 
253 80.2269 238.278 0 
254 92.7305 249.886 0 
255 86.6739 252.519 0 
256 86.6869 264.512 0 
257 92.4256 277.6 0 
258 89.7397 279.25 0 
259 94.8448 294.853 0 
260 95.1311 300.717 0 
261 93.4707 306.938 0 
262 98.5781 309.805 0 
263 89.2555 324.271 0 
264 96.579 330.377 0 
265 88.2171 340.816 0 
266 93.4855 347.186 0 
267 91.5806 353.076 0 
268 90.9656 362.861 0 
269 87.7179 369.887 0 
270 91.9457 379.338 0 
271 102.645 387.061 0 
272 98.1779 391.496 0 
273 97.6299 404.657 0 
274 93.4685 409.15 0 
275 101.338 7.79822 0 
276 93.8801 11.3808 0 
277 106.828 19.8449 0 
278 95.7118 32.5987 0 
279 96.0107 36.203 0 
280 105.762 50.9623 0 
281 106.06 54.2085 0 
282 113.751 62.5132 0 
283 105.171 69.6633 0 
284 105.559 77.5327 0 
285 104.649 86.4067 0 
286 102.791 89.5608 0 
287 98.4333 103.991 0 
288 97.8159 116.408 0 
289 99.5078 122.401 0 
290 108.191 125.04 0 
291 106.974 130.953 0 
292 107.341 140.013 0 
293 105.258 143.646 0 
294 101.735 162.682 0 
295 97.8178 163.728 0 
296 105.998 180.161 0 
297 104.048 182.208 0 
298 97.9898 192.948 0 
299 96.1353 202.548 0 
300 95.7405 214.276 0 
301 94.3929 219.532 0 
302 90.0617 221.529 0 
303 87.5837 226.315 0 
304 99.9101 236.537 0 
305 103.448 242.834 0 
306 95.9122 247.241 0 
307 100.677 255.432 0 
308 92.9557 258.409 0 
309 95.0693 267.483 0 
310 99.4242 284.373 0 
311 98.3881 287.297 0 
312 103.392 298.257 0 
313 103.14 302.118 0 
314 101.757 308.124 0 
315 97.8722 320.898 0 
316 98.791 327.236 0 
317 100.803 334.462 0 
318 94.0262 344.209 0 
319 98.8785 348.029 0 
320 95.9205 370.583 0 
321 95.731 374.849 0 
322 95.4337 377.674 0 
323 107.186 386.561 0 
324 112.732 394.495 0 
325 107.205 399.208 0 
326 101.338 409.15 0 
327 109.208 7.79822 0 
328 107.386 12.0599 0 
329 112.456 17.6977 0 
330 105.316 29.6395 0 
331 111.175 37.8424 0 
332 108.203 41.6887 0 
333 119.87 55.5705 0 
334 118.558 61.7612 0 
335 110.782 71.4313 0 
336 109.188 84.068 0 
337 107.518 87.5928 0 
338 104.921 99.6131 0 
339 102.581 103.79 0 
340 101.71 113.964 0 
341 111.641 115.283 0 
342 107.633 122.535 0 
343 113.264 124.72 0 
344 116.258 133.538 0 
345 109.063 154.111 0 
346 107.115 159.252 0 
347 106.361 169.904 0 
348 110.145 178.284 0 
349 105.551 186.069 0 
350 104.382 189.007 0 
351 105.838 193.082 0 
352 105.467 199.469 0 
353 104.184 213.538 0 
354 100.581 224.238 0 
355 102.322 229.532 0 
356 110.989 237.928 0 
357 107.696 240.398 0 
358 105.131 252.691 0 
359 104.412 255.463 0 
360 99.5394 259.182 0 
361 109.314 279.707 0 
362 102.772 281.868 0 
363 107.689 290.745 0 
364 105.033 294.862 0 
365 112.738 306.381 0 
366 108.067 310.635 0 
367 105.577 312.332 0 
368 115.12 332.407 0 
369 119.399 339.676 0 
370 106.627 343.288 0 
371 103.147 348.852 0 
372 102.847 367.272 0 
373 108.796 369.791 0 
374 106.156 376.452 0 
375 106.322 380.537 0 
376 115.149 387.903 0 
377 118.177 399.334 0 
378 109.208 409.15 0 
379 117.077 7.79822 0 
380 119.129 15.3436 0 
381 119.399 19.5435 0 
382 115.323 32.7207 0 
383 123.581 43.2108 0 
384 126.2 48.5349 0 
385 124.893 53.3617 0 
386 121.819 67.0377 0 
387 119.408 67.2426 0 
388 113.301 80.7924 0 
389 113.937 92.0265 0 
390 108.055 99.3565 0 
391 110.391 102.32 0 
392 111.345 104.72 0 
393 113.465 111.555 0 
394 118.672 119 0 
395 117.434 123.323 0 
396 125.383 141.018 0 
397 117.912 147.244 0 
398 115.9 153.782 0 
399 116.377 156.883 0 
400 116.581 164.617 0 
401 117.917 179.987 0 
402 112.304 188.366 0 
403 110.244 190.489 0 
404 110.476 207.247 0 
405 110.592 221.388 0 
406 110.023 226.041 0 
407 118.743 233.771 0 
408 116.084 238.037 0 
409 111.432 247.738 0 
410 108.402 253.409 0 
411 108.881 259.173 0 
412 109.125 263.154 0 
413 111.975 270.083 0 
414 117.624 288.432 0 
415 117.071 293.371 0 
416 119.916 301.119 0 
417 121.473 308.867 0 
418 111.244 310.834 0 
419 112.707 317.041 0 
420 116.925 325.244 0 
421 121.579 339.678 0 
422 122.183 346.835 0 
423 121.408 351.374 0 
424 108.722 360.975 0 
425 109.07 366.53 0 
426 114.257 373.311 0 
427 122.259 383.928 0 
428 125.859 390.39 0 
429 121.759 397.663 0 
430 117.077 409.15 0 
431 124.947 7.79822 0 
432 121.101 11.3603 0 
433 122.57 22.3424 0 
434 120.629 28.6493 0 
435 126.113 41.3241 0 
436 129.998 47.6643 0 
437 127.409 61.171 0 
438 126.264 65.3602 0 
439 122.399 71.6021 0 
440 121.518 74.9577 0 
441 116.841 91.8785 0 
442 122.151 95.2596 0 
443 123.614 98.6585 0 
444 120.386 105.647 0 
445 119.109 109.67 0 
446 124.733 122.344 0 
447 130.445 133.499 0 
448 132.097 141.51 0 
449 121.596 147.347 0 
450 127.348 153.787 0 
451 120.514 159 0 
452 123.008 174.41 0 
453 121.219 178.432 0 
454 125.599 182.684 0 
455 115.33 196.791 0 
456 115.045 202.338 0 
457 116.662 208.822 0 
458 117.551 218.489 0 
459 124.779 233.289 0 
460 128.445 237.211 0 
461 120.112 247.894 0 
462 130.499 255.172 0 
463 129.959 261.219 0 
464 121.567 267.216 0 
465 130.139 276.411 0 
466 120.051 279.394 0 
467 123.775 288.823 0 
468 129.914 304.711 0 
469 131.333 308.697 0 
470 127.431 318.049 0 
471 127.743 324.314 0 
472 130.606 332.391 0 
473 125.47 334.637 0 
474 124.941 348.53 0 
475 126.673 356.75 0 
476 125.084 359.922 0 
477 126.504 364.599 0 
478 116.592 372.511 0 
479 124.246 379.885 0 
480 127.794 390.333 0 
481 125.811 396.216 0 
482 124.947 409.15 0 
483 132.817 7.79822 0 
484 127.419 11.4904 0 
485 138.022 20.7761 0 
486 137.726 25.3342 0 
487 130.183 33.1662 0 
488 134.782 43.8912 0 
489 133.531 54.4979 0 
490 138.448 64.8965 0 
491 138.883 68.3714 0 
492 131.582 75.6549 0 
493 131.599 83.5112 0 
494 125.381 94.3679 0 
495 132.715 102.287 0 
496 133.889 110.152 0 
497 125.266 112.674 0 
498 130.607 126.131 0 
499 135.21 135.412 0 
500 136.602 145.9 0 
501 136.903 149.292 0 
502 131.535 154.014 0 
503 135.586 165.721 0 
504 125.991 167.437 0 
505 130.803 174.87 0 
506 127.955 182.728 0 
507 128.544 189.853 0 
508 133.759 203.296 0 
509 129.066 217.321 0 
510 130.824 227.04 0 
511 131.552 232.996 0 
512 132.817 236.018 0 
513 132.817 243.887 0 
514 132.817 251.757 0 
515 132.817 259.626 0 
516 132.817 267.496 0 
517 132.817 275.366 0 
518 132.817 283.235 0 
519 132.817 291.105 0 
520 131.825 295.21 0 
521 134.785 302.52 0 
522 134.944 311.022 0 
523 130.627 323.144 0 
524 132.817 330.453 0 
525 132.817 338.323 0 
526 132.817 346.192 0 
527 132.817 354.062 0 
528 132.817 361.932 0 
529 132.817 369.801 0 
530 134.647 374.315 0 
531 127.793 379.413 0 
532 132.371 394.571 0 
533 134.002 405.219 0 
534 132.817 409.15 0 
535 140.686 7.79822 0 
536 136.968 12.287 0 
537 144.582 21.8487 0 
538 140.127 26.3815 0 
539 135.926 31.7222 0 
540 145.287 51.0023 0 
541 147.386 57.7776 0 
542 141.677 64.92 0 
543 146.166 70.9631 0 
544 138.41 80.7375 0 
545 137.935 83.5664 0 
546 139.188 91.2546 0 
547 140.529 94.5846 0 
548 136.725 110.464 0 
549 130.702 116.519 0 
550 134.05 125.284 0 
551 138.458 127.292 0 
552 140.703 136.022 0 
553 143.503 142.579 0 
554 139.08 155.993 0 
555 143.875 160.905 0 
556 137.581 172.029 0 
557 138.447 176.54 0 
558 131.863 180.994 0 
559 139.235 197.329 0 
560 139.476 201.892 0 
561 133.382 215.652 0 
562 138.272 216.389 0 
563 139.173 219.44 0 
564 140.686 236.018 0 
565 140.686 291.105 0 
566 144.307 300.974 0 
567 143.367 304.167 0 
568 140.715 305.901 0 
569 138.467 323.78 0 
570 140.686 330.453 0 
571 140.686 369.801 0 
572 137.103 374.169 0 
573 139.377 379.076 0 
574 145.064 388.295 0 
575 136.363 403.148 0 
576 140.686 409.15 0 
577 148.556 7.79822 0 
578 148.422 12.9223 0 
579 151.334 24.682 0 
580 156.937 35.6011 0 
581 156.308 41.6726 0 
582 148.698 45.4658 0 
583 151.354 59.8249 0 
584 146.016 64.0097 0 
585 155.215 68.6334 0 
586 152.576 75.2244 0 
587 148.747 81.7934 0 
588 145.846 85.472 0 
589 145.863 98.0295 0 
590 143.629 106.501 0 
591 151.582 115.745 0 
592 144.82 121.755 0 
593 144.112 126.644 0 
594 142.222 130.763 0 
595 149.592 144.147 0 
596 147.122 147.599 0 
597 149.807 161.107 0 
598 144.662 167.442 0 
599 146.032 171.858 0 
600 139.838 183.053 0 
601 148.415 190.11 0 
602 142.816 207.831 0 
603 141.957 211.14 0 
604 141.549 214.108 0 
605 147.175 225.287 0 
606 148.556 236.018 0 
607 148.556 243.887 0 
608 148.556 251.757 0 
609 148.556 291.105 0 
610 151.908 296.412 0 
611 148.328 304.994 0 
612 150.968 315.345 0 
613 144.802 314.209 0 
614 148.556 330.453 0 
615 148.556 369.801 0 
616 153.03 381.523 0 
617 150.692 385.194 0 
618 150.742 391.252 0 
619 150.559 396.644 0 
620 148.556 409.15 0 
621 156.426 7.79822 0 
622 161.018 11.0896 0 
623 156.63 19.2697 0 
624 160.43 33.6447 0 
625 160.537 36.0588 0 
626 160.773 49.5572 0 
627 155.764 51.7805 0 
628 158.228 63.5558 0 
629 158.872 66.7297 0 
630 155.366 75.6352 0 
631 153.845 78.7878 0 
632 159.103 98.49 0 
633 156.363 102.415 0 
634 148.48 105.978 0 
635 156.621 115.425 0 
636 159.71 121.285 0 
637 149.919 127.023 0 
638 157.55 141.711 0 
639 158.119 148.084 0 
640 156.218 158.96 0 
641 154.495 165.114 0 
642 155.181 169.194 0 
643 158.719 174.062 0 
644 159.782 180.14 0 
645 159.654 186.458 0 
646 149.475 205.579 0 
647 152.883 207.736 0 
648 149.942 219.708 0 
649 156.241 230.754 0 
650 156.176 232.974 0 
651 154.619 248.235 0 
652 156.426 251.757 0 
653 156.426 291.105 0 
654 161.296 294.378 0 
655 157.509 299.321 0 
656 154.857 316.5 0 
657 152.434 320.174 0 
658 156.426 330.453 0 
659 156.426 369.801 0 
660 157.596 380.778 0 
661 152.964 384.883 0 
662 155.388 387.577 0 
663 157.575 405.614 0 
664 156.426 409.15 0 
665 164.295 7.79822 0 
666 164.295 15.6679 0 
667 164.295 23.5375 0 
668 164.295 31.4071 0 
669 164.295 39.2767 0 
670 164.295 47.1464 0 
671 164.295 55.016 0 
672 164.295 62.8857 0 
673 164.295 70.7553 0 
674 164.295 78.6249 0 
675 164.295 86.4946 0 
676 164.295 94.3642 0 
677 160.257 101.701 0 
678 159.08 107.445 0 
679 163.729 115.197 0 
680 164.619 124.239 0 
681 162.693 126.516 0 
682 158.177 130.696 0 
683 162.671 142.03 0 
684 165.753 158.338 0 
685 167.288 162.603 0 
686 167.517 167.49 0 
687 163.558 176.46 0 
688 168.992 187.736 0 
689 169.878 194.361 0 
690 165.244 198.544 0 
691 162.751 205.352 0 
692 167.307 215.81 0 
693 158.809 225.457 0 
694 161.279 231.369 0 
695 163.748 246.532 0 
696 164.295 251.757 0 
697 164.295 259.626 0 
698 164.295 267.496 0 
699 164.295 275.366 0 
700 164.295 283.235 0 
701 164.295 291.105 0 
702 167.378 295.161 0 
703 165.736 297.435 0 
704 160.756 319.197 0 
705 163.291 326.359 0 
706 164.295 330.453 0 
707 164.295 369.801 0 
708 163.502 372.38 0 
709 161.357 383.659 0 
710 161.05 388.293 0 
711 161.851 394.891 0 
712 164.295 409.15 0 
713 172.165 94.3642 0 
714 167.44 103.743 0 
715 175.29 114.719 0 
716 173.316 118.333 0 
717 170.45 119.955 0 
718 172.562 136.469 0 
719 170.502 137.94 0 
720 177.573 151.931 0 
721 172.165 157.321 0 
722 172.165 165.191 0 
723 172.165 173.061 0 
724 172.165 180.93 0 
725 172.165 188.8 0 
726 172.165 196.669 0 
727 171.149 200.066 0 
728 174.395 217.144 0 
729 173.624 221.498 0 
730 173.347 228.976 0 
731 173.89 236.378 0 
732 168.809 242.977 0 
733 169.208 249.74 0 
734 168.614 261.489 0 
735 173.82 270.75 0 
736 176.495 280.257 0 
737 174.772 285.409 0 
738 179.654 294.158 0 
739 178.168 297.309 0 
740 171.28 307.537 0 
741 170.628 312.179 0 
742 167.159 324.1 0 
743 172.165 330.453 0 
744 172.165 338.323 0 
745 172.165 346.192 0 
746 172.165 354.062 0 
747 172.165 361.932 0 
748 172.165 369.801 0 
749 169.683 376.8 0 
750 164.688 381.187 0 
751 177.597 391.248 0 
752 172.743 403.982 0 
753 172.165 409.15 0 
754 180.035 94.3642 0 
755 179.407 95.4554 0 
756 181.735 116.048 0 
757 179.897 117.583 0 
758 182.274 131.191 0 
759 179.179 132.647 0 
760 176.448 137.594 0 
761 184.441 149.378 0 
762 180.035 157.321 0 
763 180.035 196.669 0 
764 184.118 201.692 0 
765 179.974 218.541 0 
766 175.567 222.21 0 
767 176.464 225.976 0 
768 182.67 237.831 0 
769 183.291 241.067 0 
770 181.006 251.768 0 
771 175.72 256.774 0 
772 184.92 274.154 0 
773 177.569 277.615 0 
774 188.376 287.829 0 
775 184.038 293.31 0 
776 181.124 296.118 0 
777 179.195 306.673 0 
778 184.124 313.239 0 
779 171.007 322.733 0 
780 182.155 328.891 0 
781 178.877 344.107 0 
782 179.147 349.929 0 
783 181.991 356.668 0 
784 180.304 359.37 0 
785 179.646 369.166 0 
786 172.443 374.88 0 
787 182.379 382.814 0 
788 180.879 387.871 0 
789 182.71 403.392 0 
790 180.035 409.15 0 
791 187.904 94.3642 0 
792 186.694 96.5408 0 
793 189.376 102.689 0 
794 189.696 122.441 0 
795 187.652 125.277 0 
796 187.2 134.025 0 
797 190.707 139.438 0 
798 189.009 145.211 0 
799 187.904 157.321 0 
800 187.904 196.669 0 
801 190.511 202.836 0 
802 185.051 219.473 0 
803 191.974 225.85 0 
804 185.636 232.607 0 
805 187.481 239.738 0 
806 187.474 245.336 0 
807 185.756 248.36 0 
808 190.574 269.125 0 
809 190.436 277.686 0 
810 191.065 281.256 0 
811 192.238 287.014 0 
812 185.201 297.193 0 
813 184.014 301.046 0 
814 182.736 305.2 0 
815 186.316 312.746 0 
816 191.287 320.415 0 
817 185.121 327.265 0 
818 192.163 336.415 0 
819 193.728 340.407 0 
820 184.607 355.443 0 
821 182.431 362.636 0 
822 182.123 366.936 0 
823 183.053 374.97 0 
824 185.197 381.227 0 
825 185.9 390.296 0 
826 187.661 401.594 0 
827 187.904 409.15 0 
828 195.774 15.6679 0 
829 195.774 23.5375 0 
830 195.774 31.4071 0 
831 195.774 39.2767 0 
832 195.774 47.1464 0 
833 195.774 55.016 0 
834 195.774 62.8857 0 
835 195.774 70.7553 0 
836 195.774 78.6249 0 
837 195.774 86.4946 0 
838 195.774 94.3642 0 
839 194.224 97.8359 0 
840 195.185 105.985 0 
841 196.629 121.083 0 
842 191.283 125.843 0 
843 191.555 134.669 0 
844 196.919 143.077 0 
845 193.469 144.073 0 
846 195.774 157.321 0 
847 195.774 196.669 0 
848 201.932 211.004 0 
849 196.12 211.261 0 
850 196.334 225.769 0 
851 193.744 230.652 0 
852 191.587 237.293 0 
853 206.245 251.217 0 
854 193.773 256.576 0 
855 195.51 265.391 0 
856 194.37 271.109 0 
857 199.344 281.444 0 
858 193.724 285.787 0 
859 196.288 293.544 0 
860 191.305 298.629 0 
861 185.96 305.725 0 
862 189.91 312.276 0 
863 194.467 320.203 0 
864 189.302 326.328 0 
865 198.669 338.862 0 
866 201.114 344.652 0 
867 193.921 350.58 0 
868 194.582 353.26 0 
869 193.445 359.891 0 
870 197.465 375.687 0 
871 201.41 385.281 0 
872 195.918 390.071 0 
873 189.749 394.244 0 
874 195.774 409.15 0 
875 203.643 15.6679 0 
876 200.167 20.8619 0 
877 202.708 34.8115 0 
878 207.471 43.7644 0 
879 202.007 48.1717 0 
880 207.153 58.2586 0 
881 206.22 61.5623 0 
882 200.716 70.0758 0 
883 199.781 84.1559 0 
884 199.478 88.9708 0 
885 199.21 93.4708 0 
886 202.753 101.885 0 
887 198.816 102.601 0 
888 202.324 117.891 0 
889 203.823 123.176 0 
890 205.302 135.803 0 
891 199.098 139.805 0 
892 200.005 145.724 0 
893 203.643 157.321 0 
894 203.643 196.669 0 
895 206.271 204.489 0 
896 209.417 219.32 0 
897 201.113 219.425 0 
898 208.573 239.775 0 
899 205.555 243.152 0 
900 211.986 250.715 0 
901 202.952 259.788 0 
902 199.81 267.119 0 
903 207.054 278.939 0 
904 204.158 282.624 0 
905 211.153 289.497 0 
906 200.551 293.247 0 
907 209.673 301.025 0 
908 209.778 308.011 0 
909 208.872 315.964 0 
910 200.045 320.902 0 
911 208.668 335.703 0 
912 205.473 340.532 0 
913 208.727 345.376 0 
914 202.421 349.657 0 
915 199.71 352.372 0 
916 206.025 370.006 0 
917 206.442 377.61 0 
918 202.182 378.878 0 
919 205.605 389.39 0 
920 205.421 402.786 0 
921 203.643 409.15 0 
922 211.513 15.6679 0 
923 217.766 27.2546 0 
924 212.791 33.8333 0 
925 211.451 38.166 0 
926 213.289 45.5196 0 
927 217.69 55.149 0 
928 207.172 64.1093 0 
929 204.022 69.8493 0 
930 208.784 73.2091 0 
931 214.275 79.7571 0 
932 217.141 90.0354 0 
933 204.256 99.3871 0 
934 207.144 107.2 0 
935 205.553 112.137 0 
936 214.889 126.14 0 
937 210.336 129.547 0 
938 213.559 146.038 0 
939 213.672 151.243 0 
940 211.513 157.321 0 
941 211.513 165.191 0 
942 211.513 173.061 0 
943 211.513 180.93 0 
944 211.513 188.8 0 
945 211.513 196.669 0 
946 209.615 200.204 0 
947 212.542 215.653 0 
948 212.609 226.119 0 
949 211.852 230.007 0 
950 215.124 245.34 0 
951 213.636 248.363 0 
952 219.408 256.64 0 
953 212.88 269.873 0 
954 208.172 273.596 0 
955 211.415 283.53 0 
956 216.174 287.773 0 
957 215.253 295.368 0 
958 211.513 298.975 0 
959 211.513 306.844 0 
960 211.513 314.714 0 
961 211.513 322.583 0 
962 211.513 330.453 0 
963 211.513 338.323 0 
964 211.513 346.192 0 
965 211.513 354.062 0 
966 211.513 361.932 0 
967 211.513 369.801 0 
968 211.513 377.671 0 
969 211.513 385.541 0 
970 211.513 393.41 0 
971 211.513 401.28 0 
972 211.513 409.15 0 
973 219.383 15.6679 0 
974 219.066 21.6291 0 
975 222.592 36.7635 0 
976 224.676 45.7922 0 
977 225.903 53.4605 0 
978 220.602 54.7999 0 
979 224.035 59.8717 0 
980 223.302 64.7307 0 
981 218.425 72.25 0 
982 219.702 80.9434 0 
983 221.53 91.9305 0 
984 216.236 98.3503 0 
985 221.69 105.06 0 
986 214.842 112.675 0 
987 216.793 119.07 0 
988 220.041 129.735 0 
989 218.758 133.808 0 
990 221.466 146.443 0 
991 215.05 162.55 0 
992 214.947 167.889 0 
993 215.313 171.551 0 
994 221.265 179.885 0 
995 220.733 184.477 0 
996 218.52 190.439 0 
997 218.893 204.47 0 
998 214.866 211.79 0 
999 216.381 218.475 0 
1000 218.683 236.784 0 
1001 218.304 243.694 0 
1002 218.184 248.613 0 
1003 228.019 258.479 0 
1004 226.835 261.037 0 
1005 220.963 275.699 0 
1006 218.285 279.292 0 
1007 215.724 284.589 0 
1008 221.456 288.329 0 
1009 219.383 298.975 0 
1010 227.252 15.6679 0 
1011 225.63 25.1539 0 
1012 227.747 30.2577 0 
1013 227.938 34.407 0 
1014 230.076 42.9537 0 
1015 231.06 58.9682 0 
1016 231.352 62.7777 0 
1017 226.6 63.2379 0 
1018 224.102 72.7287 0 
1019 232.104 86.592 0 
1020 227.42 91.0361 0 
1021 220.96 96.2434 0 
1022 230.837 105.494 0 
1023 235.186 109.13 0 
1024 237.147 114.056 0 
1025 235.151 120.32 0 
1026 225.943 143.087 0 
1027 226.479 150.731 0 
1028 226.569 154.17 0 
1029 224.576 163.357 0 
1030 219.063 171.51 0 
1031 230.103 182.894 0 
1032 226.589 187.485 0 
1033 229.341 198.234 0 
1034 231.515 207.948 0 
1035 218.636 210.835 0 
1036 231.033 224.811 0 
1037 230.752 230.487 0 
1038 233.046 234.59 0 
1039 233.154 244.831 0 
1040 228.537 253.983 0 
1041 231.047 259.273 0 
1042 227.342 275.023 0 
1043 229.171 278.413 0 
1044 231.572 281.617 0 
1045 225.21 288.155 0 
1046 227.252 298.975 0 
1047 235.122 15.6679 0 
1048 235.125 18.4805 0 
1049 235.287 35.0849 0 
1050 237.33 40.7686 0 
1051 243.248 52.9389 0 
1052 234.671 51.9553 0 
1053 236.826 63.3479 0 
1054 232.637 67.2015 0 
1055 233.74 77.96 0 
1056 236.023 84.8501 0 
1057 242.973 94.0614 0 
1058 241.197 97.4504 0 
1059 231.59 102.032 0 
1060 242.374 110.465 0 
1061 241.403 117.337 0 
1062 238.76 130.879 0 
1063 234.908 137.035 0 
1064 230.342 146.282 0 
1065 229.681 151.738 0 
1066 235.824 166.535 0 
1067 233.923 173.049 0 
1068 229.871 179.432 0 
1069 235.021 186.249 0 
1070 230.382 190.552 0 
1071 236.225 207.655 0 
1072 236.058 218.048 0 
1073 237.869 226.602 0 
1074 234.603 232.985 0 
1075 235.49 235.868 0 
1076 235.989 247.16 0 
1077 236.492 249.728 0 
1078 235.57 260.71 0 
1079 238.311 263.473 0 
1080 237.654 279.024 0 
1081 234.478 283.039 0 
1082 234.844 287.06 0 
1083 235.122 298.975 0 
1084 242.992 15.6679 0 
1085 238.981 19.0352 0 
1086 239.537 32.7643 0 
1087 244.846 46.9536 0 
1088 247.767 54.0078 0 
1089 247.794 63.2915 0 
1090 246.779 68.544 0 
1091 245.498 70.9307 0 
1092 244.046 79.6171 0 
1093 239.032 81.6705 0 
1094 248.424 95.2894 0 
1095 249.039 99.0996 0 
1096 249.644 105.071 0 
1097 246.392 109.308 0 
1098 248.222 124.634 0 
1099 247.865 129.25 0 
1100 251.212 134.55 0 
1101 249.998 140.515 0 
1102 240.071 156.982 0 
1103 241.521 163.207 0 
1104 240.706 168.292 0 
1105 238.2 175.821 0 
1106 237.859 186.667 0 
1107 240.876 199.952 0 
1108 241.266 210.811 0 
1109 240.233 221.673 0 
1110 240.498 225.003 0 
1111 238.35 232.261 0 
1112 245.369 234.495 0 
1113 240.707 240.137 0 
1114 240.642 246.703 0 
1115 243.832 254.01 0 
1116 242.759 260.193 0 
1117 242.483 278.18 0 
1118 246.951 281.868 0 
1119 241.861 294.016 0 
1120 242.992 298.975 0 
1121 250.861 15.6679 0 
1122 248.709 23.0632 0 
1123 253.127 30.1354 0 
1124 253.22 45.9379 0 
1125 248.556 49.6565 0 
1126 257.111 55.5332 0 
1127 255.133 61.0957 0 
1128 254.132 71.9989 0 
1129 248.135 73.7287 0 
1130 251.714 88.6168 0 
1131 253.135 94.4332 0 
1132 251.921 96.4474 0 
1133 252.695 108.723 0 
1134 251.389 115.871 0 
1135 251.99 126.048 0 
1136 250.078 127.616 0 
1137 254.456 135.831 0 
1138 257.488 149.141 0 
1139 251.034 151.423 0 
1140 250.305 157.865 0 
1141 251.147 172.754 0 
1142 248.065 179.664 0 
1143 252.295 188.547 0 
1144 256.719 196.295 0 
1145 252.553 204.118 0 
1146 250.419 211.808 0 
1147 249.905 224.237 0 
1148 254.92 227.146 0 
1149 255.966 232.711 0 
1150 248.135 241.608 0 
1151 255.49 256.528 0 
1152 249.354 259.243 0 
1153 249.216 273.068 0 
1154 247.196 277.617 0 
1155 249.379 281.931 0 
1156 249.667 288.812 0 
1157 250.861 298.975 0 
1158 258.731 15.6679 0 
1159 255.721 20.1628 0 
1160 261.728 35.7173 0 
1161 259.346 36.8124 0 
1162 261.634 51.478 0 
1163 263.983 55.0833 0 
1164 262.483 57.0657 0 
1165 258.211 67.8601 0 
1166 259.219 76.1245 0 
1167 253.967 77.7307 0 
1168 262.346 99.6909 0 
1169 259.063 101.104 0 
1170 255.358 103.136 0 
1171 263.703 121.819 0 
1172 264.537 127.084 0 
1173 255.716 130.33 0 
1174 257.484 136.179 0 
1175 258.722 142.751 0 
1176 264.453 159.667 0 
1177 254.603 161.054 0 
1178 256.768 168.33 0 
1179 263.85 185.823 0 
1180 262.263 193.209 0 
1181 259.782 196.856 0 
1182 259.189 200.739 0 
1183 258.732 207.886 0 
1184 260.58 213.144 0 
1185 263.784 224.417 0 
1186 263.19 239.782 0 
1187 254.761 240.488 0 
1188 258.854 254.105 0 
1189 257.257 262.347 0 
1190 259.204 272.434 0 
1191 263.924 276.684 0 
1192 262.973 285.752 0 
1193 262.114 289.698 0 
1194 258.731 298.975 0 
1195 266.6 15.6679 0 
1196 266.6 23.5375 0 
1197 266.6 31.4071 0 
1198 266.6 39.2767 0 
1199 266.6 47.1464 0 
1200 266.6 55.016 0 
1201 266.6 62.8857 0 
1202 266.6 70.7553 0 
1203 266.6 78.6249 0 
1204 266.6 86.4946 0 
1205 266.6 94.3642 0 
1206 266.6 102.234 0 
1207 266.6 110.103 0 
1208 266.6 117.973 0 
1209 266.6 125.843 0 
1210 266.6 133.712 0 
1211 266.6 141.582 0 
1212 266.6 149.452 0 
1213 266.6 157.321 0 
1214 266.6 165.191 0 
1215 266.6 173.061 0 
1216 266.6 180.93 0 
1217 266.6 188.8 0 
1218 266.6 196.669 0 
1219 266.6 204.539 0 
1220 266.6 212.409 0 
1221 266.6 220.278 0 
1222 267.767 227.265 0 
1223 266.975 239.166 0 
1224 266.9 250.514 0 
1225 262.51 253.488 0 
1226 264.033 262.289 0 
1227 261.742 265.922 0 
1228 270.568 278.254 0 
1229 267.56 280 0 
1230 270.167 294.385 0 
1231 266.6 298.975 0 
1232 274.47 220.278 0 
1233 270.603 224.847 0 
1234 275.819 233.193 0 
1235 271.717 249.886 0 
1236 276.072 255.998 0 
1237 268.266 260.152 0 
1238 278.245 275.796 0 
1239 278.705 281.906 0 
1240 273.072 282.597 0 
1241 279.435 296.805 0 
1242 274.47 298.975 0 
1243 282.34 220.278 0 
1244 284.541 231.421 0 
1245 285.888 238.965 0 
1246 279.852 244.253 0 
1247 284.667 259.067 0 
1248 283.102 261.661 0 
1249 278.373 264.944 0 
1250 287.423 274.255 0 
1251 284.612 291.45 0 
1252 283.615 295.108 0 
1253 282.34 298.975 0 
1254 290.209 220.278 0 
1255 291.109 225.537 0 
1256 289.109 239.967 0 
1257 288.299 250.569 0 
1258 288.321 254.836 0 
1259 294.989 267.724 0 
1260 289.953 269.664 0 
1261 295.384 276.212 0 
1262 290.719 285.854 0 
1263 288.955 296.886 0 
1264 290.209 298.975 0 
1265 298.079 220.278 0 
1266 300.256 226.844 0 
1267 298.763 233.32 0 
1268 292.562 246.595 0 
1269 301.101 245.914 0 
1270 296.992 257.607 0 
1271 302.163 272.395 0 
1272 300.297 276.008 0 
1273 294.593 284.696 0 
1274 299.62 285.825 0 
1275 298.079 298.975 0 
1276 305.949 220.278 0 
1277 306.453 223.731 0 
1278 301.878 231.543 0 
1279 304.845 238.082 0 
1280 304.081 242.438 0 
1281 304.482 251.395 0 
1282 307.219 269.949 0 
1283 307.539 270.726 0 
1284 303.354 279.21 0 
1285 303.274 284.515 0 
1286 305.949 298.975 0 
1287 313.818 220.278 0 
1288 311.346 225.685 0 
1289 314.837 237.117 0 
1290 307.754 238.085 0 
1291 311.327 244.665 0 
1292 314.161 266.026 0 
1293 311.959 268.593 0 
1294 308.854 272.074 0 
1295 308.02 275.735 0 
1296 315.637 293.746 0 
1297 313.818 298.975 0 
1298 321.688 220.278 0 
1299 329.372 223.804 0 
1300 319.878 233.125 0 
1301 325.52 249.205 0 
1302 322.929 252.132 0 
1303 320.399 253.638 0 
1304 321.01 270.34 0 
1305 327.363 277.816 0 
1306 318.231 281.741 0 
1307 323.48 294.269 0 
1308 321.688 298.975 0 
1309 329.557 220.278 0 
1310 334.428 222.468 0 
1311 331.494 229.998 0 
1312 330.082 244.909 0 
1313 334.635 254.958 0 
1314 327.311 257.756 0 
1315 330.567 273.357 0 
1316 332.944 277.84 0 
1317 334.399 282.647 0 
1318 323.447 285.818 0 
1319 329.557 298.975 0 
1320 337.427 220.278 0 
1321 337.427 228.148 0 
1322 337.427 236.018 0 
1323 337.427 243.887 0 
1324 337.427 251.757 0 
1325 337.427 259.626 0 
1326 337.427 267.496 0 
1327 337.427 275.366 0 
1328 337.427 283.235 0 
1329 337.427 291.105 0 
1330 337.427 298.975 0 
