0 -0.745705 0.467811 0 
1 -0.745705 0.502615 0 
2 -0.745705 0.537419 0 
3 -0.745705 0.572223 0 
4 -0.745705 0.607027 0 
5 -0.745705 0.641831 0 
6 -0.745705 0.676635 0 
7 -0.745705 0.711439 0 
8 -0.745705 0.746243 0 
9 -0.745705 0.781047 0 
10 -0.745705 0.815851 0 
11 -0.745705 0.850655 0 
12 -0.745705 0.885459 0 
13 -0.745705 0.920263 0 
14 -0.745705 0.955068 0 
15 -0.710901 0.467811 0 
16 -0.661047 0.561357 0 
17 -0.649407 0.609578 0 
18 -0.646876 0.639704 0 
19 -0.662983 0.655817 0 
20 -0.683261 0.6709 0 
21 -0.702027 0.685272 0 
22 -0.715563 0.701804 0 
23 -0.723205 0.719415 0 
24 -0.722229 0.739428 0 
25 -0.714061 0.758273 0 
26 -0.70172 0.79068 0 
27 -0.688438 0.850694 0 
28 -0.676885 0.913063 0 
29 -0.710901 0.955068 0 
30 -0.676097 0.467811 0 
31 -0.649055 0.543645 0 
32 -0.631316 0.56962 0 
33 -0.626778 0.614279 0 
34 -0.629533 0.644764 0 
35 -0.644927 0.663676 0 
36 -0.658455 0.67928 0 
37 -0.665274 0.693282 0 
38 -0.667417 0.708502 0 
39 -0.663879 0.725254 0 
40 -0.65265 0.74712 0 
41 -0.630264 0.784894 0 
42 -0.612666 0.847919 0 
43 -0.630795 0.886273 0 
44 -0.676097 0.955068 0 
45 -0.641293 0.467811 0 
46 -0.630334 0.544103 0 
47 -0.6163 0.569079 0 
48 -0.60973 0.604289 0 
49 -0.607726 0.632145 0 
50 -0.611982 0.653262 0 
51 -0.61732 0.669941 0 
52 -0.620458 0.68172 0 
53 -0.617658 0.696877 0 
54 -0.610242 0.711697 0 
55 -0.594892 0.733277 0 
56 -0.588849 0.764562 0 
57 -0.587475 0.810247 0 
58 -0.587143 0.884342 0 
59 -0.641293 0.955068 0 
60 -0.606489 0.467811 0 
61 -0.610596 0.555886 0 
62 -0.595411 0.579138 0 
63 -0.584958 0.604935 0 
64 -0.580416 0.62833 0 
65 -0.57982 0.648697 0 
66 -0.580392 0.665942 0 
67 -0.579324 0.679256 0 
68 -0.575071 0.692797 0 
69 -0.568832 0.709293 0 
70 -0.561494 0.731727 0 
71 -0.562738 0.762094 0 
72 -0.553304 0.809329 0 
73 -0.563931 0.878204 0 
74 -0.606489 0.955068 0 
75 -0.571685 0.467811 0 
76 -0.574166 0.571477 0 
77 -0.562044 0.589889 0 
78 -0.553746 0.608221 0 
79 -0.5495 0.628205 0 
80 -0.547587 0.647851 0 
81 -0.546522 0.666192 0 
82 -0.544975 0.682828 0 
83 -0.541827 0.698225 0 
84 -0.537847 0.715359 0 
85 -0.535549 0.739354 0 
86 -0.535551 0.772044 0 
87 -0.533403 0.817829 0 
88 -0.548958 0.87969 0 
89 -0.571685 0.955068 0 
90 -0.536881 0.467811 0 
91 -0.526679 0.579433 0 
92 -0.522071 0.592787 0 
93 -0.518838 0.609444 0 
94 -0.516701 0.628597 0 
95 -0.515246 0.648541 0 
96 -0.514148 0.668278 0 
97 -0.513086 0.687475 0 
98 -0.511865 0.706455 0 
99 -0.510925 0.726437 0 
100 -0.511205 0.750454 0 
101 -0.51404 0.782441 0 
102 -0.519562 0.824909 0 
103 -0.535446 0.88173 0 
104 -0.536881 0.955068 0 
105 -0.502077 0.467811 0 
106 -0.479985 0.576312 0 
107 -0.482933 0.59001 0 
108 -0.483934 0.607978 0 
109 -0.483835 0.628291 0 
110 -0.483228 0.649544 0 
111 -0.482551 0.670885 0 
112 -0.482121 0.692118 0 
113 -0.482294 0.713463 0 
114 -0.483614 0.735859 0 
115 -0.486903 0.761067 0 
116 -0.493314 0.791342 0 
117 -0.504233 0.829227 0 
118 -0.520832 0.878777 0 
119 -0.502077 0.955068 0 
120 -0.467273 -0.680724 0 
121 -0.467273 -0.64592 0 
122 -0.467273 -0.611115 0 
123 -0.467273 -0.576311 0 
124 -0.467273 -0.541507 0 
125 -0.467273 -0.506703 0 
126 -0.467273 -0.471899 0 
127 -0.467273 -0.437095 0 
128 -0.467273 -0.402291 0 
129 -0.467273 -0.367487 0 
130 -0.467273 -0.332683 0 
131 -0.467273 -0.297879 0 
132 -0.467273 0.467811 0 
133 -0.442289 0.564581 0 
134 -0.44856 0.582916 0 
135 -0.451383 0.604343 0 
136 -0.452113 0.627169 0 
137 -0.451851 0.650408 0 
138 -0.451346 0.673476 0 
139 -0.451298 0.696326 0 
140 -0.452322 0.719156 0 
141 -0.455081 0.742586 0 
142 -0.46054 0.767787 0 
143 -0.469733 0.796057 0 
144 -0.484239 0.8291 0 
145 -0.505746 0.869128 0 
146 -0.467273 0.955068 0 
147 -0.432469 -0.680724 0 
148 -0.37863 -0.605229 0 
149 -0.411707 -0.556244 0 
150 -0.432668 -0.531472 0 
151 -0.438019 -0.511679 0 
152 -0.433487 -0.486512 0 
153 -0.419508 -0.457644 0 
154 -0.399843 -0.429625 0 
155 -0.389527 -0.410482 0 
156 -0.393742 -0.397776 0 
157 -0.403545 -0.382353 0 
158 -0.432469 -0.297879 0 
159 -0.432469 0.467811 0 
160 -0.414579 0.548394 0 
161 -0.419799 0.573634 0 
162 -0.421784 0.599745 0 
163 -0.421822 0.625753 0 
164 -0.421028 0.651196 0 
165 -0.420231 0.675982 0 
166 -0.420126 0.700094 0 
167 -0.421437 0.723772 0 
168 -0.425027 0.747512 0 
169 -0.431833 0.772023 0 
170 -0.443167 0.798254 0 
171 -0.460522 0.827159 0 
172 -0.486542 0.859245 0 
173 -0.432469 0.955068 0 
174 -0.397664 -0.680724 0 
175 -0.320353 -0.615167 0 
176 -0.344396 -0.547472 0 
177 -0.368184 -0.531683 0 
178 -0.378154 -0.509668 0 
179 -0.378409 -0.483533 0 
180 -0.373002 -0.454946 0 
181 -0.364739 -0.426374 0 
182 -0.363714 -0.39792 0 
183 -0.365891 -0.378262 0 
184 -0.370357 -0.350421 0 
185 -0.397664 -0.297879 0 
186 -0.397664 0.467811 0 
187 -0.393528 0.532303 0 
188 -0.39492 0.564876 0 
189 -0.394177 0.595721 0 
190 -0.392359 0.624798 0 
191 -0.390324 0.65229 0 
192 -0.388739 0.67851 0 
193 -0.388147 0.70355 0 
194 -0.389318 0.727674 0 
195 -0.393145 0.751207 0 
196 -0.400701 0.774742 0 
197 -0.413315 0.798982 0 
198 -0.432392 0.824879 0 
199 -0.459776 0.853462 0 
200 -0.397664 0.955068 0 
201 -0.362861 -0.959156 0 
202 -0.362861 -0.924352 0 
203 -0.362861 -0.889548 0 
204 -0.362861 -0.854744 0 
205 -0.362861 -0.81994 0 
206 -0.362861 -0.785136 0 
207 -0.362861 -0.750332 0 
208 -0.362861 -0.715528 0 
209 -0.362861 -0.680724 0 
210 -0.292993 -0.630559 0 
211 -0.311707 -0.574992 0 
212 -0.325543 -0.538522 0 
213 -0.333547 -0.511973 0 
214 -0.336581 -0.483278 0 
215 -0.336886 -0.452833 0 
216 -0.337303 -0.42145 0 
217 -0.340644 -0.389879 0 
218 -0.343798 -0.360369 0 
219 -0.347461 -0.326472 0 
220 -0.362861 -0.297879 0 
221 -0.362861 0.467811 0 
222 -0.374032 0.519563 0 
223 -0.371395 0.559435 0 
224 -0.366955 0.593679 0 
225 -0.362687 0.624831 0 
226 -0.359133 0.65392 0 
227 -0.356496 0.681199 0 
228 -0.355168 0.706901 0 
229 -0.355705 0.73115 0 
230 -0.359153 0.754163 0 
231 -0.366834 0.776415 0 
232 -0.380191 0.798621 0 
233 -0.400609 0.821807 0 
234 -0.429076 0.847367 0 
235 -0.362861 0.955068 0 
236 -0.328056 -0.959156 0 
237 -0.267925 -0.885164 0 
238 -0.312663 -0.848761 0 
239 -0.333182 -0.829065 0 
240 -0.336134 -0.801209 0 
241 -0.332025 -0.768123 0 
242 -0.327331 -0.734078 0 
243 -0.322604 -0.705316 0 
244 -0.311501 -0.678848 0 
245 -0.269963 -0.63611 0 
246 -0.284039 -0.589434 0 
247 -0.290448 -0.550018 0 
248 -0.295707 -0.516981 0 
249 -0.299114 -0.485095 0 
250 -0.301624 -0.452378 0 
251 -0.304748 -0.41787 0 
252 -0.310361 -0.378971 0 
253 -0.321057 -0.333163 0 
254 -0.322842 -0.311824 0 
255 -0.328056 -0.297879 0 
256 -0.328056 -0.263075 0 
257 -0.328056 -0.228271 0 
258 -0.328056 -0.193467 0 
259 -0.328056 -0.158663 0 
260 -0.328056 -0.123858 0 
261 -0.328056 -0.0890545 0 
262 -0.328056 -0.0542504 0 
263 -0.328056 -0.0194463 0 
264 -0.328056 0.0153577 0 
265 -0.328056 0.0501618 0 
266 -0.328056 0.0849658 0 
267 -0.328056 0.11977 0 
268 -0.328056 0.154574 0 
269 -0.328056 0.189378 0 
270 -0.328056 0.224182 0 
271 -0.328056 0.258986 0 
272 -0.328056 0.29379 0 
273 -0.328056 0.328594 0 
274 -0.328056 0.363398 0 
275 -0.328056 0.398202 0 
276 -0.328056 0.433006 0 
277 -0.328056 0.467811 0 
278 -0.357392 0.515348 0 
279 -0.351114 0.556705 0 
280 -0.338956 0.592798 0 
281 -0.331749 0.62544 0 
282 -0.32681 0.65575 0 
283 -0.323295 0.684042 0 
284 -0.320963 0.71031 0 
285 -0.320452 0.734537 0 
286 -0.322821 0.756725 0 
287 -0.329812 0.777306 0 
288 -0.343575 0.797433 0 
289 -0.365685 0.817435 0 
290 -0.395864 0.841068 0 
291 -0.328056 0.955068 0 
292 -0.293252 -0.959156 0 
293 -0.226122 -0.875273 0 
294 -0.266981 -0.830532 0 
295 -0.28518 -0.819004 0 
296 -0.290645 -0.795443 0 
297 -0.289042 -0.766033 0 
298 -0.2843 -0.734612 0 
299 -0.276985 -0.703338 0 
300 -0.267566 -0.671492 0 
301 -0.24982 -0.636722 0 
302 -0.252828 -0.593976 0 
303 -0.256679 -0.555933 0 
304 -0.260205 -0.521224 0 
305 -0.263087 -0.487634 0 
306 -0.265583 -0.45398 0 
307 -0.268342 -0.419336 0 
308 -0.27193 -0.383106 0 
309 -0.276724 -0.345502 0 
310 -0.276371 -0.311211 0 
311 -0.27536 -0.285429 0 
312 -0.240937 -0.254979 0 
313 -0.22876 -0.225839 0 
314 -0.233059 -0.192998 0 
315 -0.242564 -0.154342 0 
316 -0.248585 -0.120413 0 
317 -0.253688 -0.0870188 0 
318 -0.25976 -0.0500247 0 
319 -0.263242 -0.0195411 0 
320 -0.26577 0.0104163 0 
321 -0.268662 0.0433325 0 
322 -0.271744 0.0756689 0 
323 -0.274505 0.107873 0 
324 -0.275424 0.141245 0 
325 -0.271075 0.175907 0 
326 -0.256756 0.219208 0 
327 -0.249008 0.25897 0 
328 -0.244469 0.291869 0 
329 -0.239037 0.323171 0 
330 -0.234653 0.35603 0 
331 -0.234244 0.391033 0 
332 -0.242108 0.430612 0 
333 -0.275913 0.477523 0 
334 -0.337331 0.517111 0 
335 -0.315434 0.555972 0 
336 -0.304947 0.59206 0 
337 -0.298105 0.625832 0 
338 -0.292969 0.657517 0 
339 -0.289073 0.68694 0 
340 -0.285811 0.714006 0 
341 -0.283627 0.738372 0 
342 -0.283973 0.759494 0 
343 -0.28889 0.777471 0 
344 -0.302103 0.795642 0 
345 -0.326515 0.813532 0 
346 -0.362076 0.834298 0 
347 -0.293252 0.955068 0 
348 -0.258448 -0.959156 0 
349 -0.205909 -0.882014 0 
350 -0.232722 -0.842309 0 
351 -0.246016 -0.817024 0 
352 -0.249796 -0.79173 0 
353 -0.2485 -0.763214 0 
354 -0.244249 -0.732717 0 
355 -0.238012 -0.700926 0 
356 -0.230952 -0.667779 0 
357 -0.2237 -0.632573 0 
358 -0.222568 -0.595273 0 
359 -0.223908 -0.559041 0 
360 -0.225919 -0.5242 0 
361 -0.227849 -0.490129 0 
362 -0.229613 -0.456099 0 
363 -0.231102 -0.421692 0 
364 -0.232235 -0.38669 0 
365 -0.232311 -0.351495 0 
366 -0.229307 -0.317271 0 
367 -0.223201 -0.28464 0 
368 -0.210852 -0.251526 0 
369 -0.207511 -0.217953 0 
370 -0.211067 -0.184197 0 
371 -0.217413 -0.148515 0 
372 -0.22315 -0.11481 0 
373 -0.228287 -0.0818371 0 
374 -0.232764 -0.047898 0 
375 -0.235731 -0.0167875 0 
376 -0.237723 0.0136993 0 
377 -0.239295 0.0454979 0 
378 -0.240926 0.077387 0 
379 -0.242564 0.109195 0 
380 -0.24322 0.141412 0 
381 -0.241024 0.174591 0 
382 -0.233578 0.211073 0 
383 -0.227938 0.247367 0 
384 -0.223959 0.28199 0 
385 -0.220471 0.316144 0 
386 -0.218182 0.351411 0 
387 -0.218953 0.388611 0 
388 -0.225292 0.428488 0 
389 -0.240329 0.470911 0 
390 -0.260798 0.512677 0 
391 -0.26764 0.552112 0 
392 -0.266626 0.589358 0 
393 -0.262592 0.625015 0 
394 -0.25763 0.658827 0 
395 -0.254546 0.689898 0 
396 -0.250531 0.718123 0 
397 -0.245861 0.743406 0 
398 -0.242829 0.764591 0 
399 -0.244142 0.777289 0 
400 -0.253102 0.79084 0 
401 -0.278737 0.814481 0 
402 -0.319103 0.830953 0 
403 -0.258448 0.955068 0 
404 -0.223644 -0.959156 0 
405 -0.190871 -0.887279 0 
406 -0.203854 -0.846685 0 
407 -0.210632 -0.816794 0 
408 -0.212371 -0.789116 0 
409 -0.210691 -0.760408 0 
410 -0.206911 -0.730281 0 
411 -0.202022 -0.698672 0 
412 -0.196998 -0.665627 0 
413 -0.192867 -0.631216 0 
414 -0.191328 -0.595993 0 
415 -0.191546 -0.560924 0 
416 -0.192534 -0.52636 0 
417 -0.193665 -0.492207 0 
418 -0.194618 -0.458052 0 
419 -0.195204 -0.42367 0 
420 -0.195135 -0.388872 0 
421 -0.193968 -0.353868 0 
422 -0.191294 -0.318757 0 
423 -0.187467 -0.283724 0 
424 -0.183321 -0.248475 0 
425 -0.183077 -0.213662 0 
426 -0.186362 -0.179099 0 
427 -0.19135 -0.144313 0 
428 -0.196551 -0.110731 0 
429 -0.201318 -0.0779976 0 
430 -0.205026 -0.0455623 0 
431 -0.207441 -0.0146095 0 
432 -0.208706 0.0158262 0 
433 -0.209246 0.0469373 0 
434 -0.209852 0.078486 0 
435 -0.21079 0.109949 0 
436 -0.211618 0.141212 0 
437 -0.211179 0.172971 0 
438 -0.208018 0.206184 0 
439 -0.205041 0.24043 0 
440 -0.202606 0.275352 0 
441 -0.200468 0.311148 0 
442 -0.199076 0.348466 0 
443 -0.199535 0.387253 0 
444 -0.20307 0.427334 0 
445 -0.210351 0.468088 0 
446 -0.219895 0.508203 0 
447 -0.22752 0.546891 0 
448 -0.231871 0.584518 0 
449 -0.230281 0.622299 0 
450 -0.218588 0.660158 0 
451 -0.220866 0.693176 0 
452 -0.217283 0.722354 0 
453 -0.208442 0.750008 0 
454 -0.199367 0.77303 0 
455 -0.20113 0.788452 0 
456 -0.209398 0.797578 0 
457 -0.22126 0.807247 0 
458 -0.272208 0.837517 0 
459 -0.223644 0.955068 0 
460 -0.18884 -0.959156 0 
461 -0.171452 -0.88024 0 
462 -0.176055 -0.844238 0 
463 -0.177995 -0.814606 0 
464 -0.177501 -0.786481 0 
465 -0.175165 -0.757726 0 
466 -0.171664 -0.72789 0 
467 -0.167675 -0.696631 0 
468 -0.163948 -0.664184 0 
469 -0.161115 -0.630646 0 
470 -0.159695 -0.596481 0 
471 -0.159516 -0.562204 0 
472 -0.159984 -0.527984 0 
473 -0.160584 -0.49393 0 
474 -0.161119 -0.45968 0 
475 -0.16126 -0.425271 0 
476 -0.160927 -0.390502 0 
477 -0.159909 -0.355309 0 
478 -0.158272 -0.319767 0 
479 -0.156546 -0.283837 0 
480 -0.155654 -0.247751 0 
481 -0.156913 -0.211934 0 
482 -0.160177 -0.176413 0 
483 -0.164421 -0.141416 0 
484 -0.168925 -0.107657 0 
485 -0.173193 -0.0750553 0 
486 -0.176488 -0.043515 0 
487 -0.178357 -0.0131231 0 
488 -0.178817 0.0168603 0 
489 -0.178488 0.0474744 0 
490 -0.178336 0.0788677 0 
491 -0.178925 0.11025 0 
492 -0.180371 0.140987 0 
493 -0.181574 0.171752 0 
494 -0.181449 0.203138 0 
495 -0.181051 0.23631 0 
496 -0.180501 0.271477 0 
497 -0.179576 0.308482 0 
498 -0.178449 0.347433 0 
499 -0.177943 0.38773 0 
500 -0.178954 0.428128 0 
501 -0.182043 0.46768 0 
502 -0.187031 0.505647 0 
503 -0.193531 0.541905 0 
504 -0.202264 0.577474 0 
505 -0.2169 0.615791 0 
506 -0.201059 0.659644 0 
507 -0.19153 0.699796 0 
508 -0.189898 0.723355 0 
509 -0.182395 0.763901 0 
510 -0.167846 0.800858 0 
511 -0.167058 0.827122 0 
512 -0.172431 0.84492 0 
513 -0.180629 0.857888 0 
514 -0.215642 0.882135 0 
515 -0.18884 0.955068 0 
516 -0.154036 -0.959156 0 
517 -0.151804 -0.866726 0 
518 -0.149241 -0.838724 0 
519 -0.147031 -0.811318 0 
520 -0.144421 -0.783732 0 
521 -0.141316 -0.755279 0 
522 -0.137887 -0.725752 0 
523 -0.134453 -0.694981 0 
524 -0.1315 -0.663083 0 
525 -0.129364 -0.630261 0 
526 -0.128216 -0.596911 0 
527 -0.127959 -0.563221 0 
528 -0.128179 -0.529422 0 
529 -0.128647 -0.495393 0 
530 -0.129028 -0.461268 0 
531 -0.129226 -0.426879 0 
532 -0.129057 -0.392179 0 
533 -0.128518 -0.357004 0 
534 -0.127801 -0.321447 0 
535 -0.127347 -0.285376 0 
536 -0.127815 -0.24882 0 
537 -0.12987 -0.211999 0 
538 -0.133156 -0.175294 0 
539 -0.136703 -0.139427 0 
540 -0.140372 -0.105117 0 
541 -0.144054 -0.0725598 0 
542 -0.147136 -0.041785 0 
543 -0.148489 -0.0123706 0 
544 -0.148059 0.016686 0 
545 -0.146883 0.0468188 0 
546 -0.146149 0.0783729 0 
547 -0.146671 0.11017 0 
548 -0.149296 0.140914 0 
549 -0.152306 0.171258 0 
550 -0.154627 0.201454 0 
551 -0.156619 0.234194 0 
552 -0.158013 0.269769 0 
553 -0.158256 0.307941 0 
554 -0.156773 0.348693 0 
555 -0.154682 0.390854 0 
556 -0.153095 0.431805 0 
557 -0.152957 0.470265 0 
558 -0.154687 0.505824 0 
559 -0.158553 0.538348 0 
560 -0.165243 0.568464 0 
561 -0.176006 0.596987 0 
562 -0.191464 0.621164 0 
563 -0.154036 0.676635 0 
564 -0.154036 0.711439 0 
565 -0.154036 0.746243 0 
566 -0.154036 0.781047 0 
567 -0.154036 0.815851 0 
568 -0.154036 0.850655 0 
569 -0.154036 0.885459 0 
570 -0.154036 0.920263 0 
571 -0.154036 0.955068 0 
572 -0.119232 -0.959156 0 
573 -0.130757 -0.858044 0 
574 -0.122234 -0.834044 0 
575 -0.116724 -0.808226 0 
576 -0.112398 -0.781274 0 
577 -0.108585 -0.753161 0 
578 -0.105101 -0.72392 0 
579 -0.102024 -0.693531 0 
580 -0.0995519 -0.662254 0 
581 -0.0978918 -0.630022 0 
582 -0.0970092 -0.597255 0 
583 -0.0968406 -0.564092 0 
584 -0.0971738 -0.530601 0 
585 -0.0977152 -0.496845 0 
586 -0.0983192 -0.462909 0 
587 -0.0987548 -0.428744 0 
588 -0.0989904 -0.394239 0 
589 -0.0989705 -0.359406 0 
590 -0.0988033 -0.324285 0 
591 -0.0987085 -0.288632 0 
592 -0.0996077 -0.251838 0 
593 -0.102331 -0.213588 0 
594 -0.105869 -0.175154 0 
595 -0.108389 -0.137806 0 
596 -0.110804 -0.102641 0 
597 -0.11382 -0.0699253 0 
598 -0.116981 -0.0401824 0 
599 -0.117876 -0.0123254 0 
600 -0.116365 0.0150784 0 
601 -0.11419 0.0446053 0 
602 -0.112947 0.0767254 0 
603 -0.113614 0.109648 0 
604 -0.118284 0.141122 0 
605 -0.123675 0.171732 0 
606 -0.128008 0.200878 0 
607 -0.132154 0.233742 0 
608 -0.135591 0.270042 0 
609 -0.136921 0.309382 0 
610 -0.134037 0.352423 0 
611 -0.12919 0.397755 0 
612 -0.124515 0.439636 0 
613 -0.121316 0.476862 0 
614 -0.120184 0.509685 0 
615 -0.121322 0.538539 0 
616 -0.124938 0.56381 0 
617 -0.13195 0.585154 0 
618 -0.14506 0.601557 0 
619 -0.119232 0.676635 0 
620 -0.084428 -0.959156 0 
621 -0.104637 -0.854258 0 
622 -0.0935697 -0.831161 0 
623 -0.0862599 -0.80602 0 
624 -0.0808723 -0.779323 0 
625 -0.0765569 -0.751418 0 
626 -0.0730143 -0.722426 0 
627 -0.0701551 -0.692408 0 
628 -0.0680538 -0.66149 0 
629 -0.0666955 -0.629867 0 
630 -0.0661701 -0.597599 0 
631 -0.0662664 -0.56489 0 
632 -0.0668156 -0.531777 0 
633 -0.0676287 -0.49841 0 
634 -0.0686123 -0.464749 0 
635 -0.0695608 -0.430886 0 
636 -0.0703673 -0.396925 0 
637 -0.0709009 -0.362752 0 
638 -0.0710161 -0.328547 0 
639 -0.0705579 -0.293992 0 
640 -0.0704211 -0.257909 0 
641 -0.0740323 -0.216954 0 
642 -0.0790393 -0.17561 0 
643 -0.0797603 -0.135993 0 
644 -0.0800603 -0.0997106 0 
645 -0.0820608 -0.0663172 0 
646 -0.0860702 -0.0381325 0 
647 -0.0866752 -0.0126855 0 
648 -0.0836455 0.0116678 0 
649 -0.080115 0.040254 0 
650 -0.0782771 0.0733709 0 
651 -0.079168 0.108385 0 
652 -0.0873575 0.141649 0 
653 -0.0961464 0.173359 0 
654 -0.101878 0.201378 0 
655 -0.107829 0.234971 0 
656 -0.113737 0.272041 0 
657 -0.116313 0.312372 0 
658 -0.109177 0.358842 0 
659 -0.0993769 0.411321 0 
660 -0.0909144 0.453733 0 
661 -0.0850268 0.488591 0 
662 -0.0816999 0.517796 0 
663 -0.0805067 0.543075 0 
664 -0.0804224 0.565538 0 
665 -0.0802867 0.58548 0 
666 -0.0786692 0.602936 0 
667 -0.084428 0.676635 0 
668 -0.0496239 -0.959156 0 
669 -0.0747181 -0.852833 0 
670 -0.0632069 -0.829772 0 
671 -0.055268 -0.804642 0 
672 -0.0494147 -0.777901 0 
673 -0.0448693 -0.750053 0 
674 -0.0413409 -0.721155 0 
675 -0.0386521 -0.691393 0 
676 -0.0368322 -0.660851 0 
677 -0.0358614 -0.629707 0 
678 -0.0356185 -0.597953 0 
679 -0.036059 -0.565701 0 
680 -0.0369846 -0.533045 0 
681 -0.0382688 -0.500015 0 
682 -0.0397789 -0.466814 0 
683 -0.0413898 -0.433455 0 
684 -0.0430001 -0.400071 0 
685 -0.0443499 -0.36686 0 
686 -0.0450204 -0.334002 0 
687 -0.0437463 -0.301639 0 
688 -0.0385486 -0.272286 0 
689 -0.0414678 -0.223097 0 
690 -0.0545782 -0.175272 0 
691 -0.0513638 -0.133545 0 
692 -0.0480536 -0.0959853 0 
693 -0.0478691 -0.0602551 0 
694 -0.0545235 -0.034804 0 
695 -0.0553268 -0.0126055 0 
696 -0.0498766 0.00580999 0 
697 -0.0443568 0.032875 0 
698 -0.0415198 0.0673841 0 
699 -0.0422305 0.105532 0 
700 -0.0564217 0.142377 0 
701 -0.0699537 0.175973 0 
702 -0.0761833 0.203162 0 
703 -0.0835865 0.238239 0 
704 -0.0932962 0.275191 0 
705 -0.0969796 0.31554 0 
706 -0.0770985 0.367909 0 
707 -0.0579321 0.441104 0 
708 -0.0476914 0.477815 0 
709 -0.0416811 0.506118 0 
710 -0.038229 0.528707 0 
711 -0.0370706 0.548905 0 
712 -0.0356428 0.568302 0 
713 -0.0320785 0.586971 0 
714 -0.0245235 0.604762 0 
715 -0.0496239 0.676635 0 
716 -0.0148198 -0.959156 0 
717 -0.0419249 -0.85238 0 
718 -0.0314188 -0.829423 0 
719 -0.0237863 -0.803948 0 
720 -0.0179515 -0.776926 0 
721 -0.0133995 -0.748854 0 
722 -0.00991147 -0.719993 0 
723 -0.00741634 -0.690399 0 
724 -0.00583166 -0.660246 0 
725 -0.00517598 -0.62954 0 
726 -0.00528684 -0.598244 0 
727 -0.00609219 -0.566539 0 
728 -0.00747011 -0.534295 0 
729 -0.00931994 -0.501765 0 
730 -0.0114975 -0.469074 0 
731 -0.0139432 -0.436355 0 
732 -0.0166378 -0.403762 0 
733 -0.0195564 -0.371554 0 
734 -0.0227626 -0.33995 0 
735 -0.0264181 -0.309142 0 
736 -0.0245398 -0.282392 0 
737 -0.0148198 -0.228271 0 
738 -0.0148198 -0.193467 0 
739 -0.0148198 -0.158663 0 
740 -0.0148198 -0.123858 0 
741 -0.0148198 -0.0890545 0 
742 -0.0148198 -0.0542504 0 
743 -0.0148198 -0.0194463 0 
744 -0.0148198 0.0153577 0 
745 -0.0148198 0.0501618 0 
746 -0.0148198 0.0849658 0 
747 -0.0148198 0.11977 0 
748 -0.0148198 0.154574 0 
749 -0.0148198 0.189378 0 
750 -0.0148198 0.224182 0 
751 -0.0148198 0.258986 0 
752 -0.0148198 0.29379 0 
753 -0.0148198 0.328594 0 
754 -0.0148198 0.363398 0 
755 -0.0148198 0.398202 0 
756 -0.00219214 0.504452 0 
757 0.00812559 0.527624 0 
758 0.0100103 0.538575 0 
759 0.00623606 0.551793 0 
760 0.0059587 0.568647 0 
761 0.0101329 0.586676 0 
762 0.0202392 0.604712 0 
763 -0.0148198 0.676635 0 
764 0.0199842 -0.959156 0 
765 -0.00631812 -0.854137 0 
766 0.00131936 -0.830228 0 
767 0.00795655 -0.80378 0 
768 0.0135077 -0.775999 0 
769 0.0179594 -0.747613 0 
770 0.0213607 -0.71867 0 
771 0.0236966 -0.689293 0 
772 0.0250497 -0.659523 0 
773 0.0254323 -0.629266 0 
774 0.0250036 -0.598484 0 
775 0.0237858 -0.567267 0 
776 0.0219277 -0.53561 0 
777 0.0195071 -0.503662 0 
778 0.016623 -0.471574 0 
779 0.0132681 -0.439577 0 
780 0.00946126 -0.407895 0 
781 0.00500632 -0.376948 0 
782 -0.000444437 -0.347233 0 
783 -0.00748087 -0.319828 0 
784 -0.00712256 -0.297825 0 
785 0.0199842 -0.228271 0 
786 0.0199842 0.398202 0 
787 0.0664558 0.47782 0 
788 0.0595898 0.504538 0 
789 0.0501745 0.527493 0 
790 0.0426699 0.545521 0 
791 0.0396513 0.565054 0 
792 0.0408879 0.586021 0 
793 0.0444807 0.608493 0 
794 0.0199842 0.676635 0 
795 0.0547883 -0.959156 0 
796 0.0285865 -0.858819 0 
797 0.0336723 -0.83196 0 
798 0.0394585 -0.803718 0 
799 0.0447727 -0.77491 0 
800 0.0491832 -0.745988 0 
801 0.0525424 -0.716968 0 
802 0.0548119 -0.687872 0 
803 0.0559569 -0.658495 0 
804 0.0561142 -0.628786 0 
805 0.0553324 -0.59857 0 
806 0.0537312 -0.567943 0 
807 0.051427 -0.536869 0 
808 0.0485044 -0.505588 0 
809 0.0450048 -0.474261 0 
810 0.0409467 -0.443069 0 
811 0.0362335 -0.41247 0 
812 0.0306843 -0.382952 0 
813 0.0239294 -0.355141 0 
814 0.0155801 -0.330214 0 
815 0.00887776 -0.308783 0 
816 0.0547883 -0.228271 0 
817 0.0547883 0.398202 0 
818 0.0806833 0.461379 0 
819 0.0821929 0.488161 0 
820 0.0757762 0.514214 0 
821 0.0704368 0.537497 0 
822 0.0668242 0.560014 0 
823 0.0639273 0.583602 0 
824 0.0585673 0.612851 0 
825 0.0547883 0.676635 0 
826 0.0895924 -0.959156 0 
827 0.0594267 -0.864019 0 
828 0.064516 -0.833722 0 
829 0.0702612 -0.803212 0 
830 0.075673 -0.773114 0 
831 0.0802237 -0.743618 0 
832 0.0836917 -0.714614 0 
833 0.0859763 -0.685836 0 
834 0.0870736 -0.657048 0 
835 0.0870131 -0.627969 0 
836 0.0859302 -0.598444 0 
837 0.0839632 -0.568465 0 
838 0.0812665 -0.538067 0 
839 0.077949 -0.50749 0 
840 0.0740623 -0.476935 0 
841 0.0696291 -0.446653 0 
842 0.0646263 -0.417171 0 
843 0.0589425 -0.388976 0 
844 0.0524671 -0.36262 0 
845 0.0452257 -0.338846 0 
846 0.0377118 -0.318166 0 
847 0.0895924 -0.228271 0 
848 0.0895924 0.398202 0 
849 0.0945989 0.452323 0 
850 0.0977823 0.480171 0 
851 0.0964876 0.508249 0 
852 0.0948889 0.532993 0 
853 0.0929895 0.555907 0 
854 0.0894081 0.578532 0 
855 0.0793088 0.602961 0 
856 0.0895924 0.676635 0 
857 0.124396 -0.959156 0 
858 0.0878786 -0.868921 0 
859 0.0938923 -0.83478 0 
860 0.100225 -0.801604 0 
861 0.106145 -0.769981 0 
862 0.111123 -0.740012 0 
863 0.114924 -0.711177 0 
864 0.117387 -0.683007 0 
865 0.11848 -0.655032 0 
866 0.118264 -0.626792 0 
867 0.116965 -0.598066 0 
868 0.1147 -0.568819 0 
869 0.111682 -0.539076 0 
870 0.108114 -0.509169 0 
871 0.104106 -0.47932 0 
872 0.0997461 -0.449936 0 
873 0.0951159 -0.421438 0 
874 0.0903268 -0.39428 0 
875 0.085536 -0.368952 0 
876 0.081208 -0.34577 0 
877 0.0782612 -0.324758 0 
878 0.124396 -0.228271 0 
879 0.124396 0.398202 0 
880 0.111383 0.470257 0 
881 0.110591 0.490741 0 
882 0.116233 0.51254 0 
883 0.119364 0.534173 0 
884 0.121148 0.554897 0 
885 0.121452 0.574461 0 
886 0.119097 0.592284 0 
887 0.124396 0.676635 0 
888 0.159201 -0.959156 0 
889 0.115665 -0.87415 0 
890 0.122023 -0.834403 0 
891 0.129377 -0.797964 0 
892 0.136228 -0.764815 0 
893 0.141997 -0.734574 0 
894 0.146391 -0.706371 0 
895 0.149224 -0.679289 0 
896 0.150415 -0.652419 0 
897 0.150126 -0.625208 0 
898 0.148588 -0.597396 0 
899 0.146053 -0.568895 0 
900 0.142817 -0.539796 0 
901 0.139156 -0.510426 0 
902 0.135253 -0.481217 0 
903 0.13132 -0.452445 0 
904 0.12765 -0.424609 0 
905 0.124444 -0.398165 0 
906 0.122106 -0.373297 0 
907 0.121325 -0.349983 0 
908 0.123697 -0.327109 0 
909 0.159201 -0.228271 0 
910 0.159201 0.398202 0 
911 0.127289 0.4882 0 
912 0.132873 0.503333 0 
913 0.140112 0.520749 0 
914 0.146287 0.539351 0 
915 0.15196 0.557488 0 
916 0.157792 0.574385 0 
917 0.164397 0.589733 0 
918 0.159201 0.676635 0 
919 0.194005 -0.959156 0 
920 0.14128 -0.87844 0 
921 0.148378 -0.831346 0 
922 0.157679 -0.791327 0 
923 0.166002 -0.756723 0 
924 0.172992 -0.726778 0 
925 0.178383 -0.699957 0 
926 0.181799 -0.674541 0 
927 0.183212 -0.649291 0 
928 0.182822 -0.623406 0 
929 0.180998 -0.596537 0 
930 0.178184 -0.568658 0 
931 0.174749 -0.540066 0 
932 0.171016 -0.5111 0 
933 0.167434 -0.482208 0 
934 0.164249 -0.453784 0 
935 0.161779 -0.42628 0 
936 0.160371 -0.400178 0 
937 0.160237 -0.375656 0 
938 0.161475 -0.352726 0 
939 0.163792 -0.330852 0 
940 0.194005 -0.228271 0 
941 0.194005 0.398202 0 
942 0.152103 0.494072 0 
943 0.159273 0.512871 0 
944 0.16729 0.530607 0 
945 0.175529 0.547678 0 
946 0.184362 0.563545 0 
947 0.195194 0.576775 0 
948 0.209846 0.588881 0 
949 0.194005 0.676635 0 
950 0.228809 -0.959156 0 
951 0.162696 -0.877045 0 
952 0.17224 -0.823975 0 
953 0.185353 -0.780401 0 
954 0.195664 -0.744675 0 
955 0.20444 -0.716109 0 
956 0.211347 -0.691818 0 
957 0.21559 -0.668955 0 
958 0.217189 -0.645941 0 
959 0.216588 -0.621567 0 
960 0.214402 -0.595619 0 
961 0.211157 -0.568221 0 
962 0.207439 -0.539859 0 
963 0.203716 -0.510944 0 
964 0.200447 -0.482013 0 
965 0.198084 -0.453572 0 
966 0.197031 -0.426085 0 
967 0.197585 -0.400006 0 
968 0.199874 -0.375971 0 
969 0.20261 -0.354184 0 
970 0.203347 -0.335183 0 
971 0.228809 -0.228271 0 
972 0.228809 0.398202 0 
973 0.181428 0.505481 0 
974 0.18837 0.525954 0 
975 0.19725 0.541924 0 
976 0.206544 0.55663 0 
977 0.216455 0.570158 0 
978 0.228106 0.583664 0 
979 0.242302 0.598218 0 
980 0.228809 0.676635 0 
981 0.263613 -0.959156 0 
982 0.187374 -0.875879 0 
983 0.199275 -0.816497 0 
984 0.215228 -0.768381 0 
985 0.226033 -0.730561 0 
986 0.236954 -0.702813 0 
987 0.24616 -0.682374 0 
988 0.251352 -0.66312 0 
989 0.252912 -0.642987 0 
990 0.251757 -0.620257 0 
991 0.24883 -0.594874 0 
992 0.244995 -0.5676 0 
993 0.240819 -0.53899 0 
994 0.236932 -0.509745 0 
995 0.233984 -0.480438 0 
996 0.232417 -0.451494 0 
997 0.232973 -0.423498 0 
998 0.236162 -0.396981 0 
999 0.242435 -0.372885 0 
1000 0.248718 -0.350401 0 
1001 0.248152 -0.326991 0 
1002 0.263613 -0.228271 0 
1003 0.263613 0.398202 0 
1004 0.216621 0.521384 0 
1005 0.218687 0.535519 0 
1006 0.22975 0.551552 0 
1007 0.239338 0.565818 0 
1008 0.247622 0.579139 0 
1009 0.25674 0.592512 0 
1010 0.26659 0.606735 0 
1011 0.263613 0.676635 0 
1012 0.298417 -0.959156 0 
1013 0.215614 -0.868124 0 
1014 0.239582 -0.807666 0 
1015 0.25183 -0.757248 0 
1016 0.259705 -0.719877 0 
1017 0.272875 -0.694523 0 
1018 0.284205 -0.674844 0 
1019 0.290176 -0.658144 0 
1020 0.290915 -0.641783 0 
1021 0.288551 -0.620123 0 
1022 0.284461 -0.594591 0 
1023 0.279596 -0.566679 0 
1024 0.27473 -0.537383 0 
1025 0.270461 -0.507327 0 
1026 0.26751 -0.47717 0 
1027 0.2666 -0.447326 0 
1028 0.268759 -0.418102 0 
1029 0.275576 -0.390173 0 
1030 0.290183 -0.36465 0 
1031 0.308007 -0.332512 0 
1032 0.324275 -0.300294 0 
1033 0.298417 -0.228271 0 
1034 0.298417 -0.193467 0 
1035 0.298417 -0.158663 0 
1036 0.298417 -0.123858 0 
1037 0.298417 -0.0890545 0 
1038 0.298417 -0.0542504 0 
1039 0.298417 -0.0194463 0 
1040 0.298417 0.0153577 0 
1041 0.298417 0.0501618 0 
1042 0.298417 0.0849658 0 
1043 0.298417 0.11977 0 
1044 0.298417 0.154574 0 
1045 0.298417 0.189378 0 
1046 0.298417 0.224182 0 
1047 0.298417 0.258986 0 
1048 0.298417 0.29379 0 
1049 0.298417 0.328594 0 
1050 0.298417 0.363398 0 
1051 0.298417 0.398202 0 
1052 0.271281 0.527397 0 
1053 0.279114 0.546066 0 
1054 0.279125 0.561881 0 
1055 0.279901 0.576324 0 
1056 0.282108 0.588703 0 
1057 0.286238 0.601014 0 
1058 0.290184 0.616909 0 
1059 0.298417 0.676635 0 
1060 0.333221 -0.959156 0 
1061 0.262096 -0.873383 0 
1062 0.284298 -0.805624 0 
1063 0.290967 -0.748508 0 
1064 0.299301 -0.716722 0 
1065 0.317028 -0.695736 0 
1066 0.328941 -0.678469 0 
1067 0.334155 -0.65987 0 
1068 0.331568 -0.644685 0 
1069 0.326898 -0.621914 0 
1070 0.321083 -0.59472 0 
1071 0.314887 -0.565246 0 
1072 0.308994 -0.53462 0 
1073 0.304002 -0.503494 0 
1074 0.300447 -0.472227 0 
1075 0.299353 -0.440979 0 
1076 0.301844 -0.409718 0 
1077 0.30979 -0.378091 0 
1078 0.325762 -0.344808 0 
1079 0.347329 -0.304795 0 
1080 0.359089 -0.274907 0 
1081 0.377265 -0.222427 0 
1082 0.389365 -0.153609 0 
1083 0.403991 -0.0963488 0 
1084 0.405527 -0.054386 0 
1085 0.395148 -0.0217036 0 
1086 0.380988 0.00227774 0 
1087 0.365961 0.0177363 0 
1088 0.351874 0.0289223 0 
1089 0.341032 0.041252 0 
1090 0.362564 0.0553336 0 
1091 0.384699 0.0729473 0 
1092 0.402234 0.104934 0 
1093 0.410511 0.143841 0 
1094 0.414081 0.184477 0 
1095 0.414517 0.223826 0 
1096 0.417363 0.256345 0 
1097 0.429714 0.292306 0 
1098 0.431367 0.344359 0 
1099 0.416691 0.417531 0 
1100 0.385404 0.511669 0 
1101 0.355872 0.544691 0 
1102 0.338042 0.566549 0 
1103 0.326851 0.582023 0 
1104 0.32082 0.593832 0 
1105 0.317682 0.610404 0 
1106 0.313688 0.634054 0 
1107 0.333221 0.676635 0 
1108 0.368025 -0.959156 0 
1109 0.327304 -0.88489 0 
1110 0.323554 -0.815549 0 
1111 0.327084 -0.755174 0 
1112 0.35785 -0.73399 0 
1113 0.370231 -0.714857 0 
1114 0.37738 -0.694922 0 
1115 0.378609 -0.67352 0 
1116 0.373477 -0.652667 0 
1117 0.366218 -0.625148 0 
1118 0.358386 -0.594391 0 
1119 0.350672 -0.562545 0 
1120 0.343485 -0.530344 0 
1121 0.337249 -0.498093 0 
1122 0.332209 -0.46586 0 
1123 0.329608 -0.433249 0 
1124 0.330541 -0.400072 0 
1125 0.337519 -0.364917 0 
1126 0.353039 -0.324886 0 
1127 0.380894 -0.281196 0 
1128 0.385363 -0.253736 0 
1129 0.396806 -0.224079 0 
1130 0.408348 -0.167019 0 
1131 0.421287 -0.112103 0 
1132 0.421283 -0.0672989 0 
1133 0.412004 -0.0320478 0 
1134 0.399532 -0.00399966 0 
1135 0.385549 0.0155607 0 
1136 0.3734 0.029571 0 
1137 0.368916 0.0420866 0 
1138 0.379488 0.0547457 0 
1139 0.400823 0.0755214 0 
1140 0.415143 0.10919 0 
1141 0.424612 0.145759 0 
1142 0.430582 0.18407 0 
1143 0.434585 0.222548 0 
1144 0.439198 0.260025 0 
1145 0.447494 0.299319 0 
1146 0.451509 0.350789 0 
1147 0.444031 0.412862 0 
1148 0.428739 0.480592 0 
1149 0.410653 0.530937 0 
1150 0.389785 0.558978 0 
1151 0.371325 0.577018 0 
1152 0.359613 0.59503 0 
1153 0.350911 0.617452 0 
1154 0.34102 0.64619 0 
1155 0.368025 0.676635 0 
1156 0.402829 -0.959156 0 
1157 0.378534 -0.900197 0 
1158 0.379061 -0.833745 0 
1159 0.40212 -0.790419 0 
1160 0.415312 -0.767576 0 
1161 0.421856 -0.746158 0 
1162 0.424052 -0.723017 0 
1163 0.42225 -0.695461 0 
1164 0.416033 -0.663676 0 
1165 0.406018 -0.627057 0 
1166 0.396156 -0.591438 0 
1167 0.386976 -0.557376 0 
1168 0.378446 -0.523753 0 
1169 0.370647 -0.491107 0 
1170 0.362802 -0.458821 0 
1171 0.356811 -0.425639 0 
1172 0.353184 -0.392263 0 
1173 0.355067 -0.356603 0 
1174 0.369662 -0.320792 0 
1175 0.398041 -0.283464 0 
1176 0.394956 -0.257321 0 
1177 0.410736 -0.227047 0 
1178 0.423602 -0.178538 0 
1179 0.436393 -0.125359 0 
1180 0.436516 -0.07949 0 
1181 0.429097 -0.0428436 0 
1182 0.419037 -0.0132281 0 
1183 0.408573 0.0100923 0 
1184 0.399779 0.0286371 0 
1185 0.396926 0.0434697 0 
1186 0.405413 0.0574478 0 
1187 0.420755 0.0823919 0 
1188 0.432306 0.114678 0 
1189 0.441366 0.149463 0 
1190 0.448151 0.186112 0 
1191 0.453457 0.223896 0 
1192 0.458364 0.262641 0 
1193 0.463546 0.303751 0 
1194 0.467759 0.35044 0 
1195 0.466898 0.403199 0 
1196 0.458278 0.457593 0 
1197 0.444694 0.504712 0 
1198 0.428683 0.541409 0 
1199 0.408759 0.566219 0 
1200 0.394995 0.59221 0 
1201 0.384069 0.620895 0 
1202 0.371312 0.653895 0 
1203 0.402829 0.676635 0 
1204 0.437633 -0.959156 0 
1205 0.437633 -0.924352 0 
1206 0.437633 -0.889548 0 
1207 0.437633 -0.854744 0 
1208 0.437633 -0.81994 0 
1209 0.437633 -0.785136 0 
1210 0.437633 -0.750332 0 
1211 0.437633 -0.715528 0 
1212 0.437633 -0.680724 0 
1213 0.437633 -0.64592 0 
1214 0.437633 -0.611115 0 
1215 0.437633 -0.576311 0 
1216 0.437633 -0.541507 0 
1217 0.437633 -0.506703 0 
1218 0.437633 -0.471899 0 
1219 0.437633 -0.437095 0 
1220 0.437633 -0.402291 0 
1221 0.437633 -0.367487 0 
1222 0.437633 -0.332683 0 
1223 0.437633 -0.297879 0 
1224 0.437633 -0.263075 0 
1225 0.42507 -0.243306 0 
1226 0.436337 -0.192051 0 
1227 0.450098 -0.137138 0 
1228 0.450174 -0.0909302 0 
1229 0.445761 -0.0531684 0 
1230 0.439719 -0.0220197 0 
1231 0.433361 0.00372893 0 
1232 0.428504 0.0255927 0 
1233 0.427911 0.045238 0 
1234 0.433708 0.0652014 0 
1235 0.443433 0.0908415 0 
1236 0.452585 0.121248 0 
1237 0.460474 0.154423 0 
1238 0.467071 0.189609 0 
1239 0.472597 0.226347 0 
1240 0.477348 0.264644 0 
1241 0.481194 0.304871 0 
1242 0.483262 0.347889 0 
1243 0.481987 0.39346 0 
1244 0.476742 0.439822 0 
1245 0.466827 0.482751 0 
1246 0.453076 0.52002 0 
1247 0.43766 0.553126 0 
1248 0.425051 0.586295 0 
1249 0.415358 0.621454 0 
1250 0.405225 0.659718 0 
1251 0.437633 0.676635 0 
1252 0.472437 -0.263075 0 
1253 0.44992 -0.246846 0 
1254 0.453826 -0.194378 0 
1255 0.462845 -0.143789 0 
1256 0.465232 -0.0987487 0 
1257 0.464957 -0.0612853 0 
1258 0.462725 -0.0292748 0 
1259 0.45966 -0.00141875 0 
1260 0.457432 0.0235951 0 
1261 0.457852 0.047243 0 
1262 0.461845 0.0713272 0 
1263 0.4682 0.0982666 0 
1264 0.474951 0.128089 0 
1265 0.481402 0.160082 0 
1266 0.487363 0.193965 0 
1267 0.492679 0.229347 0 
1268 0.497211 0.266364 0 
1269 0.500524 0.304892 0 
1270 0.501869 0.344875 0 
1271 0.500322 0.385875 0 
1272 0.495197 0.426772 0 
1273 0.486101 0.466048 0 
1274 0.473505 0.503132 0 
1275 0.459629 0.539312 0 
1276 0.448457 0.577496 0 
1277 0.441667 0.619295 0 
1278 0.437731 0.664287 0 
1279 0.472437 0.676635 0 
1280 0.507241 -0.263075 0 
1281 0.47813 -0.246061 0 
1282 0.470125 -0.192875 0 
1283 0.475101 -0.146493 0 
1284 0.482807 -0.104331 0 
1285 0.48654 -0.0680336 0 
1286 0.487418 -0.0355377 0 
1287 0.486869 -0.00587887 0 
1288 0.486349 0.0221279 0 
1289 0.487123 0.04939 0 
1290 0.48981 0.0768202 0 
1291 0.493869 0.105391 0 
1292 0.498618 0.135258 0 
1293 0.503709 0.16638 0 
1294 0.508922 0.198801 0 
1295 0.513963 0.232654 0 
1296 0.518406 0.267859 0 
1297 0.521652 0.304287 0 
1298 0.522965 0.341651 0 
1299 0.521587 0.379444 0 
1300 0.516729 0.41692 0 
1301 0.507726 0.453338 0 
1302 0.494046 0.48855 0 
1303 0.476517 0.523696 0 
1304 0.463765 0.564357 0 
1305 0.459222 0.613224 0 
1306 0.463206 0.666117 0 
1307 0.507241 0.676635 0 
1308 0.542045 -0.263075 0 
1309 0.502476 -0.238777 0 
1310 0.487105 -0.184744 0 
1311 0.492031 -0.144891 0 
1312 0.503541 -0.108515 0 
1313 0.5105 -0.0742035 0 
1314 0.513613 -0.0417653 0 
1315 0.514689 -0.010266 0 
1316 0.515224 0.0208223 0 
1317 0.516001 0.0517783 0 
1318 0.517563 0.082702 0 
1319 0.519849 0.113224 0 
1320 0.522972 0.143324 0 
1321 0.52695 0.173474 0 
1322 0.531661 0.204184 0 
1323 0.53662 0.235932 0 
1324 0.541254 0.268856 0 
1325 0.544811 0.302897 0 
1326 0.546574 0.33781 0 
1327 0.545793 0.373055 0 
1328 0.541719 0.407938 0 
1329 0.533406 0.442135 0 
1330 0.519406 0.475416 0 
1331 0.497031 0.50736 0 
1332 0.483141 0.547629 0 
1333 0.475907 0.601722 0 
1334 0.481728 0.663072 0 
1335 0.542045 0.676635 0 
1336 0.576849 -0.263075 0 
1337 0.529621 -0.228268 0 
1338 0.510752 -0.175225 0 
1339 0.517181 -0.143929 0 
1340 0.528648 -0.112894 0 
1341 0.537292 -0.0811221 0 
1342 0.541184 -0.0490431 0 
1343 0.542905 -0.0155479 0 
1344 0.544002 0.0193375 0 
1345 0.544531 0.0546452 0 
1346 0.54496 0.0900993 0 
1347 0.545675 0.122994 0 
1348 0.547601 0.153279 0 
1349 0.550904 0.182041 0 
1350 0.555616 0.210257 0 
1351 0.560941 0.238998 0 
1352 0.566195 0.268841 0 
1353 0.570488 0.300007 0 
1354 0.573087 0.332241 0 
1355 0.573287 0.365159 0 
1356 0.570574 0.397994 0 
1357 0.564013 0.430528 0 
1358 0.552437 0.462758 0 
1359 0.533356 0.495513 0 
1360 0.50489 0.526291 0 
1361 0.49505 0.581924 0 
1362 0.498093 0.653343 0 
1363 0.576849 0.676635 0 
1364 0.611653 -0.263075 0 
1365 0.571599 -0.205829 0 
1366 0.545958 -0.173605 0 
1367 0.548877 -0.149572 0 
1368 0.559772 -0.118955 0 
1369 0.567908 -0.090223 0 
1370 0.570096 -0.0594751 0 
1371 0.571018 -0.0231506 0 
1372 0.572556 0.0173004 0 
1373 0.572779 0.0582557 0 
1374 0.571563 0.100471 0 
1375 0.570805 0.136565 0 
1376 0.572225 0.166736 0 
1377 0.575529 0.193169 0 
1378 0.581234 0.217126 0 
1379 0.58764 0.241276 0 
1380 0.594104 0.266851 0 
1381 0.599444 0.294233 0 
1382 0.603128 0.32345 0 
1383 0.604537 0.353882 0 
1384 0.603429 0.384806 0 
1385 0.599209 0.415618 0 
1386 0.591466 0.446467 0 
1387 0.577725 0.477987 0 
1388 0.554029 0.511758 0 
1389 0.518221 0.540051 0 
1390 0.526332 0.637194 0 
1391 0.611653 0.676635 0 
1392 0.646457 -0.263075 0 
1393 0.620998 -0.201019 0 
1394 0.604705 -0.168148 0 
1395 0.5938 -0.142645 0 
1396 0.602029 -0.124029 0 
1397 0.606098 -0.102896 0 
1398 0.60041 -0.0774253 0 
1399 0.597845 -0.0355771 0 
1400 0.60056 0.0145669 0 
1401 0.600908 0.0625627 0 
1402 0.596545 0.11581 0 
1403 0.594667 0.157194 0 
1404 0.597069 0.186263 0 
1405 0.601086 0.208511 0 
1406 0.610053 0.224557 0 
1407 0.61805 0.241541 0 
1408 0.626779 0.260767 0 
1409 0.633107 0.283141 0 
1410 0.638282 0.308839 0 
1411 0.640428 0.33651 0 
1412 0.64065 0.365746 0 
1413 0.638034 0.394516 0 
1414 0.634654 0.423993 0 
1415 0.629088 0.45222 0 
1416 0.613872 0.48505 0 
1417 0.599903 0.530774 0 
1418 0.601352 0.614394 0 
1419 0.646457 0.676635 0 
1420 0.681261 -0.263075 0 
1421 0.681261 -0.228271 0 
1422 0.681261 -0.193467 0 
1423 0.681261 -0.158663 0 
1424 0.681261 -0.123858 0 
1425 0.681261 -0.0890545 0 
1426 0.681261 -0.0542504 0 
1427 0.681261 -0.0194463 0 
1428 0.681261 0.0153577 0 
1429 0.681261 0.0501618 0 
1430 0.681261 0.0849658 0 
1431 0.681261 0.11977 0 
1432 0.681261 0.154574 0 
1433 0.681261 0.189378 0 
1434 0.681261 0.224182 0 
1435 0.681261 0.258986 0 
1436 0.681261 0.29379 0 
1437 0.681261 0.328594 0 
1438 0.681261 0.363398 0 
1439 0.681261 0.398202 0 
1440 0.681261 0.433006 0 
1441 0.681261 0.467811 0 
1442 0.681261 0.502615 0 
1443 0.681261 0.537419 0 
1444 0.681261 0.572223 0 
1445 0.681261 0.607027 0 
1446 0.681261 0.641831 0 
1447 0.681261 0.676635 0 
