0 -0.745298 0.468103 0 
1 -0.745826 0.502828 0 
2 -0.745804 0.537378 0 
3 -0.745764 0.57225 0 
4 -0.745724 0.607022 0 
5 -0.745741 0.641826 0 
6 -0.74572 0.676623 0 
7 -0.745715 0.711428 0 
8 -0.745734 0.746234 0 
9 -0.745709 0.781022 0 
10 -0.745726 0.815876 0 
11 -0.745792 0.850647 0 
12 -0.745988 0.885694 0 
13 -0.745923 0.919927 0 
14 -0.745017 0.954331 0 
15 -0.710737 0.46759 0 
16 -0.713813 0.501314 0 
17 -0.71333 0.536161 0 
18 -0.712909 0.571842 0 
19 -0.712297 0.606904 0 
20 -0.712046 0.641931 0 
21 -0.711816 0.677006 0 
22 -0.711778 0.712117 0 
23 -0.711896 0.747344 0 
24 -0.712098 0.782808 0 
25 -0.712448 0.818727 0 
26 -0.713017 0.855247 0 
27 -0.713593 0.892554 0 
28 -0.714204 0.928322 0 
29 -0.71036 0.955238 0 
30 -0.676203 0.467656 0 
31 -0.679014 0.50153 0 
32 -0.678976 0.536485 0 
33 -0.678357 0.571895 0 
34 -0.677737 0.607142 0 
35 -0.677426 0.642313 0 
36 -0.677216 0.67755 0 
37 -0.677183 0.712863 0 
38 -0.677365 0.748343 0 
39 -0.677723 0.784118 0 
40 -0.678282 0.820332 0 
41 -0.679078 0.857027 0 
42 -0.680135 0.893888 0 
43 -0.681238 0.929433 0 
44 -0.676382 0.955432 0 
45 -0.641318 0.467696 0 
46 -0.643635 0.501719 0 
47 -0.643569 0.536947 0 
48 -0.643099 0.572271 0 
49 -0.642637 0.607526 0 
50 -0.642343 0.642779 0 
51 -0.642189 0.678094 0 
52 -0.642192 0.713541 0 
53 -0.642384 0.749127 0 
54 -0.642769 0.784959 0 
55 -0.643344 0.821215 0 
56 -0.644131 0.857807 0 
57 -0.645024 0.894493 0 
58 -0.645414 0.929805 0 
59 -0.641265 0.955177 0 
60 -0.606548 0.467771 0 
61 -0.607922 0.502155 0 
62 -0.607939 0.537384 0 
63 -0.607634 0.572656 0 
64 -0.607304 0.60793 0 
65 -0.607047 0.643237 0 
66 -0.606927 0.678613 0 
67 -0.606946 0.714082 0 
68 -0.607093 0.749698 0 
69 -0.607429 0.785513 0 
70 -0.607876 0.821613 0 
71 -0.608481 0.857992 0 
72 -0.608961 0.894388 0 
73 -0.608796 0.92946 0 
74 -0.606512 0.955166 0 
75 -0.571746 0.467793 0 
76 -0.57251 0.502498 0 
77 -0.572432 0.537698 0 
78 -0.572143 0.572998 0 
79 -0.571868 0.608291 0 
80 -0.571648 0.643641 0 
81 -0.571514 0.679035 0 
82 -0.571517 0.714535 0 
83 -0.571602 0.750075 0 
84 -0.571824 0.785776 0 
85 -0.572198 0.821682 0 
86 -0.572601 0.857696 0 
87 -0.572892 0.893486 0 
88 -0.572737 0.927698 0 
89 -0.571694 0.955137 0 
90 -0.536938 0.467801 0 
91 -0.537233 0.5027 0 
92 -0.536981 0.537954 0 
93 -0.536638 0.573289 0 
94 -0.53636 0.608639 0 
95 -0.536133 0.644023 0 
96 -0.535976 0.679425 0 
97 -0.535933 0.714871 0 
98 -0.535971 0.750343 0 
99 -0.536144 0.785877 0 
100 -0.536434 0.821524 0 
101 -0.536748 0.857113 0 
102 -0.537018 0.892351 0 
103 -0.537046 0.926098 0 
104 -0.536901 0.955134 0 
105 -0.502144 0.467842 0 
106 -0.501968 0.502814 0 
107 -0.501518 0.538183 0 
108 -0.501079 0.573592 0 
109 -0.500754 0.609011 0 
110 -0.500512 0.644422 0 
111 -0.500342 0.679779 0 
112 -0.500253 0.715163 0 
113 -0.500273 0.750532 0 
114 -0.500404 0.785923 0 
115 -0.500638 0.821308 0 
116 -0.500964 0.856527 0 
117 -0.501334 0.891286 0 
118 -0.501696 0.924735 0 
119 -0.502103 0.955118 0 
120 -0.46681 -0.680273 0 
121 -0.467462 -0.645794 0 
122 -0.467387 -0.61104 0 
123 -0.467365 -0.576269 0 
124 -0.467362 -0.541497 0 
125 -0.467336 -0.506665 0 
126 -0.467361 -0.471913 0 
127 -0.467356 -0.437074 0 
128 -0.467383 -0.402311 0 
129 -0.467598 -0.367161 0 
130 -0.467394 -0.333326 0 
131 -0.466572 -0.298391 0 
132 -0.467325 0.46788 0 
133 -0.466606 0.503003 0 
134 -0.465912 0.53848 0 
135 -0.465384 0.573985 0 
136 -0.465026 0.609436 0 
137 -0.464793 0.644835 0 
138 -0.464609 0.680139 0 
139 -0.464504 0.715437 0 
140 -0.464497 0.750708 0 
141 -0.464593 0.785923 0 
142 -0.464838 0.821107 0 
143 -0.465195 0.856047 0 
144 -0.465739 0.890519 0 
145 -0.466436 0.923959 0 
146 -0.467307 0.955126 0 
147 -0.432334 -0.680939 0 
148 -0.436602 -0.650218 0 
149 -0.436881 -0.614498 0 
150 -0.437665 -0.578929 0 
151 -0.439017 -0.543233 0 
152 -0.440083 -0.507142 0 
153 -0.441481 -0.471198 0 
154 -0.442022 -0.434008 0 
155 -0.441697 -0.397657 0 
156 -0.44122 -0.362079 0 
157 -0.441248 -0.329534 0 
158 -0.432343 -0.297636 0 
159 -0.432498 0.467886 0 
160 -0.430985 0.503333 0 
161 -0.430057 0.538954 0 
162 -0.429513 0.574511 0 
163 -0.429182 0.609949 0 
164 -0.428979 0.645256 0 
165 -0.428822 0.680522 0 
166 -0.428698 0.715721 0 
167 -0.428639 0.750863 0 
168 -0.428714 0.785964 0 
169 -0.428936 0.820935 0 
170 -0.429412 0.855665 0 
171 -0.430136 0.8899 0 
172 -0.431197 0.923288 0 
173 -0.432514 0.955107 0 
174 -0.397728 -0.68084 0 
175 -0.401259 -0.649817 0 
176 -0.402263 -0.615179 0 
177 -0.403132 -0.579313 0 
178 -0.404212 -0.543324 0 
179 -0.405185 -0.507218 0 
180 -0.405922 -0.47087 0 
181 -0.405997 -0.434171 0 
182 -0.405329 -0.397985 0 
183 -0.40434 -0.36286 0 
184 -0.403732 -0.329423 0 
185 -0.397918 -0.297738 0 
186 -0.397679 0.467986 0 
187 -0.394843 0.503984 0 
188 -0.393902 0.539724 0 
189 -0.393529 0.575236 0 
190 -0.393306 0.610579 0 
191 -0.393147 0.645756 0 
192 -0.393008 0.680896 0 
193 -0.392846 0.715976 0 
194 -0.392746 0.751026 0 
195 -0.392781 0.785993 0 
196 -0.392983 0.820839 0 
197 -0.393509 0.855384 0 
198 -0.394416 0.889469 0 
199 -0.395866 0.922832 0 
200 -0.397705 0.955099 0 
201 -0.362602 -0.95887 0 
202 -0.362936 -0.924371 0 
203 -0.362821 -0.889535 0 
204 -0.362798 -0.854724 0 
205 -0.362796 -0.819907 0 
206 -0.3628 -0.785098 0 
207 -0.362785 -0.750269 0 
208 -0.362851 -0.7154 0 
209 -0.362941 -0.68082 0 
210 -0.365025 -0.64921 0 
211 -0.366077 -0.614229 0 
212 -0.367058 -0.578688 0 
213 -0.367962 -0.542957 0 
214 -0.368712 -0.507104 0 
215 -0.369088 -0.471135 0 
216 -0.369013 -0.435139 0 
217 -0.368407 -0.399369 0 
218 -0.367507 -0.364292 0 
219 -0.366113 -0.330111 0 
220 -0.362702 -0.297869 0 
221 -0.362738 0.467943 0 
222 -0.35946 0.50568 0 
223 -0.358263 0.541175 0 
224 -0.357859 0.576333 0 
225 -0.357647 0.611343 0 
226 -0.357486 0.646328 0 
227 -0.357305 0.681254 0 
228 -0.357115 0.716189 0 
229 -0.356912 0.751142 0 
230 -0.356817 0.786038 0 
231 -0.356948 0.820768 0 
232 -0.357468 0.855177 0 
233 -0.358562 0.88917 0 
234 -0.360405 0.9225 0 
235 -0.362899 0.955092 0 
236 -0.327811 -0.959364 0 
237 -0.329056 -0.926648 0 
238 -0.329152 -0.890038 0 
239 -0.328627 -0.854307 0 
240 -0.328211 -0.819086 0 
241 -0.328086 -0.783949 0 
242 -0.328213 -0.748652 0 
243 -0.328218 -0.712753 0 
244 -0.329526 -0.68027 0 
245 -0.329621 -0.647113 0 
246 -0.330193 -0.612624 0 
247 -0.331003 -0.57764 0 
248 -0.331731 -0.542385 0 
249 -0.332301 -0.506998 0 
250 -0.332596 -0.471514 0 
251 -0.33254 -0.436079 0 
252 -0.33214 -0.400833 0 
253 -0.331677 -0.365959 0 
254 -0.33154 -0.331561 0 
255 -0.328196 -0.297815 0 
256 -0.32808 -0.263118 0 
257 -0.328075 -0.228368 0 
258 -0.327954 -0.193587 0 
259 -0.327995 -0.158756 0 
260 -0.327947 -0.123988 0 
261 -0.32777 -0.0891622 0 
262 -0.327856 -0.0543172 0 
263 -0.327818 -0.0195377 0 
264 -0.327693 0.0152674 0 
265 -0.327668 0.0500962 0 
266 -0.327635 0.0849089 0 
267 -0.327561 0.119728 0 
268 -0.32754 0.15457 0 
269 -0.327387 0.189531 0 
270 -0.327693 0.224442 0 
271 -0.32791 0.259184 0 
272 -0.327981 0.293941 0 
273 -0.328026 0.328708 0 
274 -0.32805 0.363494 0 
275 -0.328064 0.398274 0 
276 -0.328061 0.433095 0 
277 -0.328071 0.467831 0 
278 -0.324362 0.506054 0 
279 -0.323256 0.542347 0 
280 -0.322763 0.577403 0 
281 -0.322433 0.612099 0 
282 -0.322186 0.646747 0 
283 -0.321938 0.681474 0 
284 -0.321601 0.716276 0 
285 -0.321273 0.751145 0 
286 -0.320969 0.786014 0 
287 -0.320912 0.820674 0 
288 -0.321337 0.85505 0 
289 -0.322529 0.888955 0 
290 -0.324701 0.922251 0 
291 -0.328026 0.955123 0 
292 -0.29337 -0.959329 0 
293 -0.295617 -0.926336 0 
294 -0.294984 -0.890439 0 
295 -0.294075 -0.854415 0 
296 -0.29337 -0.818844 0 
297 -0.293022 -0.783536 0 
298 -0.292939 -0.748284 0 
299 -0.293 -0.713223 0 
300 -0.293523 -0.679338 0 
301 -0.293882 -0.645698 0 
302 -0.294441 -0.611455 0 
303 -0.295101 -0.576794 0 
304 -0.295728 -0.541921 0 
305 -0.296216 -0.506854 0 
306 -0.2965 -0.471797 0 
307 -0.296555 -0.436793 0 
308 -0.296443 -0.402033 0 
309 -0.296375 -0.36759 0 
310 -0.296633 -0.333688 0 
311 -0.297512 -0.300271 0 
312 -0.297058 -0.265257 0 
313 -0.296151 -0.230391 0 
314 -0.295557 -0.195601 0 
315 -0.295223 -0.160342 0 
316 -0.295203 -0.125302 0 
317 -0.295242 -0.0903287 0 
318 -0.295124 -0.0551235 0 
319 -0.294962 -0.020306 0 
320 -0.294715 0.0144937 0 
321 -0.294276 0.0493409 0 
322 -0.293816 0.08415 0 
323 -0.293516 0.119289 0 
324 -0.293378 0.154692 0 
325 -0.293727 0.190658 0 
326 -0.293859 0.226804 0 
327 -0.294403 0.262266 0 
328 -0.294535 0.297265 0 
329 -0.294697 0.332138 0 
330 -0.294888 0.367066 0 
331 -0.295181 0.402233 0 
332 -0.295422 0.438301 0 
333 -0.295228 0.475924 0 
334 -0.291638 0.511043 0 
335 -0.2897 0.544798 0 
336 -0.288647 0.578702 0 
337 -0.287991 0.612728 0 
338 -0.287485 0.646961 0 
339 -0.287043 0.68142 0 
340 -0.286562 0.716134 0 
341 -0.286011 0.750967 0 
342 -0.285452 0.785823 0 
343 -0.285066 0.820555 0 
344 -0.28524 0.854929 0 
345 -0.286423 0.888819 0 
346 -0.289011 0.922148 0 
347 -0.293287 0.955152 0 
348 -0.258477 -0.959288 0 
349 -0.260843 -0.926547 0 
350 -0.259992 -0.89061 0 
351 -0.258983 -0.854587 0 
352 -0.258199 -0.81889 0 
353 -0.25771 -0.783512 0 
354 -0.257512 -0.748362 0 
355 -0.25752 -0.713496 0 
356 -0.257826 -0.679205 0 
357 -0.258226 -0.645089 0 
358 -0.258753 -0.610784 0 
359 -0.259305 -0.576254 0 
360 -0.259859 -0.541543 0 
361 -0.26031 -0.506752 0 
362 -0.260666 -0.471951 0 
363 -0.260844 -0.437237 0 
364 -0.260954 -0.402698 0 
365 -0.261118 -0.36844 0 
366 -0.261429 -0.334434 0 
367 -0.261867 -0.300582 0 
368 -0.261971 -0.266007 0 
369 -0.261688 -0.231266 0 
370 -0.261473 -0.196442 0 
371 -0.261419 -0.161327 0 
372 -0.261636 -0.126186 0 
373 -0.261863 -0.091029 0 
374 -0.261795 -0.0558935 0 
375 -0.261649 -0.0210953 0 
376 -0.26132 0.013699 0 
377 -0.260681 0.0485739 0 
378 -0.25999 0.0835383 0 
379 -0.259495 0.118981 0 
380 -0.259305 0.15503 0 
381 -0.259612 0.19164 0 
382 -0.259824 0.228482 0 
383 -0.260133 0.264512 0 
384 -0.260215 0.29986 0 
385 -0.26026 0.334851 0 
386 -0.260348 0.369776 0 
387 -0.260479 0.404915 0 
388 -0.260493 0.440511 0 
389 -0.259968 0.476432 0 
390 -0.258249 0.5115 0 
391 -0.256514 0.545608 0 
392 -0.255211 0.579252 0 
393 -0.254237 0.612848 0 
394 -0.253463 0.646653 0 
395 -0.252807 0.680902 0 
396 -0.25219 0.715574 0 
397 -0.251436 0.750433 0 
398 -0.250563 0.785364 0 
399 -0.24973 0.820257 0 
400 -0.249461 0.854823 0 
401 -0.250386 0.888745 0 
402 -0.253139 0.922036 0 
403 -0.258355 0.955241 0 
404 -0.223678 -0.959242 0 
405 -0.224762 -0.926254 0 
406 -0.224279 -0.890559 0 
407 -0.223469 -0.854691 0 
408 -0.222745 -0.819011 0 
409 -0.222238 -0.78363 0 
410 -0.22199 -0.748551 0 
411 -0.222001 -0.713739 0 
412 -0.222217 -0.679208 0 
413 -0.222571 -0.644825 0 
414 -0.223045 -0.610445 0 
415 -0.223566 -0.575918 0 
416 -0.224087 -0.541271 0 
417 -0.22455 -0.506614 0 
418 -0.224936 -0.471956 0 
419 -0.22525 -0.437376 0 
420 -0.225512 -0.402881 0 
421 -0.225769 -0.368597 0 
422 -0.226078 -0.334431 0 
423 -0.226399 -0.300344 0 
424 -0.226603 -0.266001 0 
425 -0.226686 -0.231465 0 
426 -0.22681 -0.196723 0 
427 -0.227048 -0.161783 0 
428 -0.227497 -0.126702 0 
429 -0.227909 -0.0915352 0 
430 -0.228001 -0.0565383 0 
431 -0.227908 -0.0217878 0 
432 -0.227541 0.012976 0 
433 -0.226816 0.0478724 0 
434 -0.226004 0.0830306 0 
435 -0.225353 0.118814 0 
436 -0.225052 0.155443 0 
437 -0.225163 0.192571 0 
438 -0.225317 0.229873 0 
439 -0.225431 0.266259 0 
440 -0.225338 0.301832 0 
441 -0.225168 0.336916 0 
442 -0.225043 0.371842 0 
443 -0.225011 0.406737 0 
444 -0.224957 0.441765 0 
445 -0.224644 0.476843 0 
446 -0.223869 0.511526 0 
447 -0.222867 0.545614 0 
448 -0.221867 0.579158 0 
449 -0.220964 0.612415 0 
450 -0.220052 0.645739 0 
451 -0.219242 0.679677 0 
452 -0.218641 0.714471 0 
453 -0.21785 0.749403 0 
454 -0.216657 0.784461 0 
455 -0.215344 0.819589 0 
456 -0.214682 0.854525 0 
457 -0.215042 0.888978 0 
458 -0.217796 0.922093 0 
459 -0.223452 0.955506 0 
460 -0.188909 -0.959206 0 
461 -0.188943 -0.925667 0 
462 -0.188473 -0.8903 0 
463 -0.187781 -0.854634 0 
464 -0.187148 -0.819099 0 
465 -0.186681 -0.783753 0 
466 -0.186438 -0.748717 0 
467 -0.186409 -0.713858 0 
468 -0.186597 -0.679256 0 
469 -0.186924 -0.644733 0 
470 -0.187322 -0.6102 0 
471 -0.187849 -0.575639 0 
472 -0.188376 -0.541005 0 
473 -0.188843 -0.506411 0 
474 -0.189302 -0.471773 0 
475 -0.189677 -0.43723 0 
476 -0.19006 -0.402777 0 
477 -0.1904 -0.368404 0 
478 -0.190717 -0.334141 0 
479 -0.190994 -0.2999 0 
480 -0.191265 -0.265658 0 
481 -0.191543 -0.231312 0 
482 -0.19192 -0.196712 0 
483 -0.192368 -0.161889 0 
484 -0.192951 -0.126909 0 
485 -0.193503 -0.0918521 0 
486 -0.193764 -0.0570002 0 
487 -0.193736 -0.0223245 0 
488 -0.193372 0.0124071 0 
489 -0.192662 0.0473377 0 
490 -0.191811 0.082645 0 
491 -0.191054 0.118736 0 
492 -0.190678 0.155959 0 
493 -0.19051 0.19346 0 
494 -0.19045 0.231063 0 
495 -0.190378 0.267644 0 
496 -0.190101 0.303367 0 
497 -0.189678 0.338562 0 
498 -0.189338 0.373458 0 
499 -0.189172 0.408218 0 
500 -0.189146 0.442878 0 
501 -0.189139 0.477436 0 
502 -0.18897 0.511737 0 
503 -0.188692 0.545618 0 
504 -0.188346 0.579012 0 
505 -0.187958 0.611948 0 
506 -0.1873 0.64455 0 
507 -0.18626 0.677586 0 
508 -0.185916 0.712938 0 
509 -0.185296 0.747869 0 
510 -0.184121 0.782783 0 
511 -0.182378 0.818258 0 
512 -0.181856 0.8535 0 
513 -0.182084 0.888411 0 
514 -0.183498 0.922945 0 
515 -0.189591 0.955454 0 
516 -0.154069 -0.959196 0 
517 -0.153474 -0.92515 0 
518 -0.152819 -0.889988 0 
519 -0.152147 -0.85453 0 
520 -0.151523 -0.819114 0 
521 -0.151084 -0.783861 0 
522 -0.150845 -0.748841 0 
523 -0.150796 -0.713989 0 
524 -0.150943 -0.679263 0 
525 -0.151248 -0.644619 0 
526 -0.151648 -0.610035 0 
527 -0.152159 -0.575416 0 
528 -0.152663 -0.540799 0 
529 -0.153184 -0.506117 0 
530 -0.153667 -0.4715 0 
531 -0.154145 -0.436935 0 
532 -0.154585 -0.402445 0 
533 -0.154982 -0.367985 0 
534 -0.155357 -0.333637 0 
535 -0.155691 -0.299372 0 
536 -0.155994 -0.265183 0 
537 -0.156392 -0.231005 0 
538 -0.156921 -0.196575 0 
539 -0.157452 -0.161817 0 
540 -0.158086 -0.126857 0 
541 -0.158694 -0.0919219 0 
542 -0.159078 -0.0571953 0 
543 -0.159115 -0.0226298 0 
544 -0.158791 0.0120499 0 
545 -0.158172 0.0469998 0 
546 -0.157367 0.0824082 0 
547 -0.156548 0.118742 0 
548 -0.156177 0.156551 0 
549 -0.155686 0.194247 0 
550 -0.155315 0.232023 0 
551 -0.155063 0.268641 0 
552 -0.154564 0.304441 0 
553 -0.153889 0.339854 0 
554 -0.153286 0.374949 0 
555 -0.153055 0.409738 0 
556 -0.153143 0.444198 0 
557 -0.153462 0.4784 0 
558 -0.153782 0.512381 0 
559 -0.154036 0.545965 0 
560 -0.154244 0.579195 0 
561 -0.154441 0.611955 0 
562 -0.154733 0.644421 0 
563 -0.154083 0.676576 0 
564 -0.154085 0.711384 0 
565 -0.15404 0.746257 0 
566 -0.153967 0.781142 0 
567 -0.153855 0.815817 0 
568 -0.153847 0.850601 0 
569 -0.153776 0.885298 0 
570 -0.153646 0.919882 0 
571 -0.155025 0.954046 0 
572 -0.119262 -0.959195 0 
573 -0.118217 -0.92475 0 
574 -0.117351 -0.889691 0 
575 -0.116583 -0.854362 0 
576 -0.115932 -0.819085 0 
577 -0.115473 -0.783904 0 
578 -0.115216 -0.748876 0 
579 -0.115151 -0.713972 0 
580 -0.115275 -0.679249 0 
581 -0.115568 -0.644506 0 
582 -0.115949 -0.609823 0 
583 -0.116436 -0.57515 0 
584 -0.11699 -0.540458 0 
585 -0.11753 -0.505754 0 
586 -0.118099 -0.471113 0 
587 -0.118612 -0.436514 0 
588 -0.11911 -0.401923 0 
589 -0.119565 -0.36739 0 
590 -0.120002 -0.333 0 
591 -0.120343 -0.298756 0 
592 -0.120758 -0.264665 0 
593 -0.121291 -0.230675 0 
594 -0.12192 -0.196431 0 
595 -0.122321 -0.161615 0 
596 -0.122877 -0.126583 0 
597 -0.123481 -0.091687 0 
598 -0.123928 -0.0570964 0 
599 -0.123998 -0.0226408 0 
600 -0.123746 0.0119965 0 
601 -0.123262 0.046957 0 
602 -0.122599 0.082387 0 
603 -0.121762 0.118811 0 
604 -0.12149 0.157173 0 
605 -0.12076 0.194856 0 
606 -0.119981 0.232496 0 
607 -0.119542 0.268999 0 
608 -0.11878 0.304942 0 
609 -0.117699 0.340822 0 
610 -0.116889 0.376372 0 
611 -0.116617 0.411462 0 
612 -0.117071 0.445829 0 
613 -0.117834 0.479714 0 
614 -0.118585 0.513333 0 
615 -0.119189 0.546647 0 
616 -0.119617 0.579631 0 
617 -0.119877 0.612082 0 
618 -0.119887 0.644064 0 
619 -0.119396 0.676398 0 
620 -0.0844506 -0.959198 0 
621 -0.0830959 -0.924492 0 
622 -0.0820013 -0.889418 0 
623 -0.0811178 -0.854228 0 
624 -0.0804061 -0.819 0 
625 -0.0798825 -0.78387 0 
626 -0.079589 -0.748865 0 
627 -0.0794934 -0.713952 0 
628 -0.0796023 -0.679109 0 
629 -0.0798442 -0.644343 0 
630 -0.0802614 -0.60958 0 
631 -0.0807631 -0.574835 0 
632 -0.0813082 -0.540073 0 
633 -0.0818719 -0.505352 0 
634 -0.0824806 -0.470619 0 
635 -0.0830629 -0.43592 0 
636 -0.0836358 -0.401309 0 
637 -0.0841429 -0.366705 0 
638 -0.0846173 -0.33227 0 
639 -0.0850269 -0.298011 0 
640 -0.0854909 -0.264044 0 
641 -0.0861563 -0.230414 0 
642 -0.0869814 -0.196514 0 
643 -0.0869142 -0.161301 0 
644 -0.0872708 -0.126084 0 
645 -0.0877979 -0.0911213 0 
646 -0.0882675 -0.0565831 0 
647 -0.0883349 -0.0222118 0 
648 -0.0881618 0.0123798 0 
649 -0.0878423 0.0473312 0 
650 -0.0874227 0.0826579 0 
651 -0.0866589 0.118894 0 
652 -0.0865767 0.157583 0 
653 -0.0858485 0.195142 0 
654 -0.0845705 0.232015 0 
655 -0.0839206 0.268184 0 
656 -0.0828526 0.304342 0 
657 -0.0812703 0.34106 0 
658 -0.0801192 0.377499 0 
659 -0.0798965 0.413356 0 
660 -0.0812451 0.447469 0 
661 -0.0827504 0.480914 0 
662 -0.083881 0.51417 0 
663 -0.0846072 0.547297 0 
664 -0.0850683 0.580282 0 
665 -0.0853608 0.612978 0 
666 -0.0853679 0.645142 0 
667 -0.0843811 0.676242 0 
668 -0.0496549 -0.959198 0 
669 -0.0480566 -0.924291 0 
670 -0.0467527 -0.889218 0 
671 -0.0456964 -0.854058 0 
672 -0.0448783 -0.818879 0 
673 -0.0442779 -0.78382 0 
674 -0.043939 -0.748788 0 
675 -0.0438048 -0.713832 0 
676 -0.0438865 -0.678926 0 
677 -0.0441643 -0.644108 0 
678 -0.0445494 -0.609291 0 
679 -0.0450647 -0.574473 0 
680 -0.0456382 -0.539666 0 
681 -0.0462467 -0.504818 0 
682 -0.0468883 -0.47002 0 
683 -0.0475143 -0.435226 0 
684 -0.0481421 -0.400468 0 
685 -0.0486941 -0.365809 0 
686 -0.0491804 -0.331327 0 
687 -0.0495765 -0.297106 0 
688 -0.0500092 -0.263272 0 
689 -0.0505205 -0.229689 0 
690 -0.0521648 -0.196899 0 
691 -0.0511026 -0.160713 0 
692 -0.0512595 -0.125258 0 
693 -0.0516153 -0.0902161 0 
694 -0.052005 -0.0556337 0 
695 -0.052037 -0.0212404 0 
696 -0.0519787 0.0133492 0 
697 -0.0518253 0.0482688 0 
698 -0.0516519 0.0833931 0 
699 -0.0512891 0.119017 0 
700 -0.0512459 0.157079 0 
701 -0.0510496 0.194447 0 
702 -0.0493429 0.229658 0 
703 -0.0485816 0.265273 0 
704 -0.04729 0.301495 0 
705 -0.0452574 0.339091 0 
706 -0.0433138 0.376697 0 
707 -0.0429942 0.413892 0 
708 -0.0467038 0.44759 0 
709 -0.0490591 0.480674 0 
710 -0.0501199 0.513697 0 
711 -0.0503939 0.54675 0 
712 -0.0502388 0.579769 0 
713 -0.0498174 0.61264 0 
714 -0.0493668 0.645145 0 
715 -0.0495143 0.676484 0 
716 -0.0148502 -0.959175 0 
717 -0.013061 -0.924156 0 
718 -0.0115573 -0.889047 0 
719 -0.0103069 -0.853912 0 
720 -0.00935643 -0.818818 0 
721 -0.00866691 -0.783728 0 
722 -0.00825774 -0.748693 0 
723 -0.00811015 -0.713668 0 
724 -0.00816124 -0.678724 0 
725 -0.008441 -0.643831 0 
726 -0.00883422 -0.608926 0 
727 -0.00935837 -0.574074 0 
728 -0.00994775 -0.53913 0 
729 -0.0106163 -0.504207 0 
730 -0.0112914 -0.4693 0 
731 -0.0119668 -0.43441 0 
732 -0.0126334 -0.399538 0 
733 -0.0132389 -0.364739 0 
734 -0.0137174 -0.330076 0 
735 -0.0140591 -0.295668 0 
736 -0.0143062 -0.261589 0 
737 -0.0147142 -0.228477 0 
738 -0.0149371 -0.193757 0 
739 -0.0150115 -0.158802 0 
740 -0.0150143 -0.123935 0 
741 -0.0149967 -0.0890981 0 
742 -0.0149625 -0.0543018 0 
743 -0.0149848 -0.0195333 0 
744 -0.0150524 0.0152258 0 
745 -0.0151577 0.05 0 
746 -0.01526 0.0847942 0 
747 -0.0153753 0.119594 0 
748 -0.0159298 0.154607 0 
749 -0.015633 0.189825 0 
750 -0.0148591 0.22447 0 
751 -0.0149231 0.259195 0 
752 -0.014891 0.293997 0 
753 -0.014834 0.328759 0 
754 -0.0147725 0.363618 0 
755 -0.0147517 0.398118 0 
756 -0.0171478 0.442824 0 
757 -0.017559 0.47745 0 
758 -0.0171796 0.511091 0 
759 -0.0164658 0.544609 0 
760 -0.0155581 0.578076 0 
761 -0.0145608 0.611441 0 
762 -0.01373 0.644518 0 
763 -0.0146764 0.67651 0 
764 0.0199656 -0.959162 0 
765 0.0219264 -0.924036 0 
766 0.0236525 -0.888953 0 
767 0.025106 -0.853835 0 
768 0.0262255 -0.818682 0 
769 0.0269954 -0.783623 0 
770 0.0274589 -0.748538 0 
771 0.0276197 -0.713485 0 
772 0.0275632 -0.678495 0 
773 0.0272867 -0.643515 0 
774 0.0268986 -0.608527 0 
775 0.0263563 -0.573557 0 
776 0.0257283 -0.538565 0 
777 0.0250287 -0.503557 0 
778 0.0243118 -0.468527 0 
779 0.0235424 -0.433523 0 
780 0.0228061 -0.398494 0 
781 0.0220486 -0.3635 0 
782 0.0212513 -0.328497 0 
783 0.0204519 -0.293503 0 
784 0.0199243 -0.258535 0 
785 0.02035 -0.228687 0 
786 0.0199479 0.398404 0 
787 0.0145343 0.436499 0 
788 0.0155079 0.472118 0 
789 0.0168039 0.50703 0 
790 0.0180835 0.541525 0 
791 0.0192528 0.575751 0 
792 0.0202858 0.609885 0 
793 0.0208701 0.643882 0 
794 0.0201019 0.676651 0 
795 0.0547918 -0.959184 0 
796 0.0569752 -0.924025 0 
797 0.0589587 -0.88893 0 
798 0.0606181 -0.853781 0 
799 0.0618776 -0.818631 0 
800 0.0627333 -0.783507 0 
801 0.0632191 -0.748375 0 
802 0.0634004 -0.713295 0 
803 0.0633008 -0.67821 0 
804 0.06302 -0.643164 0 
805 0.0625839 -0.608086 0 
806 0.0620218 -0.573028 0 
807 0.0613811 -0.537925 0 
808 0.0606704 -0.502844 0 
809 0.0599037 -0.467762 0 
810 0.0591281 -0.432615 0 
811 0.0583256 -0.397504 0 
812 0.0575284 -0.362439 0 
813 0.0567186 -0.327421 0 
814 0.0559047 -0.292673 0 
815 0.0551647 -0.258803 0 
816 0.0548744 -0.228116 0 
817 0.0547981 0.398291 0 
818 0.0521463 0.433303 0 
819 0.0517414 0.468841 0 
820 0.0523498 0.50404 0 
821 0.0532844 0.538959 0 
822 0.0542266 0.573671 0 
823 0.0549806 0.608343 0 
824 0.0552842 0.64317 0 
825 0.0547752 0.676729 0 
826 0.0896166 -0.95919 0 
827 0.0921542 -0.924072 0 
828 0.0944196 -0.888969 0 
829 0.0962681 -0.853791 0 
830 0.0976335 -0.818617 0 
831 0.0985278 -0.783428 0 
832 0.0990122 -0.748244 0 
833 0.0991685 -0.713055 0 
834 0.0990621 -0.677903 0 
835 0.0987295 -0.642761 0 
836 0.0982437 -0.607619 0 
837 0.0976426 -0.572478 0 
838 0.0969726 -0.53732 0 
839 0.096253 -0.502181 0 
840 0.0954805 -0.467041 0 
841 0.0946943 -0.431855 0 
842 0.0939114 -0.396732 0 
843 0.0931235 -0.361718 0 
844 0.0923356 -0.326867 0 
845 0.0915037 -0.292482 0 
846 0.0906526 -0.259141 0 
847 0.089653 -0.228204 0 
848 0.0896084 0.398333 0 
849 0.0883209 0.432309 0 
850 0.087831 0.467168 0 
851 0.0880333 0.502206 0 
852 0.0885614 0.53724 0 
853 0.0891169 0.572206 0 
854 0.0894795 0.60713 0 
855 0.0894874 0.642039 0 
856 0.0895634 0.676628 0 
857 0.124431 -0.959188 0 
858 0.127434 -0.924239 0 
859 0.130032 -0.88914 0 
860 0.132055 -0.853923 0 
861 0.133493 -0.81863 0 
862 0.134374 -0.783373 0 
863 0.134824 -0.748073 0 
864 0.134929 -0.712792 0 
865 0.134754 -0.677574 0 
866 0.134349 -0.642372 0 
867 0.133837 -0.607173 0 
868 0.133196 -0.571986 0 
869 0.13249 -0.536761 0 
870 0.131751 -0.501585 0 
871 0.130994 -0.466403 0 
872 0.130217 -0.431284 0 
873 0.129453 -0.396247 0 
874 0.128724 -0.361343 0 
875 0.127963 -0.326757 0 
876 0.127145 -0.292694 0 
877 0.126098 -0.259636 0 
878 0.124446 -0.228238 0 
879 0.12444 0.398235 0 
880 0.123721 0.432074 0 
881 0.12343 0.466502 0 
882 0.123495 0.501347 0 
883 0.123778 0.53639 0 
884 0.124113 0.571489 0 
885 0.124335 0.606528 0 
886 0.124422 0.641559 0 
887 0.124374 0.676544 0 
888 0.159279 -0.959225 0 
889 0.162907 -0.924605 0 
890 0.165837 -0.889471 0 
891 0.167997 -0.854096 0 
892 0.169434 -0.818686 0 
893 0.170257 -0.783292 0 
894 0.170599 -0.747913 0 
895 0.170606 -0.712597 0 
896 0.170332 -0.677273 0 
897 0.169873 -0.641981 0 
898 0.169289 -0.606751 0 
899 0.168601 -0.571542 0 
900 0.167867 -0.536315 0 
901 0.16713 -0.501102 0 
902 0.166356 -0.465997 0 
903 0.165585 -0.430923 0 
904 0.164882 -0.395973 0 
905 0.164183 -0.361285 0 
906 0.163451 -0.32691 0 
907 0.162557 -0.293135 0 
908 0.161339 -0.260184 0 
909 0.159235 -0.228237 0 
910 0.159208 0.398222 0 
911 0.158875 0.43195 0 
912 0.158696 0.466253 0 
913 0.158698 0.501052 0 
914 0.158869 0.536134 0 
915 0.159104 0.571312 0 
916 0.159309 0.606533 0 
917 0.159349 0.641622 0 
918 0.159229 0.676571 0 
919 0.194087 -0.959262 0 
920 0.19855 -0.925224 0 
921 0.201862 -0.889889 0 
922 0.204066 -0.854321 0 
923 0.205403 -0.818741 0 
924 0.20607 -0.783219 0 
925 0.206269 -0.747789 0 
926 0.206119 -0.712405 0 
927 0.205744 -0.677037 0 
928 0.205195 -0.641715 0 
929 0.20453 -0.606435 0 
930 0.203816 -0.571166 0 
931 0.20306 -0.535962 0 
932 0.202257 -0.500816 0 
933 0.201514 -0.465751 0 
934 0.200784 -0.430778 0 
935 0.200099 -0.395944 0 
936 0.199444 -0.361388 0 
937 0.198712 -0.327148 0 
938 0.197784 -0.29344 0 
939 0.196297 -0.26038 0 
940 0.194044 -0.228286 0 
941 0.19396 0.398279 0 
942 0.193931 0.431806 0 
943 0.193731 0.466184 0 
944 0.19367 0.501143 0 
945 0.193742 0.536365 0 
946 0.193924 0.571716 0 
947 0.194163 0.607016 0 
948 0.194325 0.642159 0 
949 0.194061 0.676567 0 
950 0.228816 -0.959345 0 
951 0.234472 -0.925935 0 
952 0.238085 -0.890288 0 
953 0.240173 -0.85446 0 
954 0.241262 -0.818767 0 
955 0.241683 -0.783183 0 
956 0.24167 -0.747665 0 
957 0.241349 -0.712241 0 
958 0.240833 -0.676882 0 
959 0.240207 -0.641513 0 
960 0.239507 -0.606238 0 
961 0.238738 -0.570988 0 
962 0.237949 -0.535826 0 
963 0.237157 -0.500709 0 
964 0.236394 -0.465697 0 
965 0.235679 -0.430838 0 
966 0.235047 -0.396144 0 
967 0.234468 -0.361616 0 
968 0.233924 -0.327385 0 
969 0.233208 -0.293497 0 
970 0.231952 -0.260002 0 
971 0.228856 -0.228296 0 
972 0.228983 0.398423 0 
973 0.228584 0.431453 0 
974 0.228427 0.466246 0 
975 0.228312 0.501553 0 
976 0.22831 0.537001 0 
977 0.22842 0.57247 0 
978 0.228642 0.607846 0 
979 0.228861 0.642969 0 
980 0.22888 0.676634 0 
981 0.263737 -0.959342 0 
982 0.271021 -0.925867 0 
983 0.274398 -0.890296 0 
984 0.27607 -0.854481 0 
985 0.276777 -0.818745 0 
986 0.276899 -0.783126 0 
987 0.27663 -0.747599 0 
988 0.27614 -0.712164 0 
989 0.275523 -0.676786 0 
990 0.274818 -0.641503 0 
991 0.274062 -0.606204 0 
992 0.273294 -0.571023 0 
993 0.272492 -0.535859 0 
994 0.27167 -0.500813 0 
995 0.270937 -0.465916 0 
996 0.270222 -0.431132 0 
997 0.269663 -0.39655 0 
998 0.269228 -0.362105 0 
999 0.268943 -0.327794 0 
1000 0.268734 -0.293658 0 
1001 0.268271 -0.259188 0 
1002 0.263771 -0.228342 0 
1003 0.263665 0.398139 0 
1004 0.263315 0.43085 0 
1005 0.263132 0.46675 0 
1006 0.262831 0.502513 0 
1007 0.262654 0.538111 0 
1008 0.262638 0.573633 0 
1009 0.262835 0.60898 0 
1010 0.26318 0.643904 0 
1011 0.263631 0.676689 0 
1012 0.298348 -0.959383 0 
1013 0.306812 -0.925605 0 
1014 0.31011 -0.890117 0 
1015 0.311344 -0.854413 0 
1016 0.311653 -0.81873 0 
1017 0.31145 -0.783128 0 
1018 0.310977 -0.747635 0 
1019 0.310334 -0.712233 0 
1020 0.309639 -0.676903 0 
1021 0.308924 -0.64166 0 
1022 0.308175 -0.606413 0 
1023 0.30739 -0.571257 0 
1024 0.306596 -0.536193 0 
1025 0.305796 -0.501176 0 
1026 0.305062 -0.466339 0 
1027 0.304394 -0.431698 0 
1028 0.303898 -0.397155 0 
1029 0.303623 -0.362759 0 
1030 0.303567 -0.328367 0 
1031 0.303594 -0.294246 0 
1032 0.302858 -0.259829 0 
1033 0.298439 -0.228128 0 
1034 0.298326 -0.193466 0 
1035 0.298385 -0.158729 0 
1036 0.298409 -0.123942 0 
1037 0.298382 -0.0891472 0 
1038 0.298401 -0.054384 0 
1039 0.29837 -0.0196476 0 
1040 0.298882 0.0149986 0 
1041 0.29909 0.0502576 0 
1042 0.298538 0.0851195 0 
1043 0.298499 0.119904 0 
1044 0.298468 0.154674 0 
1045 0.29845 0.18947 0 
1046 0.298433 0.224254 0 
1047 0.298434 0.259046 0 
1048 0.298486 0.293914 0 
1049 0.298392 0.328702 0 
1050 0.298379 0.363501 0 
1051 0.298337 0.398127 0 
1052 0.298185 0.432927 0 
1053 0.297776 0.468771 0 
1054 0.297291 0.504381 0 
1055 0.296905 0.539834 0 
1056 0.296785 0.57517 0 
1057 0.296924 0.610286 0 
1058 0.297396 0.644826 0 
1059 0.298435 0.676675 0 
1060 0.333504 -0.959514 0 
1061 0.342296 -0.925287 0 
1062 0.344926 -0.889972 0 
1063 0.345618 -0.854436 0 
1064 0.345559 -0.818817 0 
1065 0.345081 -0.783277 0 
1066 0.34445 -0.747843 0 
1067 0.343748 -0.712521 0 
1068 0.343061 -0.677257 0 
1069 0.342375 -0.642093 0 
1070 0.341694 -0.606924 0 
1071 0.34098 -0.571808 0 
1072 0.340246 -0.536767 0 
1073 0.33951 -0.501849 0 
1074 0.338784 -0.467077 0 
1075 0.338172 -0.432499 0 
1076 0.337747 -0.397998 0 
1077 0.337584 -0.363478 0 
1078 0.337671 -0.328749 0 
1079 0.337493 -0.29363 0 
1080 0.340037 -0.262244 0 
1081 0.336136 -0.228118 0 
1082 0.332207 -0.194435 0 
1083 0.330879 -0.159842 0 
1084 0.330371 -0.125456 0 
1085 0.330078 -0.0910167 0 
1086 0.329792 -0.0564551 0 
1087 0.329753 -0.0217439 0 
1088 0.33029 0.0126533 0 
1089 0.330603 0.048648 0 
1090 0.330719 0.08513 0 
1091 0.331297 0.120953 0 
1092 0.331536 0.156085 0 
1093 0.331723 0.191144 0 
1094 0.331743 0.226064 0 
1095 0.33161 0.261069 0 
1096 0.331076 0.296264 0 
1097 0.32974 0.332373 0 
1098 0.329174 0.368354 0 
1099 0.329176 0.402939 0 
1100 0.330938 0.437744 0 
1101 0.331622 0.472241 0 
1102 0.331494 0.507072 0 
1103 0.331168 0.54204 0 
1104 0.331024 0.576962 0 
1105 0.331168 0.611748 0 
1106 0.331832 0.645856 0 
1107 0.333205 0.676686 0 
1108 0.368779 -0.959929 0 
1109 0.376143 -0.925299 0 
1110 0.378177 -0.890247 0 
1111 0.378402 -0.854662 0 
1112 0.378114 -0.819072 0 
1113 0.377495 -0.783597 0 
1114 0.376836 -0.748292 0 
1115 0.37621 -0.713106 0 
1116 0.375631 -0.677945 0 
1117 0.375071 -0.642883 0 
1118 0.374523 -0.607821 0 
1119 0.373979 -0.572739 0 
1120 0.373364 -0.537773 0 
1121 0.372728 -0.502872 0 
1122 0.37209 -0.468129 0 
1123 0.371562 -0.433556 0 
1124 0.371244 -0.399053 0 
1125 0.371265 -0.364471 0 
1126 0.371649 -0.329459 0 
1127 0.372275 -0.293928 0 
1128 0.378389 -0.258263 0 
1129 0.371617 -0.227263 0 
1130 0.367647 -0.194399 0 
1131 0.365434 -0.160612 0 
1132 0.364249 -0.126555 0 
1133 0.363545 -0.0922294 0 
1134 0.363104 -0.0575848 0 
1135 0.362996 -0.0226601 0 
1136 0.363356 0.0125747 0 
1137 0.363846 0.0485359 0 
1138 0.364147 0.0853866 0 
1139 0.364815 0.121512 0 
1140 0.365245 0.157 0 
1141 0.365525 0.192232 0 
1142 0.365592 0.22738 0 
1143 0.365478 0.262607 0 
1144 0.365041 0.298106 0 
1145 0.364245 0.334112 0 
1146 0.363783 0.370201 0 
1147 0.364017 0.405655 0 
1148 0.365016 0.440601 0 
1149 0.365614 0.475141 0 
1150 0.365707 0.509746 0 
1151 0.365539 0.54436 0 
1152 0.365457 0.578898 0 
1153 0.365666 0.613144 0 
1154 0.366466 0.646419 0 
1155 0.368006 0.67668 0 
1156 0.401012 -0.95962 0 
1157 0.407673 -0.927147 0 
1158 0.40944 -0.89112 0 
1159 0.409247 -0.854905 0 
1160 0.408983 -0.819434 0 
1161 0.408421 -0.784143 0 
1162 0.407942 -0.749059 0 
1163 0.407558 -0.714021 0 
1164 0.407208 -0.679025 0 
1165 0.406866 -0.644128 0 
1166 0.406592 -0.609174 0 
1167 0.406272 -0.574197 0 
1168 0.405899 -0.539273 0 
1169 0.405466 -0.504396 0 
1170 0.40507 -0.469614 0 
1171 0.404659 -0.435023 0 
1172 0.404505 -0.400411 0 
1173 0.404625 -0.365691 0 
1174 0.405257 -0.330326 0 
1175 0.406913 -0.293248 0 
1176 0.405972 -0.25712 0 
1177 0.404179 -0.226922 0 
1178 0.401789 -0.194533 0 
1179 0.399971 -0.161153 0 
1180 0.398754 -0.127196 0 
1181 0.397993 -0.0928466 0 
1182 0.397557 -0.0580753 0 
1183 0.397413 -0.0228402 0 
1184 0.397633 0.0128754 0 
1185 0.398072 0.0489954 0 
1186 0.398482 0.0857216 0 
1187 0.399066 0.121928 0 
1188 0.399527 0.157585 0 
1189 0.39983 0.192961 0 
1190 0.399959 0.228251 0 
1191 0.399914 0.263642 0 
1192 0.399668 0.29928 0 
1193 0.399251 0.335212 0 
1194 0.398986 0.371259 0 
1195 0.399101 0.40706 0 
1196 0.39959 0.442457 0 
1197 0.400012 0.477415 0 
1198 0.400157 0.512084 0 
1199 0.400111 0.546593 0 
1200 0.400125 0.580801 0 
1201 0.400381 0.61445 0 
1202 0.401193 0.64697 0 
1203 0.402787 0.67668 0 
1204 0.436442 -0.95807 0 
1205 0.437702 -0.923684 0 
1206 0.437925 -0.889472 0 
1207 0.437693 -0.85446 0 
1208 0.437707 -0.819816 0 
1209 0.437687 -0.785005 0 
1210 0.437654 -0.750228 0 
1211 0.437651 -0.715423 0 
1212 0.437671 -0.680643 0 
1213 0.437653 -0.645846 0 
1214 0.437657 -0.611051 0 
1215 0.43766 -0.576254 0 
1216 0.437655 -0.541462 0 
1217 0.437653 -0.506656 0 
1218 0.437658 -0.471867 0 
1219 0.437647 -0.43706 0 
1220 0.437656 -0.402271 0 
1221 0.437643 -0.367475 0 
1222 0.437613 -0.33269 0 
1223 0.437401 -0.297714 0 
1224 0.437817 -0.263061 0 
1225 0.437221 -0.228597 0 
1226 0.435895 -0.195443 0 
1227 0.434675 -0.161791 0 
1228 0.43375 -0.127676 0 
1229 0.433095 -0.0931547 0 
1230 0.432699 -0.0581602 0 
1231 0.43255 -0.0226996 0 
1232 0.432684 0.0132404 0 
1233 0.433014 0.0495236 0 
1234 0.433416 0.0860721 0 
1235 0.433892 0.122249 0 
1236 0.434299 0.158022 0 
1237 0.434583 0.193461 0 
1238 0.434745 0.228799 0 
1239 0.434759 0.264233 0 
1240 0.434667 0.299931 0 
1241 0.434471 0.335853 0 
1242 0.434332 0.371923 0 
1243 0.434332 0.407913 0 
1244 0.434539 0.443656 0 
1245 0.434789 0.479075 0 
1246 0.43491 0.514054 0 
1247 0.434954 0.548559 0 
1248 0.435021 0.582586 0 
1249 0.435312 0.615698 0 
1250 0.436118 0.647482 0 
1251 0.437579 0.676679 0 
1252 0.47243 -0.263151 0 
1253 0.471416 -0.230404 0 
1254 0.470572 -0.196478 0 
1255 0.469781 -0.16233 0 
1256 0.469123 -0.127906 0 
1257 0.468614 -0.0931875 0 
1258 0.468303 -0.0580404 0 
1259 0.468128 -0.0224295 0 
1260 0.468185 0.0136299 0 
1261 0.468422 0.0499749 0 
1262 0.46876 0.0864191 0 
1263 0.469126 0.122568 0 
1264 0.469431 0.158322 0 
1265 0.46966 0.193751 0 
1266 0.469839 0.229123 0 
1267 0.469904 0.264522 0 
1268 0.469901 0.300211 0 
1269 0.469836 0.336143 0 
1270 0.469748 0.372235 0 
1271 0.469705 0.408381 0 
1272 0.469761 0.444415 0 
1273 0.469862 0.480169 0 
1274 0.469954 0.515504 0 
1275 0.470023 0.550229 0 
1276 0.470142 0.584156 0 
1277 0.47043 0.616938 0 
1278 0.471103 0.648064 0 
1279 0.472365 0.67668 0 
1280 0.507187 -0.263097 0 
1281 0.506492 -0.230833 0 
1282 0.50584 -0.196937 0 
1283 0.505295 -0.162579 0 
1284 0.504791 -0.127879 0 
1285 0.504379 -0.0930048 0 
1286 0.50409 -0.0577335 0 
1287 0.503928 -0.0220929 0 
1288 0.503932 0.014016 0 
1289 0.504087 0.0503894 0 
1290 0.504373 0.0867339 0 
1291 0.504638 0.122837 0 
1292 0.504853 0.158558 0 
1293 0.505024 0.193962 0 
1294 0.505156 0.229234 0 
1295 0.505244 0.264636 0 
1296 0.505289 0.300241 0 
1297 0.505283 0.336108 0 
1298 0.505218 0.372206 0 
1299 0.505152 0.408467 0 
1300 0.505105 0.444727 0 
1301 0.505103 0.480773 0 
1302 0.50519 0.516435 0 
1303 0.505329 0.551453 0 
1304 0.505503 0.585501 0 
1305 0.505769 0.618075 0 
1306 0.506255 0.648719 0 
1307 0.507156 0.676686 0 
1308 0.542014 -0.26311 0 
1309 0.541697 -0.230908 0 
1310 0.541353 -0.197003 0 
1311 0.540975 -0.162428 0 
1312 0.540573 -0.127612 0 
1313 0.54021 -0.0926344 0 
1314 0.539957 -0.0573934 0 
1315 0.539791 -0.0217098 0 
1316 0.539769 0.0143771 0 
1317 0.539871 0.0507306 0 
1318 0.54012 0.0870034 0 
1319 0.540333 0.123089 0 
1320 0.540456 0.158725 0 
1321 0.540554 0.194026 0 
1322 0.540651 0.229217 0 
1323 0.540707 0.264516 0 
1324 0.540768 0.300023 0 
1325 0.540753 0.335798 0 
1326 0.540692 0.371883 0 
1327 0.540577 0.408184 0 
1328 0.540471 0.44451 0 
1329 0.540448 0.480777 0 
1330 0.540536 0.516737 0 
1331 0.540751 0.552122 0 
1332 0.541048 0.586446 0 
1333 0.541298 0.619084 0 
1334 0.541545 0.649361 0 
1335 0.541938 0.676696 0 
1336 0.576802 -0.263105 0 
1337 0.577193 -0.230889 0 
1338 0.577053 -0.196844 0 
1339 0.576715 -0.162079 0 
1340 0.576359 -0.127177 0 
1341 0.576021 -0.0921965 0 
1342 0.575765 -0.056981 0 
1343 0.575602 -0.0213398 0 
1344 0.575559 0.0147026 0 
1345 0.575601 0.0509778 0 
1346 0.575906 0.087189 0 
1347 0.576097 0.123208 0 
1348 0.576161 0.158712 0 
1349 0.576191 0.193897 0 
1350 0.576228 0.229016 0 
1351 0.57623 0.264178 0 
1352 0.576253 0.299514 0 
1353 0.576217 0.335167 0 
1354 0.576115 0.371103 0 
1355 0.575919 0.407346 0 
1356 0.575768 0.443691 0 
1357 0.575695 0.480036 0 
1358 0.575835 0.516145 0 
1359 0.576171 0.551847 0 
1360 0.576726 0.586682 0 
1361 0.577231 0.619717 0 
1362 0.576844 0.650126 0 
1363 0.576684 0.676716 0 
1364 0.611719 -0.263174 0 
1365 0.61301 -0.23091 0 
1366 0.612866 -0.196646 0 
1367 0.612551 -0.16161 0 
1368 0.612049 -0.126684 0 
1369 0.611685 -0.0917034 0 
1370 0.611424 -0.0565538 0 
1371 0.611222 -0.0209732 0 
1372 0.611182 0.0149645 0 
1373 0.611174 0.0511077 0 
1374 0.61155 0.0871922 0 
1375 0.611757 0.123039 0 
1376 0.611782 0.158342 0 
1377 0.611811 0.193403 0 
1378 0.611765 0.228408 0 
1379 0.611731 0.263402 0 
1380 0.611666 0.298606 0 
1381 0.611538 0.334025 0 
1382 0.611357 0.369736 0 
1383 0.611112 0.405743 0 
1384 0.610847 0.441922 0 
1385 0.610757 0.478133 0 
1386 0.610906 0.51421 0 
1387 0.611352 0.55001 0 
1388 0.612096 0.585278 0 
1389 0.613467 0.619362 0 
1390 0.613726 0.65018 0 
1391 0.611512 0.676823 0 
1392 0.646213 -0.263174 0 
1393 0.648769 -0.230949 0 
1394 0.648689 -0.196435 0 
1395 0.648432 -0.160854 0 
1396 0.647484 -0.125965 0 
1397 0.647106 -0.0910708 0 
1398 0.646784 -0.0559779 0 
1399 0.646488 -0.0204713 0 
1400 0.646463 0.0151492 0 
1401 0.646408 0.050951 0 
1402 0.646778 0.0868118 0 
1403 0.64704 0.122276 0 
1404 0.647034 0.15728 0 
1405 0.647117 0.192185 0 
1406 0.647026 0.227166 0 
1407 0.646932 0.261896 0 
1408 0.646823 0.296948 0 
1409 0.646628 0.332011 0 
1410 0.646431 0.367377 0 
1411 0.646128 0.402951 0 
1412 0.64577 0.43867 0 
1413 0.645697 0.474482 0 
1414 0.645791 0.510123 0 
1415 0.646171 0.545601 0 
1416 0.646819 0.581022 0 
1417 0.647929 0.615609 0 
1418 0.649902 0.649325 0 
1419 0.646024 0.676982 0 
1420 0.680994 -0.262701 0 
1421 0.681401 -0.228097 0 
1422 0.681449 -0.193554 0 
1423 0.681383 -0.158664 0 
1424 0.681294 -0.12395 0 
1425 0.681291 -0.0891251 0 
1426 0.681228 -0.0543737 0 
1427 0.681096 -0.0195775 0 
1428 0.681018 0.0153149 0 
1429 0.681048 0.0501839 0 
1430 0.680966 0.085125 0 
1431 0.681226 0.119907 0 
1432 0.681274 0.154677 0 
1433 0.681267 0.189445 0 
1434 0.681306 0.224227 0 
1435 0.681279 0.259018 0 
1436 0.681304 0.293814 0 
1437 0.681282 0.328614 0 
1438 0.681299 0.363419 0 
1439 0.68129 0.398227 0 
1440 0.681306 0.433109 0 
1441 0.681363 0.467862 0 
1442 0.681434 0.502812 0 
1443 0.681502 0.537397 0 
1444 0.681519 0.572114 0 
1445 0.681823 0.607428 0 
1446 0.681776 0.640887 0 
1447 0.680161 0.675403 0 
