0 -0.745705 0.467811 0 
1 -0.745705 0.502615 0 
2 -0.745705 0.537419 0 
3 -0.745705 0.572223 0 
4 -0.745705 0.607027 0 
5 -0.745705 0.641831 0 
6 -0.745705 0.676635 0 
7 -0.745705 0.711439 0 
8 -0.745705 0.746243 0 
9 -0.745705 0.781047 0 
10 -0.745705 0.815851 0 
11 -0.745705 0.850655 0 
12 -0.745705 0.885459 0 
13 -0.745705 0.920263 0 
14 -0.745705 0.955068 0 
15 -0.710901 0.467811 0 
16 -0.729921 0.488804 0 
17 -0.732133 0.509271 0 
18 -0.706318 0.584214 0 
19 -0.686826 0.607409 0 
20 -0.724914 0.630363 0 
21 -0.726398 0.691716 0 
22 -0.730731 0.698761 0 
23 -0.726601 0.765885 0 
24 -0.726143 0.80889 0 
25 -0.729072 0.819437 0 
26 -0.709751 0.861413 0 
27 -0.724015 0.886032 0 
28 -0.69346 0.924162 0 
29 -0.710901 0.955068 0 
30 -0.676097 0.467811 0 
31 -0.710378 0.483035 0 
32 -0.668867 0.544065 0 
33 -0.677899 0.561379 0 
34 -0.678088 0.600564 0 
35 -0.679346 0.630805 0 
36 -0.709786 0.680861 0 
37 -0.716036 0.700197 0 
38 -0.707916 0.754536 0 
39 -0.715264 0.8055 0 
40 -0.700279 0.808297 0 
41 -0.673091 0.860399 0 
42 -0.665662 0.878595 0 
43 -0.682745 0.904804 0 
44 -0.676097 0.955068 0 
45 -0.641293 0.467811 0 
46 -0.648037 0.516403 0 
47 -0.643482 0.546549 0 
48 -0.653387 0.56518 0 
49 -0.649958 0.648189 0 
50 -0.654867 0.6753 0 
51 -0.662022 0.688761 0 
52 -0.693196 0.701277 0 
53 -0.693431 0.72563 0 
54 -0.677113 0.76116 0 
55 -0.675158 0.795875 0 
56 -0.666494 0.828333 0 
57 -0.623625 0.899062 0 
58 -0.633487 0.913082 0 
59 -0.641293 0.955068 0 
60 -0.606489 0.467811 0 
61 -0.59533 0.504236 0 
62 -0.58942 0.525829 0 
63 -0.624459 0.603243 0 
64 -0.622058 0.629372 0 
65 -0.62171 0.637291 0 
66 -0.629982 0.677541 0 
67 -0.64556 0.730789 0 
68 -0.6246 0.766084 0 
69 -0.612564 0.797882 0 
70 -0.617566 0.816868 0 
71 -0.612737 0.836416 0 
72 -0.595017 0.91006 0 
73 -0.619496 0.919597 0 
74 -0.606489 0.955068 0 
75 -0.571685 0.467811 0 
76 -0.572959 0.530522 0 
77 -0.575164 0.543015 0 
78 -0.603219 0.607156 0 
79 -0.584314 0.627077 0 
80 -0.613984 0.648471 0 
81 -0.617173 0.669142 0 
82 -0.603876 0.709912 0 
83 -0.574909 0.719722 0 
84 -0.5979 0.797233 0 
85 -0.572941 0.816934 0 
86 -0.587409 0.85491 0 
87 -0.574234 0.923955 0 
88 -0.572149 0.936548 0 
89 -0.571685 0.955068 0 
90 -0.536881 0.467811 0 
91 -0.542944 0.482757 0 
92 -0.542279 0.544965 0 
93 -0.523142 0.560143 0 
94 -0.517848 0.584137 0 
95 -0.551841 0.651268 0 
96 -0.539161 0.667588 0 
97 -0.563944 0.700451 0 
98 -0.560964 0.715273 0 
99 -0.547544 0.768804 0 
100 -0.546462 0.808746 0 
101 -0.546528 0.824049 0 
102 -0.54733 0.846084 0 
103 -0.532439 0.921223 0 
104 -0.536881 0.955068 0 
105 -0.502077 0.467811 0 
106 -0.516589 0.527945 0 
107 -0.526126 0.539554 0 
108 -0.484225 0.566805 0 
109 -0.505586 0.593144 0 
110 -0.527583 0.64753 0 
111 -0.523004 0.665391 0 
112 -0.500011 0.705692 0 
113 -0.531624 0.735545 0 
114 -0.534059 0.749895 0 
115 -0.521621 0.778303 0 
116 -0.515619 0.85099 0 
117 -0.518935 0.877776 0 
118 -0.510633 0.934691 0 
119 -0.502077 0.955068 0 
120 -0.467273 -0.680724 0 
121 -0.467273 -0.64592 0 
122 -0.467273 -0.611115 0 
123 -0.467273 -0.576311 0 
124 -0.467273 -0.541507 0 
125 -0.467273 -0.506703 0 
126 -0.467273 -0.471899 0 
127 -0.467273 -0.437095 0 
128 -0.467273 -0.402291 0 
129 -0.467273 -0.367487 0 
130 -0.467273 -0.332683 0 
131 -0.467273 -0.297879 0 
132 -0.467273 0.467811 0 
133 -0.473394 0.479041 0 
134 -0.479109 0.542082 0 
135 -0.473259 0.557974 0 
136 -0.436625 0.592131 0 
137 -0.47973 0.624491 0 
138 -0.449763 0.639902 0 
139 -0.490018 0.69336 0 
140 -0.490898 0.73084 0 
141 -0.478129 0.763052 0 
142 -0.509434 0.774434 0 
143 -0.495953 0.822645 0 
144 -0.481013 0.922534 0 
145 -0.490872 0.936835 0 
146 -0.467273 0.955068 0 
147 -0.432469 -0.680724 0 
148 -0.451497 -0.654364 0 
149 -0.449527 -0.625914 0 
150 -0.430666 -0.563208 0 
151 -0.450099 -0.558009 0 
152 -0.409985 -0.492575 0 
153 -0.45289 -0.476121 0 
154 -0.43867 -0.455601 0 
155 -0.412663 -0.400926 0 
156 -0.447972 -0.364757 0 
157 -0.449226 -0.312265 0 
158 -0.432469 -0.297879 0 
159 -0.432469 0.467811 0 
160 -0.454957 0.485112 0 
161 -0.441958 0.547599 0 
162 -0.414878 0.575464 0 
163 -0.408993 0.59653 0 
164 -0.411515 0.613494 0 
165 -0.432651 0.636753 0 
166 -0.453851 0.68901 0 
167 -0.480708 0.731073 0 
168 -0.465785 0.744133 0 
169 -0.453527 0.806629 0 
170 -0.415843 0.876213 0 
171 -0.460293 0.901016 0 
172 -0.469893 0.933514 0 
173 -0.432469 0.955068 0 
174 -0.397664 -0.680724 0 
175 -0.360332 -0.617447 0 
176 -0.385576 -0.583945 0 
177 -0.416143 -0.584529 0 
178 -0.415476 -0.552436 0 
179 -0.374215 -0.489878 0 
180 -0.366044 -0.465717 0 
181 -0.360551 -0.433447 0 
182 -0.39629 -0.422644 0 
183 -0.362256 -0.361566 0 
184 -0.367821 -0.33914 0 
185 -0.397664 -0.297879 0 
186 -0.397664 0.467811 0 
187 -0.41927 0.488903 0 
188 -0.425818 0.496403 0 
189 -0.401785 0.561515 0 
190 -0.39408 0.612486 0 
191 -0.401563 0.625306 0 
192 -0.42919 0.672497 0 
193 -0.439832 0.693605 0 
194 -0.431664 0.720561 0 
195 -0.444956 0.743598 0 
196 -0.424082 0.820469 0 
197 -0.412268 0.844449 0 
198 -0.378222 0.904363 0 
199 -0.377536 0.926205 0 
200 -0.397664 0.955068 0 
201 -0.362861 -0.959156 0 
202 -0.362861 -0.924352 0 
203 -0.362861 -0.889548 0 
204 -0.362861 -0.854744 0 
205 -0.362861 -0.81994 0 
206 -0.362861 -0.785136 0 
207 -0.362861 -0.750332 0 
208 -0.362861 -0.715528 0 
209 -0.362861 -0.680724 0 
210 -0.336155 -0.626952 0 
211 -0.324195 -0.613678 0 
212 -0.37126 -0.556331 0 
213 -0.353857 -0.51818 0 
214 -0.335736 -0.481084 0 
215 -0.353752 -0.474711 0 
216 -0.34197 -0.444524 0 
217 -0.322447 -0.38271 0 
218 -0.343638 -0.372824 0 
219 -0.340357 -0.351336 0 
220 -0.362861 -0.297879 0 
221 -0.362861 0.467811 0 
222 -0.387122 0.51678 0 
223 -0.382682 0.535598 0 
224 -0.380538 0.557898 0 
225 -0.377646 0.618074 0 
226 -0.362592 0.655937 0 
227 -0.394667 0.656845 0 
228 -0.346519 0.724444 0 
229 -0.352338 0.75 0 
230 -0.363856 0.809163 0 
231 -0.373959 0.839464 0 
232 -0.386375 0.853509 0 
233 -0.350215 0.912795 0 
234 -0.35951 0.943269 0 
235 -0.362861 0.955068 0 
236 -0.328056 -0.959156 0 
237 -0.329866 -0.917825 0 
238 -0.352155 -0.909288 0 
239 -0.324089 -0.858202 0 
240 -0.313807 -0.811775 0 
241 -0.318375 -0.795772 0 
242 -0.32964 -0.777713 0 
243 -0.347557 -0.705575 0 
244 -0.349405 -0.69024 0 
245 -0.32724 -0.658046 0 
246 -0.308603 -0.616504 0 
247 -0.295178 -0.556149 0 
248 -0.336148 -0.519979 0 
249 -0.325899 -0.507729 0 
250 -0.298758 -0.443693 0 
251 -0.311039 -0.432842 0 
252 -0.304013 -0.388281 0 
253 -0.308327 -0.360639 0 
254 -0.331195 -0.352447 0 
255 -0.328056 -0.297879 0 
256 -0.328056 -0.263075 0 
257 -0.328056 -0.228271 0 
258 -0.328056 -0.193467 0 
259 -0.328056 -0.158663 0 
260 -0.328056 -0.123858 0 
261 -0.328056 -0.0890545 0 
262 -0.328056 -0.0542504 0 
263 -0.328056 -0.0194463 0 
264 -0.328056 0.0153577 0 
265 -0.328056 0.0501618 0 
266 -0.328056 0.0849658 0 
267 -0.328056 0.11977 0 
268 -0.328056 0.154574 0 
269 -0.328056 0.189378 0 
270 -0.328056 0.224182 0 
271 -0.328056 0.258986 0 
272 -0.328056 0.29379 0 
273 -0.328056 0.328594 0 
274 -0.328056 0.363398 0 
275 -0.328056 0.398202 0 
276 -0.328056 0.433006 0 
277 -0.328056 0.467811 0 
278 -0.302758 0.526087 0 
279 -0.34864 0.548849 0 
280 -0.343609 0.57188 0 
281 -0.361636 0.599361 0 
282 -0.354237 0.639044 0 
283 -0.349955 0.676901 0 
284 -0.320701 0.721126 0 
285 -0.336934 0.745888 0 
286 -0.319695 0.794126 0 
287 -0.355575 0.836551 0 
288 -0.373234 0.850458 0 
289 -0.344195 0.881456 0 
290 -0.321673 0.940522 0 
291 -0.328056 0.955068 0 
292 -0.293252 -0.959156 0 
293 -0.318321 -0.912554 0 
294 -0.303223 -0.880466 0 
295 -0.3088 -0.858138 0 
296 -0.300364 -0.802709 0 
297 -0.302802 -0.765604 0 
298 -0.306173 -0.727795 0 
299 -0.32506 -0.724945 0 
300 -0.30086 -0.668845 0 
301 -0.292064 -0.643493 0 
302 -0.281272 -0.59701 0 
303 -0.27527 -0.555738 0 
304 -0.309373 -0.518732 0 
305 -0.297646 -0.509016 0 
306 -0.288353 -0.486704 0 
307 -0.271415 -0.429286 0 
308 -0.283273 -0.371877 0 
309 -0.269194 -0.321184 0 
310 -0.266871 -0.29546 0 
311 -0.294606 -0.289523 0 
312 -0.31394 -0.281498 0 
313 -0.309176 -0.254173 0 
314 -0.303628 -0.21497 0 
315 -0.286887 -0.171912 0 
316 -0.28785 -0.138604 0 
317 -0.27068 -0.104887 0 
318 -0.281133 -0.0770975 0 
319 -0.279033 -0.00550416 0 
320 -0.320723 0.00768835 0 
321 -0.277718 0.0611343 0 
322 -0.318826 0.0750419 0 
323 -0.283972 0.138733 0 
324 -0.28594 0.159161 0 
325 -0.305929 0.196302 0 
326 -0.31513 0.206043 0 
327 -0.302804 0.294526 0 
328 -0.310987 0.319556 0 
329 -0.317451 0.331859 0 
330 -0.305009 0.351896 0 
331 -0.309044 0.367361 0 
332 -0.311226 0.440758 0 
333 -0.30095 0.471047 0 
334 -0.276516 0.541275 0 
335 -0.284089 0.549377 0 
336 -0.269576 0.592526 0 
337 -0.255103 0.622676 0 
338 -0.309444 0.645403 0 
339 -0.278611 0.678505 0 
340 -0.318227 0.698291 0 
341 -0.286028 0.742274 0 
342 -0.296447 0.756585 0 
343 -0.299644 0.822859 0 
344 -0.309218 0.862185 0 
345 -0.288778 0.888169 0 
346 -0.312053 0.926629 0 
347 -0.293252 0.955068 0 
348 -0.258448 -0.959156 0 
349 -0.248094 -0.917868 0 
350 -0.226355 -0.868918 0 
351 -0.240572 -0.845289 0 
352 -0.264625 -0.807818 0 
353 -0.29283 -0.778631 0 
354 -0.282178 -0.764515 0 
355 -0.287404 -0.693442 0 
356 -0.286355 -0.67329 0 
357 -0.278998 -0.646303 0 
358 -0.26848 -0.619645 0 
359 -0.264555 -0.568033 0 
360 -0.258098 -0.524357 0 
361 -0.265779 -0.511284 0 
362 -0.233067 -0.460299 0 
363 -0.261246 -0.454395 0 
364 -0.232421 -0.409437 0 
365 -0.239013 -0.353137 0 
366 -0.24375 -0.329916 0 
367 -0.237423 -0.262256 0 
368 -0.270879 -0.248345 0 
369 -0.271342 -0.225756 0 
370 -0.242537 -0.164583 0 
371 -0.245452 -0.138284 0 
372 -0.260586 -0.121102 0 
373 -0.255744 -0.103464 0 
374 -0.264458 -0.0824731 0 
375 -0.251207 -0.0132517 0 
376 -0.278458 0.0267723 0 
377 -0.27065 0.052137 0 
378 -0.266555 0.0980857 0 
379 -0.273886 0.118749 0 
380 -0.272865 0.152914 0 
381 -0.275308 0.177181 0 
382 -0.29641 0.224492 0 
383 -0.288934 0.26832 0 
384 -0.290203 0.299751 0 
385 -0.276982 0.33846 0 
386 -0.292193 0.348607 0 
387 -0.277192 0.400968 0 
388 -0.266289 0.472405 0 
389 -0.258513 0.499152 0 
390 -0.265338 0.5142 0 
391 -0.25481 0.546359 0 
392 -0.227812 0.626543 0 
393 -0.236534 0.632891 0 
394 -0.282169 0.650876 0 
395 -0.255582 0.680436 0 
396 -0.291447 0.700782 0 
397 -0.262784 0.74479 0 
398 -0.272721 0.807316 0 
399 -0.282603 0.828135 0 
400 -0.29403 0.862878 0 
401 -0.272026 0.89078 0 
402 -0.297948 0.9213 0 
403 -0.258448 0.955068 0 
404 -0.223644 -0.959156 0 
405 -0.233876 -0.94564 0 
406 -0.222644 -0.894166 0 
407 -0.204323 -0.854227 0 
408 -0.20231 -0.835895 0 
409 -0.2442 -0.779409 0 
410 -0.263544 -0.757206 0 
411 -0.266166 -0.724129 0 
412 -0.268794 -0.696087 0 
413 -0.252483 -0.622763 0 
414 -0.245073 -0.600165 0 
415 -0.240839 -0.532564 0 
416 -0.244776 -0.519206 0 
417 -0.229663 -0.49802 0 
418 -0.210203 -0.457019 0 
419 -0.229414 -0.44449 0 
420 -0.188571 -0.390199 0 
421 -0.202792 -0.382226 0 
422 -0.217693 -0.282915 0 
423 -0.216183 -0.247093 0 
424 -0.209098 -0.231607 0 
425 -0.191849 -0.209038 0 
426 -0.227274 -0.188279 0 
427 -0.230548 -0.138652 0 
428 -0.202159 -0.113611 0 
429 -0.21227 -0.0948044 0 
430 -0.215576 -0.0460027 0 
431 -0.241542 -0.0375658 0 
432 -0.200855 0.0141333 0 
433 -0.20536 0.050999 0 
434 -0.256323 0.0841308 0 
435 -0.230801 0.123412 0 
436 -0.253938 0.180538 0 
437 -0.25921 0.20192 0 
438 -0.278648 0.21226 0 
439 -0.242315 0.297019 0 
440 -0.223635 0.339019 0 
441 -0.229341 0.368332 0 
442 -0.248544 0.390802 0 
443 -0.237241 0.435946 0 
444 -0.245755 0.470127 0 
445 -0.247117 0.486508 0 
446 -0.194041 0.514311 0 
447 -0.214381 0.558325 0 
448 -0.216236 0.571778 0 
449 -0.198324 0.646953 0 
450 -0.210586 0.654552 0 
451 -0.240877 0.670608 0 
452 -0.231937 0.729894 0 
453 -0.213057 0.767973 0 
454 -0.252884 0.793122 0 
455 -0.20909 0.842254 0 
456 -0.269909 0.856179 0 
457 -0.225148 0.900512 0 
458 -0.228872 0.925121 0 
459 -0.223644 0.955068 0 
460 -0.18884 -0.959156 0 
461 -0.191833 -0.936139 0 
462 -0.188646 -0.905597 0 
463 -0.190418 -0.88532 0 
464 -0.178279 -0.815273 0 
465 -0.192739 -0.803031 0 
466 -0.226829 -0.757881 0 
467 -0.242439 -0.706406 0 
468 -0.223841 -0.661543 0 
469 -0.238708 -0.654767 0 
470 -0.236083 -0.622711 0 
471 -0.20821 -0.564292 0 
472 -0.217157 -0.533648 0 
473 -0.199372 -0.483866 0 
474 -0.191787 -0.4707 0 
475 -0.176735 -0.438671 0 
476 -0.169112 -0.398924 0 
477 -0.176361 -0.342877 0 
478 -0.179823 -0.326313 0 
479 -0.188561 -0.280673 0 
480 -0.179991 -0.270743 0 
481 -0.179423 -0.205956 0 
482 -0.183969 -0.189207 0 
483 -0.174101 -0.177022 0 
484 -0.201825 -0.12519 0 
485 -0.179725 -0.107267 0 
486 -0.199089 -0.0611726 0 
487 -0.208285 -0.0239471 0 
488 -0.170139 0.0280551 0 
489 -0.190842 0.0624613 0 
490 -0.175026 0.0972246 0 
491 -0.185486 0.132203 0 
492 -0.19597 0.148337 0 
493 -0.215246 0.200694 0 
494 -0.23711 0.233958 0 
495 -0.214196 0.271472 0 
496 -0.222915 0.312656 0 
497 -0.190405 0.340175 0 
498 -0.201178 0.388108 0 
499 -0.229751 0.40778 0 
500 -0.183304 0.442988 0 
501 -0.173613 0.485047 0 
502 -0.158462 0.504038 0 
503 -0.163938 0.518422 0 
504 -0.190486 0.594176 0 
505 -0.178956 0.633521 0 
506 -0.188468 0.658682 0 
507 -0.225208 0.674577 0 
508 -0.213885 0.699412 0 
509 -0.205702 0.754515 0 
510 -0.165642 0.792357 0 
511 -0.20205 0.814806 0 
512 -0.164828 0.87813 0 
513 -0.168362 0.906302 0 
514 -0.206221 0.925206 0 
515 -0.18884 0.955068 0 
516 -0.154036 -0.959156 0 
517 -0.173463 -0.947372 0 
518 -0.11843 -0.866493 0 
519 -0.157245 -0.850658 0 
520 -0.157248 -0.799738 0 
521 -0.183275 -0.799665 0 
522 -0.172851 -0.768173 0 
523 -0.226487 -0.714407 0 
524 -0.171828 -0.672851 0 
525 -0.199186 -0.632279 0 
526 -0.162389 -0.56845 0 
527 -0.184354 -0.55593 0 
528 -0.195863 -0.515793 0 
529 -0.189599 -0.499574 0 
530 -0.172184 -0.4815 0 
531 -0.154333 -0.421633 0 
532 -0.15485 -0.389892 0 
533 -0.148915 -0.371211 0 
534 -0.158402 -0.335902 0 
535 -0.17361 -0.290981 0 
536 -0.139937 -0.276443 0 
537 -0.14605 -0.264726 0 
538 -0.145748 -0.184231 0 
539 -0.149814 -0.172106 0 
540 -0.132268 -0.156599 0 
541 -0.159892 -0.110289 0 
542 -0.135365 -0.0420095 0 
543 -0.133575 -0.0141638 0 
544 -0.144056 0.0131966 0 
545 -0.150124 0.0446058 0 
546 -0.168124 0.0920196 0 
547 -0.170488 0.119543 0 
548 -0.186466 0.160053 0 
549 -0.189307 0.177488 0 
550 -0.160991 0.241057 0 
551 -0.138315 0.291219 0 
552 -0.154113 0.317866 0 
553 -0.173745 0.341105 0 
554 -0.177628 0.362987 0 
555 -0.144926 0.422138 0 
556 -0.134107 0.445357 0 
557 -0.165792 0.46409 0 
558 -0.14502 0.50767 0 
559 -0.141241 0.531957 0 
560 -0.166189 0.589165 0 
561 -0.142937 0.596902 0 
562 -0.152843 0.666787 0 
563 -0.154036 0.676635 0 
564 -0.154036 0.711439 0 
565 -0.154036 0.746243 0 
566 -0.154036 0.781047 0 
567 -0.154036 0.815851 0 
568 -0.154036 0.850655 0 
569 -0.154036 0.885459 0 
570 -0.154036 0.920263 0 
571 -0.154036 0.955068 0 
572 -0.119232 -0.959156 0 
573 -0.144808 -0.940069 0 
574 -0.102359 -0.879631 0 
575 -0.108887 -0.846588 0 
576 -0.130253 -0.82887 0 
577 -0.142033 -0.76373 0 
578 -0.138597 -0.738609 0 
579 -0.159032 -0.733422 0 
580 -0.170244 -0.703669 0 
581 -0.143996 -0.653895 0 
582 -0.154773 -0.595595 0 
583 -0.138156 -0.548972 0 
584 -0.110118 -0.523716 0 
585 -0.127182 -0.496376 0 
586 -0.143086 -0.479921 0 
587 -0.135292 -0.448822 0 
588 -0.128971 -0.394814 0 
589 -0.120763 -0.367024 0 
590 -0.124782 -0.320254 0 
591 -0.138119 -0.30231 0 
592 -0.128331 -0.283541 0 
593 -0.12816 -0.243564 0 
594 -0.124715 -0.212704 0 
595 -0.12033 -0.182074 0 
596 -0.117397 -0.157361 0 
597 -0.12517 -0.119859 0 
598 -0.127899 -0.0971107 0 
599 -0.105902 -0.035503 0 
600 -0.127633 0.0126126 0 
601 -0.133122 0.0332453 0 
602 -0.123809 0.0651542 0 
603 -0.116233 0.10977 0 
604 -0.135196 0.140476 0 
605 -0.161596 0.186326 0 
606 -0.12274 0.244556 0 
607 -0.120275 0.28448 0 
608 -0.132388 0.338549 0 
609 -0.135194 0.353054 0 
610 -0.0953702 0.39509 0 
611 -0.0825013 0.422948 0 
612 -0.11983 0.450612 0 
613 -0.121874 0.49466 0 
614 -0.095518 0.544348 0 
615 -0.100435 0.554335 0 
616 -0.116045 0.556684 0 
617 -0.133738 0.585436 0 
618 -0.121598 0.614133 0 
619 -0.119232 0.676635 0 
620 -0.084428 -0.959156 0 
621 -0.0623452 -0.890814 0 
622 -0.071821 -0.865953 0 
623 -0.0794968 -0.855272 0 
624 -0.113163 -0.821986 0 
625 -0.125112 -0.769674 0 
626 -0.0876819 -0.736074 0 
627 -0.110964 -0.69567 0 
628 -0.141025 -0.692966 0 
629 -0.101576 -0.62314 0 
630 -0.125036 -0.621442 0 
631 -0.127465 -0.599696 0 
632 -0.100389 -0.527748 0 
633 -0.0976461 -0.512127 0 
634 -0.0813006 -0.45174 0 
635 -0.11243 -0.443568 0 
636 -0.0912198 -0.408029 0 
637 -0.105901 -0.378327 0 
638 -0.104141 -0.326346 0 
639 -0.0930201 -0.30659 0 
640 -0.120231 -0.289542 0 
641 -0.0968959 -0.261494 0 
642 -0.117455 -0.227487 0 
643 -0.0617998 -0.172191 0 
644 -0.104364 -0.156136 0 
645 -0.10309 -0.0969744 0 
646 -0.0982497 -0.0682228 0 
647 -0.0965571 -0.0401911 0 
648 -0.0684081 -0.0146696 0 
649 -0.0833433 0.0541523 0 
650 -0.0741266 0.0861403 0 
651 -0.0979233 0.0984476 0 
652 -0.121165 0.137055 0 
653 -0.0988141 0.221936 0 
654 -0.0980753 0.258408 0 
655 -0.098427 0.293681 0 
656 -0.0855285 0.310086 0 
657 -0.0883216 0.346777 0 
658 -0.0854324 0.362271 0 
659 -0.0721585 0.404316 0 
660 -0.0603832 0.439688 0 
661 -0.101036 0.492609 0 
662 -0.0710426 0.549684 0 
663 -0.0802954 0.55971 0 
664 -0.0761293 0.575352 0 
665 -0.0789654 0.594305 0 
666 -0.0846791 0.636952 0 
667 -0.084428 0.676635 0 
668 -0.0496239 -0.959156 0 
669 -0.0530653 -0.932169 0 
670 -0.0290227 -0.864472 0 
671 -0.0753675 -0.840366 0 
672 -0.0910693 -0.82273 0 
673 -0.0527738 -0.755478 0 
674 -0.0749212 -0.739146 0 
675 -0.0791598 -0.694761 0 
676 -0.0863463 -0.656345 0 
677 -0.0850446 -0.632702 0 
678 -0.0840646 -0.585452 0 
679 -0.0775568 -0.555192 0 
680 -0.0845322 -0.538979 0 
681 -0.075358 -0.508075 0 
682 -0.0586819 -0.448816 0 
683 -0.0579249 -0.424103 0 
684 -0.0620535 -0.40067 0 
685 -0.0837493 -0.356642 0 
686 -0.0849713 -0.331002 0 
687 -0.0682585 -0.291539 0 
688 -0.067113 -0.276855 0 
689 -0.0567365 -0.253204 0 
690 -0.0505163 -0.216518 0 
691 -0.0352624 -0.171902 0 
692 -0.0850634 -0.15088 0 
693 -0.0533111 -0.106175 0 
694 -0.0286252 -0.0586534 0 
695 -0.0384414 -0.0336096 0 
696 -0.0374946 -0.0090356 0 
697 -0.0500907 0.0126371 0 
698 -0.0525335 0.0620256 0 
699 -0.0606011 0.109854 0 
700 -0.0392787 0.143602 0 
701 -0.0867139 0.180759 0 
702 -0.0555123 0.213095 0 
703 -0.0586096 0.270913 0 
704 -0.0684986 0.301074 0 
705 -0.063654 0.315184 0 
706 -0.0437265 0.390827 0 
707 -0.0571921 0.402527 0 
708 -0.0444055 0.434497 0 
709 -0.029704 0.462692 0 
710 -0.0616925 0.51589 0 
711 -0.0473508 0.55643 0 
712 -0.0512845 0.570766 0 
713 -0.0123916 0.611138 0 
714 -0.065532 0.641181 0 
715 -0.0496239 0.676635 0 
716 -0.0148198 -0.959156 0 
717 -0.010241 -0.882558 0 
718 -0.00781003 -0.852283 0 
719 -0.0552093 -0.836102 0 
720 -0.022538 -0.775486 0 
721 -0.0333853 -0.755471 0 
722 -0.0428186 -0.720361 0 
723 -0.0629392 -0.711197 0 
724 0.00766399 -0.649309 0 
725 -0.0456434 -0.618728 0 
726 -0.0199388 -0.592854 0 
727 -0.063408 -0.560305 0 
728 -0.0625049 -0.53902 0 
729 -0.0191151 -0.482433 0 
730 -0.0435951 -0.474222 0 
731 -0.0396725 -0.43411 0 
732 -0.0395461 -0.425249 0 
733 -0.0413823 -0.362746 0 
734 -0.0464672 -0.348724 0 
735 -0.0481234 -0.3312 0 
736 -0.0181766 -0.243183 0 
737 -0.0148198 -0.228271 0 
738 -0.0148198 -0.193467 0 
739 -0.0148198 -0.158663 0 
740 -0.0148198 -0.123858 0 
741 -0.0148198 -0.0890545 0 
742 -0.0148198 -0.0542504 0 
743 -0.0148198 -0.0194463 0 
744 -0.0148198 0.0153577 0 
745 -0.0148198 0.0501618 0 
746 -0.0148198 0.0849658 0 
747 -0.0148198 0.11977 0 
748 -0.0148198 0.154574 0 
749 -0.0148198 0.189378 0 
750 -0.0148198 0.224182 0 
751 -0.0148198 0.258986 0 
752 -0.0148198 0.29379 0 
753 -0.0148198 0.328594 0 
754 -0.0148198 0.363398 0 
755 -0.0148198 0.398202 0 
756 -0.026709 0.442776 0 
757 -0.0186118 0.462988 0 
758 -0.0103029 0.490128 0 
759 -0.0381538 0.533039 0 
760 -0.0330464 0.552539 0 
761 0.0134096 0.60876 0 
762 -0.000153095 0.650429 0 
763 -0.0148198 0.676635 0 
764 0.0199842 -0.959156 0 
765 0.00600398 -0.915059 0 
766 0.0139645 -0.893771 0 
767 0.0238066 -0.811942 0 
768 -0.00753491 -0.782471 0 
769 -0.0139076 -0.760619 0 
770 0.0182759 -0.737156 0 
771 -0.0151917 -0.698837 0 
772 0.0378785 -0.653178 0 
773 0.0329758 -0.617141 0 
774 0.00579963 -0.593208 0 
775 0.0023573 -0.563718 0 
776 0.0218908 -0.523952 0 
777 0.017485 -0.500473 0 
778 -0.00278629 -0.461256 0 
779 -0.0267001 -0.452506 0 
780 -0.0204827 -0.41596 0 
781 -0.0174672 -0.388175 0 
782 0.00463365 -0.323514 0 
783 -0.00425649 -0.287089 0 
784 0.0122506 -0.247492 0 
785 0.0199842 -0.228271 0 
786 0.0199842 0.398202 0 
787 -0.00610538 0.421171 0 
788 0.0503978 0.463309 0 
789 0.0137148 0.488248 0 
790 0.0499147 0.541027 0 
791 0.045531 0.567925 0 
792 0.0258313 0.582317 0 
793 0.0411666 0.623713 0 
794 0.0199842 0.676635 0 
795 0.0547883 -0.959156 0 
796 0.0742206 -0.941977 0 
797 0.0422213 -0.893155 0 
798 0.0428033 -0.856306 0 
799 0.0521886 -0.792258 0 
800 0.0356318 -0.755554 0 
801 0.0744426 -0.729947 0 
802 0.0531566 -0.714278 0 
803 0.0565781 -0.663104 0 
804 0.044693 -0.610025 0 
805 0.0163259 -0.590305 0 
806 0.014782 -0.577408 0 
807 0.0374107 -0.525027 0 
808 0.0302785 -0.460253 0 
809 0.0188897 -0.450413 0 
810 0.0386169 -0.390831 0 
811 0.0437473 -0.357755 0 
812 0.0422253 -0.33351 0 
813 0.0258735 -0.318409 0 
814 0.0285606 -0.270862 0 
815 0.0238974 -0.252368 0 
816 0.0547883 -0.228271 0 
817 0.0547883 0.398202 0 
818 0.0850987 0.440018 0 
819 0.0771513 0.455284 0 
820 0.0455097 0.492478 0 
821 0.0726245 0.538452 0 
822 0.055722 0.598267 0 
823 0.051252 0.609061 0 
824 0.0533429 0.623525 0 
825 0.0547883 0.676635 0 
826 0.0895924 -0.959156 0 
827 0.0850206 -0.942737 0 
828 0.0673525 -0.90195 0 
829 0.0742134 -0.804723 0 
830 0.0709578 -0.7734 0 
831 0.0690425 -0.751275 0 
832 0.0840028 -0.738412 0 
833 0.0812598 -0.715937 0 
834 0.0735341 -0.635214 0 
835 0.0646489 -0.617565 0 
836 0.0825634 -0.586281 0 
837 0.0399128 -0.564963 0 
838 0.0681184 -0.499071 0 
839 0.0587744 -0.493662 0 
840 0.065405 -0.433064 0 
841 0.052634 -0.419385 0 
842 0.0580219 -0.39104 0 
843 0.0665821 -0.362239 0 
844 0.101158 -0.295758 0 
845 0.0825665 -0.279313 0 
846 0.0944363 -0.250079 0 
847 0.0895924 -0.228271 0 
848 0.0895924 0.398202 0 
849 0.106641 0.435906 0 
850 0.0994263 0.450217 0 
851 0.0958498 0.528004 0 
852 0.098321 0.546463 0 
853 0.088601 0.578893 0 
854 0.0851897 0.600725 0 
855 0.071542 0.633017 0 
856 0.0895924 0.676635 0 
857 0.124396 -0.959156 0 
858 0.146159 -0.901806 0 
859 0.11147 -0.890343 0 
860 0.0948381 -0.811764 0 
861 0.125262 -0.807195 0 
862 0.123595 -0.78109 0 
863 0.120564 -0.757228 0 
864 0.125194 -0.673002 0 
865 0.128322 -0.644074 0 
866 0.0996131 -0.597109 0 
867 0.119718 -0.566961 0 
868 0.115123 -0.543722 0 
869 0.08026 -0.528784 0 
870 0.0816809 -0.483226 0 
871 0.0867739 -0.448343 0 
872 0.117604 -0.406821 0 
873 0.0890089 -0.391018 0 
874 0.148983 -0.317505 0 
875 0.126856 -0.297114 0 
876 0.137485 -0.274802 0 
877 0.156355 -0.256284 0 
878 0.124396 -0.228271 0 
879 0.124396 0.398202 0 
880 0.128115 0.438392 0 
881 0.144821 0.502631 0 
882 0.119262 0.498367 0 
883 0.123489 0.53431 0 
884 0.114209 0.586147 0 
885 0.0977134 0.591025 0 
886 0.126423 0.633849 0 
887 0.124396 0.676635 0 
888 0.159201 -0.959156 0 
889 0.164962 -0.896615 0 
890 0.126133 -0.883743 0 
891 0.143359 -0.852633 0 
892 0.13738 -0.81405 0 
893 0.141602 -0.761923 0 
894 0.154325 -0.712313 0 
895 0.147285 -0.695329 0 
896 0.14296 -0.644155 0 
897 0.157571 -0.63038 0 
898 0.131115 -0.569172 0 
899 0.131496 -0.559395 0 
900 0.145916 -0.501288 0 
901 0.103441 -0.485092 0 
902 0.147172 -0.442138 0 
903 0.131515 -0.425523 0 
904 0.168168 -0.358617 0 
905 0.171922 -0.334654 0 
906 0.158972 -0.299465 0 
907 0.143428 -0.285614 0 
908 0.166076 -0.256374 0 
909 0.159201 -0.228271 0 
910 0.159201 0.398202 0 
911 0.182274 0.464702 0 
912 0.161842 0.479303 0 
913 0.158319 0.528073 0 
914 0.145058 0.564282 0 
915 0.131805 0.592297 0 
916 0.144743 0.616555 0 
917 0.170868 0.654673 0 
918 0.159201 0.676635 0 
919 0.194005 -0.959156 0 
920 0.188228 -0.948907 0 
921 0.193699 -0.862707 0 
922 0.159649 -0.845819 0 
923 0.161481 -0.806557 0 
924 0.16268 -0.790534 0 
925 0.166964 -0.716536 0 
926 0.183456 -0.70593 0 
927 0.159971 -0.652977 0 
928 0.165443 -0.635849 0 
929 0.174091 -0.601783 0 
930 0.169176 -0.57355 0 
931 0.162936 -0.538137 0 
932 0.17449 -0.469694 0 
933 0.162922 -0.449291 0 
934 0.166892 -0.427357 0 
935 0.194461 -0.351002 0 
936 0.197107 -0.334328 0 
937 0.199704 -0.32446 0 
938 0.187135 -0.285413 0 
939 0.173575 -0.272392 0 
940 0.194005 -0.228271 0 
941 0.194005 0.398202 0 
942 0.204306 0.46589 0 
943 0.224806 0.481392 0 
944 0.223823 0.530306 0 
945 0.172173 0.552863 0 
946 0.241554 0.607312 0 
947 0.23813 0.630769 0 
948 0.234014 0.649947 0 
949 0.194005 0.676635 0 
950 0.228809 -0.959156 0 
951 0.204974 -0.931436 0 
952 0.211149 -0.85568 0 
953 0.222309 -0.836416 0 
954 0.177196 -0.809356 0 
955 0.221807 -0.78479 0 
956 0.198965 -0.766961 0 
957 0.198482 -0.703566 0 
958 0.198185 -0.675893 0 
959 0.193471 -0.655327 0 
960 0.212415 -0.567098 0 
961 0.21418 -0.51413 0 
962 0.201118 -0.499512 0 
963 0.190768 -0.481319 0 
964 0.251665 -0.437854 0 
965 0.21408 -0.407628 0 
966 0.214175 -0.390326 0 
967 0.217769 -0.3478 0 
968 0.238158 -0.314031 0 
969 0.211146 -0.274141 0 
970 0.230339 -0.242819 0 
971 0.228809 -0.228271 0 
972 0.228809 0.398202 0 
973 0.225264 0.460025 0 
974 0.254918 0.471549 0 
975 0.244338 0.495906 0 
976 0.263588 0.567408 0 
977 0.255178 0.587224 0 
978 0.263421 0.621258 0 
979 0.241076 0.661102 0 
980 0.228809 0.676635 0 
981 0.263613 -0.959156 0 
982 0.26603 -0.912156 0 
983 0.254365 -0.887089 0 
984 0.234958 -0.836351 0 
985 0.252662 -0.813392 0 
986 0.237416 -0.788264 0 
987 0.276852 -0.727971 0 
988 0.218603 -0.721592 0 
989 0.259202 -0.622299 0 
990 0.24801 -0.605226 0 
991 0.233901 -0.590629 0 
992 0.242984 -0.535996 0 
993 0.228572 -0.496621 0 
994 0.262001 -0.477009 0 
995 0.270801 -0.450935 0 
996 0.256134 -0.411575 0 
997 0.281805 -0.396427 0 
998 0.26672 -0.374653 0 
999 0.269269 -0.328301 0 
1000 0.247716 -0.285632 0 
1001 0.235057 -0.265457 0 
1002 0.263613 -0.228271 0 
1003 0.263613 0.398202 0 
1004 0.262351 0.412199 0 
1005 0.263892 0.462131 0 
1006 0.261239 0.492029 0 
1007 0.290707 0.55353 0 
1008 0.290899 0.569043 0 
1009 0.27898 0.632867 0 
1010 0.256069 0.661635 0 
1011 0.263613 0.676635 0 
1012 0.298417 -0.959156 0 
1013 0.294454 -0.939277 0 
1014 0.28657 -0.874453 0 
1015 0.263452 -0.842006 0 
1016 0.262119 -0.821159 0 
1017 0.256158 -0.796964 0 
1018 0.302428 -0.7244 0 
1019 0.282733 -0.681255 0 
1020 0.275522 -0.663847 0 
1021 0.289151 -0.612803 0 
1022 0.302569 -0.563791 0 
1023 0.260357 -0.552342 0 
1024 0.273394 -0.501742 0 
1025 0.338588 -0.478394 0 
1026 0.291659 -0.442471 0 
1027 0.315678 -0.405784 0 
1028 0.317393 -0.390488 0 
1029 0.285815 -0.378282 0 
1030 0.296806 -0.320644 0 
1031 0.303409 -0.312319 0 
1032 0.304084 -0.249386 0 
1033 0.298417 -0.228271 0 
1034 0.298417 -0.193467 0 
1035 0.298417 -0.158663 0 
1036 0.298417 -0.123858 0 
1037 0.298417 -0.0890545 0 
1038 0.298417 -0.0542504 0 
1039 0.298417 -0.0194463 0 
1040 0.298417 0.0153577 0 
1041 0.298417 0.0501618 0 
1042 0.298417 0.0849658 0 
1043 0.298417 0.11977 0 
1044 0.298417 0.154574 0 
1045 0.298417 0.189378 0 
1046 0.298417 0.224182 0 
1047 0.298417 0.258986 0 
1048 0.298417 0.29379 0 
1049 0.298417 0.328594 0 
1050 0.298417 0.363398 0 
1051 0.298417 0.398202 0 
1052 0.27122 0.405459 0 
1053 0.28244 0.432354 0 
1054 0.290515 0.51346 0 
1055 0.307273 0.547746 0 
1056 0.305634 0.590584 0 
1057 0.306048 0.630628 0 
1058 0.30653 0.645553 0 
1059 0.298417 0.676635 0 
1060 0.333221 -0.959156 0 
1061 0.357494 -0.930991 0 
1062 0.308548 -0.899007 0 
1063 0.357068 -0.844567 0 
1064 0.308348 -0.791511 0 
1065 0.325486 -0.759668 0 
1066 0.319554 -0.73622 0 
1067 0.354115 -0.699871 0 
1068 0.320181 -0.649168 0 
1069 0.307622 -0.609924 0 
1070 0.332078 -0.587638 0 
1071 0.318801 -0.525281 0 
1072 0.318106 -0.504061 0 
1073 0.354793 -0.491025 0 
1074 0.351026 -0.451819 0 
1075 0.340977 -0.428274 0 
1076 0.34276 -0.418606 0 
1077 0.335884 -0.363907 0 
1078 0.331092 -0.341033 0 
1079 0.322216 -0.315124 0 
1080 0.324693 -0.270789 0 
1081 0.326797 -0.250848 0 
1082 0.364572 -0.218248 0 
1083 0.331299 -0.175996 0 
1084 0.335197 -0.16262 0 
1085 0.325592 -0.116484 0 
1086 0.315555 -0.0693859 0 
1087 0.357219 0.00164295 0 
1088 0.322506 0.0360719 0 
1089 0.32432 0.0657782 0 
1090 0.337621 0.110132 0 
1091 0.330513 0.140671 0 
1092 0.332026 0.158034 0 
1093 0.345142 0.237863 0 
1094 0.312599 0.239096 0 
1095 0.312836 0.262083 0 
1096 0.33396 0.308924 0 
1097 0.317893 0.35082 0 
1098 0.314724 0.362724 0 
1099 0.332562 0.39241 0 
1100 0.314912 0.424062 0 
1101 0.322149 0.44548 0 
1102 0.309123 0.504857 0 
1103 0.321314 0.546362 0 
1104 0.317541 0.598543 0 
1105 0.327124 0.626247 0 
1106 0.325968 0.651955 0 
1107 0.333221 0.676635 0 
1108 0.368025 -0.959156 0 
1109 0.382057 -0.921106 0 
1110 0.328351 -0.894823 0 
1111 0.372409 -0.85001 0 
1112 0.411048 -0.811006 0 
1113 0.37249 -0.755621 0 
1114 0.354214 -0.730608 0 
1115 0.367468 -0.71505 0 
1116 0.370307 -0.670609 0 
1117 0.334933 -0.61357 0 
1118 0.382963 -0.585422 0 
1119 0.383692 -0.571004 0 
1120 0.385923 -0.53609 0 
1121 0.382516 -0.504453 0 
1122 0.392724 -0.495011 0 
1123 0.386285 -0.457465 0 
1124 0.37052 -0.402092 0 
1125 0.364251 -0.386967 0 
1126 0.363611 -0.370575 0 
1127 0.3504 -0.288253 0 
1128 0.346107 -0.27548 0 
1129 0.389224 -0.23636 0 
1130 0.409103 -0.207489 0 
1131 0.413346 -0.194143 0 
1132 0.387158 -0.161201 0 
1133 0.355858 -0.14147 0 
1134 0.372809 -0.0226157 0 
1135 0.379762 0.00758067 0 
1136 0.374168 0.0305852 0 
1137 0.38295 0.0674433 0 
1138 0.388083 0.0901663 0 
1139 0.388558 0.111282 0 
1140 0.364019 0.154125 0 
1141 0.364511 0.241085 0 
1142 0.362086 0.26156 0 
1143 0.378746 0.291563 0 
1144 0.342036 0.299225 0 
1145 0.356572 0.338372 0 
1146 0.347498 0.377132 0 
1147 0.353428 0.398126 0 
1148 0.364786 0.449734 0 
1149 0.372741 0.472346 0 
1150 0.324274 0.505759 0 
1151 0.341751 0.529022 0 
1152 0.3307 0.590678 0 
1153 0.357501 0.596428 0 
1154 0.344391 0.641342 0 
1155 0.368025 0.676635 0 
1156 0.402829 -0.959156 0 
1157 0.409827 -0.90548 0 
1158 0.421648 -0.874351 0 
1159 0.410257 -0.835395 0 
1160 0.42744 -0.815785 0 
1161 0.412265 -0.766896 0 
1162 0.392731 -0.741625 0 
1163 0.393695 -0.728885 0 
1164 0.38334 -0.683303 0 
1165 0.415961 -0.64908 0 
1166 0.398202 -0.611649 0 
1167 0.419907 -0.543182 0 
1168 0.407799 -0.532495 0 
1169 0.42527 -0.495825 0 
1170 0.40121 -0.492018 0 
1171 0.400997 -0.468225 0 
1172 0.395027 -0.416764 0 
1173 0.424876 -0.35602 0 
1174 0.384017 -0.345278 0 
1175 0.382177 -0.31965 0 
1176 0.382202 -0.268035 0 
1177 0.430226 -0.228058 0 
1178 0.418976 -0.219898 0 
1179 0.442298 -0.174546 0 
1180 0.416952 -0.149414 0 
1181 0.437305 -0.0956857 0 
1182 0.411617 -0.0691452 0 
1183 0.397345 0.00782549 0 
1184 0.415043 0.0366928 0 
1185 0.392914 0.0464689 0 
1186 0.408081 0.0921787 0 
1187 0.403995 0.125526 0 
1188 0.395535 0.18457 0 
1189 0.386933 0.193918 0 
1190 0.388457 0.249599 0 
1191 0.402012 0.25723 0 
1192 0.40251 0.314897 0 
1193 0.404348 0.367223 0 
1194 0.387101 0.377528 0 
1195 0.425459 0.406836 0 
1196 0.401267 0.429781 0 
1197 0.38244 0.462741 0 
1198 0.405705 0.49827 0 
1199 0.41775 0.518563 0 
1200 0.351169 0.562344 0 
1201 0.372109 0.585457 0 
1202 0.418709 0.657431 0 
1203 0.402829 0.676635 0 
1204 0.437633 -0.959156 0 
1205 0.437633 -0.924352 0 
1206 0.437633 -0.889548 0 
1207 0.437633 -0.854744 0 
1208 0.437633 -0.81994 0 
1209 0.437633 -0.785136 0 
1210 0.437633 -0.750332 0 
1211 0.437633 -0.715528 0 
1212 0.437633 -0.680724 0 
1213 0.437633 -0.64592 0 
1214 0.437633 -0.611115 0 
1215 0.437633 -0.576311 0 
1216 0.437633 -0.541507 0 
1217 0.437633 -0.506703 0 
1218 0.437633 -0.471899 0 
1219 0.437633 -0.437095 0 
1220 0.437633 -0.402291 0 
1221 0.437633 -0.367487 0 
1222 0.437633 -0.332683 0 
1223 0.437633 -0.297879 0 
1224 0.437633 -0.263075 0 
1225 0.441946 -0.239335 0 
1226 0.446215 -0.210988 0 
1227 0.464686 -0.16259 0 
1228 0.481218 -0.119954 0 
1229 0.471854 -0.0856136 0 
1230 0.461376 -0.0746434 0 
1231 0.466892 -0.0500337 0 
1232 0.433732 0.0432959 0 
1233 0.422315 0.0629426 0 
1234 0.43403 0.108726 0 
1235 0.414614 0.110677 0 
1236 0.431189 0.168499 0 
1237 0.408591 0.220793 0 
1238 0.40363 0.238448 0 
1239 0.424067 0.254543 0 
1240 0.441243 0.337114 0 
1241 0.417486 0.336846 0 
1242 0.429419 0.381415 0 
1243 0.428689 0.39231 0 
1244 0.44346 0.415478 0 
1245 0.42751 0.479553 0 
1246 0.456853 0.518231 0 
1247 0.45463 0.530866 0 
1248 0.377832 0.563865 0 
1249 0.417147 0.592988 0 
1250 0.424151 0.626972 0 
1251 0.437633 0.676635 0 
1252 0.472437 -0.263075 0 
1253 0.528257 -0.234548 0 
1254 0.473438 -0.202942 0 
1255 0.478967 -0.17412 0 
1256 0.496504 -0.115119 0 
1257 0.495099 -0.107869 0 
1258 0.491672 -0.05634 0 
1259 0.486923 -0.0429888 0 
1260 0.500345 -0.00860185 0 
1261 0.472621 0.0708713 0 
1262 0.456886 0.0864854 0 
1263 0.443545 0.132154 0 
1264 0.43874 0.142575 0 
1265 0.478237 0.209792 0 
1266 0.448142 0.237286 0 
1267 0.449175 0.25758 0 
1268 0.48212 0.303804 0 
1269 0.454548 0.375249 0 
1270 0.447853 0.387715 0 
1271 0.464288 0.408855 0 
1272 0.473459 0.426992 0 
1273 0.452927 0.480163 0 
1274 0.453574 0.493924 0 
1275 0.48119 0.526165 0 
1276 0.454634 0.562243 0 
1277 0.436155 0.582602 0 
1278 0.436113 0.616844 0 
1279 0.472437 0.676635 0 
1280 0.507241 -0.263075 0 
1281 0.549779 -0.240833 0 
1282 0.523486 -0.200211 0 
1283 0.505086 -0.15113 0 
1284 0.507694 -0.13667 0 
1285 0.509354 -0.112354 0 
1286 0.519886 -0.0475884 0 
1287 0.519751 -0.0149362 0 
1288 0.521623 0.0102216 0 
1289 0.523441 0.0250598 0 
1290 0.507608 0.0941416 0 
1291 0.453325 0.131487 0 
1292 0.47153 0.15983 0 
1293 0.499286 0.208091 0 
1294 0.520766 0.259349 0 
1295 0.517317 0.28087 0 
1296 0.522236 0.303469 0 
1297 0.517954 0.315349 0 
1298 0.497179 0.383579 0 
1299 0.522536 0.402264 0 
1300 0.501742 0.418548 0 
1301 0.470667 0.474807 0 
1302 0.508057 0.501598 0 
1303 0.513821 0.532588 0 
1304 0.499654 0.559698 0 
1305 0.500995 0.595126 0 
1306 0.459725 0.61282 0 
1307 0.507241 0.676635 0 
1308 0.542045 -0.263075 0 
1309 0.56985 -0.243636 0 
1310 0.541946 -0.204643 0 
1311 0.532426 -0.169572 0 
1312 0.534307 -0.148386 0 
1313 0.532442 -0.115476 0 
1314 0.535155 -0.0567721 0 
1315 0.581717 -0.0410845 0 
1316 0.571908 -0.0105159 0 
1317 0.549591 0.0307758 0 
1318 0.548705 0.063202 0 
1319 0.553493 0.133907 0 
1320 0.498202 0.173202 0 
1321 0.51811 0.202005 0 
1322 0.527633 0.23696 0 
1323 0.566972 0.285063 0 
1324 0.579279 0.330163 0 
1325 0.534809 0.346178 0 
1326 0.5249 0.363338 0 
1327 0.52225 0.379232 0 
1328 0.571506 0.419739 0 
1329 0.562441 0.434013 0 
1330 0.525045 0.487039 0 
1331 0.546418 0.547059 0 
1332 0.564645 0.576009 0 
1333 0.564691 0.59316 0 
1334 0.49887 0.620112 0 
1335 0.542045 0.676635 0 
1336 0.576849 -0.263075 0 
1337 0.593687 -0.23994 0 
1338 0.607119 -0.225358 0 
1339 0.567326 -0.177959 0 
1340 0.600915 -0.1239 0 
1341 0.634868 -0.0834869 0 
1342 0.585606 -0.0634079 0 
1343 0.599345 -0.0472765 0 
1344 0.580144 0.0205658 0 
1345 0.573717 0.0474572 0 
1346 0.599185 0.111621 0 
1347 0.56784 0.114833 0 
1348 0.584904 0.177933 0 
1349 0.580797 0.214973 0 
1350 0.589141 0.234523 0 
1351 0.589755 0.250088 0 
1352 0.588696 0.319047 0 
1353 0.598166 0.356824 0 
1354 0.563605 0.369009 0 
1355 0.583572 0.394795 0 
1356 0.60673 0.420183 0 
1357 0.564751 0.464645 0 
1358 0.546001 0.495966 0 
1359 0.559437 0.534323 0 
1360 0.588311 0.544518 0 
1361 0.585036 0.614529 0 
1362 0.53274 0.622297 0 
1363 0.576849 0.676635 0 
1364 0.611653 -0.263075 0 
1365 0.621459 -0.228888 0 
1366 0.628192 -0.217146 0 
1367 0.637227 -0.142413 0 
1368 0.617086 -0.130609 0 
1369 0.648606 -0.0868832 0 
1370 0.645972 -0.0561704 0 
1371 0.633185 -0.0405288 0 
1372 0.592249 0.0242623 0 
1373 0.601395 0.0685647 0 
1374 0.613824 0.0966249 0 
1375 0.60913 0.145005 0 
1376 0.602292 0.160725 0 
1377 0.617656 0.17544 0 
1378 0.611287 0.24844 0 
1379 0.625693 0.272778 0 
1380 0.614085 0.284051 0 
1381 0.615868 0.299437 0 
1382 0.648118 0.398012 0 
1383 0.641426 0.416123 0 
1384 0.642192 0.430957 0 
1385 0.632916 0.438403 0 
1386 0.582347 0.490467 0 
1387 0.613619 0.517172 0 
1388 0.611341 0.535914 0 
1389 0.604039 0.601424 0 
1390 0.622471 0.650001 0 
1391 0.611653 0.676635 0 
1392 0.646457 -0.263075 0 
1393 0.631572 -0.242653 0 
1394 0.653226 -0.204466 0 
1395 0.660306 -0.147754 0 
1396 0.653927 -0.120571 0 
1397 0.665861 -0.0968876 0 
1398 0.656411 -0.0424599 0 
1399 0.649274 -0.0015296 0 
1400 0.636586 0.0149995 0 
1401 0.609036 0.0407957 0 
1402 0.632302 0.0936678 0 
1403 0.66741 0.121214 0 
1404 0.659792 0.160447 0 
1405 0.634384 0.181158 0 
1406 0.633824 0.245306 0 
1407 0.668369 0.26823 0 
1408 0.662109 0.284353 0 
1409 0.65387 0.327166 0 
1410 0.670212 0.365966 0 
1411 0.670143 0.399552 0 
1412 0.67022 0.427875 0 
1413 0.633275 0.476093 0 
1414 0.624143 0.486141 0 
1415 0.641667 0.515747 0 
1416 0.663401 0.577745 0 
1417 0.62789 0.571232 0 
1418 0.652133 0.647996 0 
1419 0.646457 0.676635 0 
1420 0.681261 -0.263075 0 
1421 0.681261 -0.228271 0 
1422 0.681261 -0.193467 0 
1423 0.681261 -0.158663 0 
1424 0.681261 -0.123858 0 
1425 0.681261 -0.0890545 0 
1426 0.681261 -0.0542504 0 
1427 0.681261 -0.0194463 0 
1428 0.681261 0.0153577 0 
1429 0.681261 0.0501618 0 
1430 0.681261 0.0849658 0 
1431 0.681261 0.11977 0 
1432 0.681261 0.154574 0 
1433 0.681261 0.189378 0 
1434 0.681261 0.224182 0 
1435 0.681261 0.258986 0 
1436 0.681261 0.29379 0 
1437 0.681261 0.328594 0 
1438 0.681261 0.363398 0 
1439 0.681261 0.398202 0 
1440 0.681261 0.433006 0 
1441 0.681261 0.467811 0 
1442 0.681261 0.502615 0 
1443 0.681261 0.537419 0 
1444 0.681261 0.572223 0 
1445 0.681261 0.607027 0 
1446 0.681261 0.641831 0 
1447 0.681261 0.676635 0 
