0 -0.698664 0.483729 0 
1 -0.698664 0.519603 0 
2 -0.698664 0.555477 0 
3 -0.698664 0.591352 0 
4 -0.698664 0.627226 0 
5 -0.698664 0.6631 0 
6 -0.698664 0.698974 0 
7 -0.698664 0.734848 0 
8 -0.698664 0.770722 0 
9 -0.698664 0.806596 0 
10 -0.698664 0.842471 0 
11 -0.698664 0.878345 0 
12 -0.698664 0.914219 0 
13 -0.698664 0.950093 0 
14 -0.698664 0.985967 0 
15 -0.66279 0.483729 0 
16 -0.701988 0.531277 0 
17 -0.663757 0.612068 0 
18 -0.699621 0.596655 0 
19 -0.642704 0.57989 0 
20 -0.677468 0.661802 0 
21 -0.699807 0.70776 0 
22 -0.665295 0.741344 0 
23 -0.61235 0.806416 0 
24 -0.734832 0.764901 0 
25 -0.673923 0.818195 0 
26 -0.682208 0.794563 0 
27 -0.628062 0.898834 0 
28 -0.63706 0.937983 0 
29 -0.66279 0.985967 0 
30 -0.626916 0.483729 0 
31 -0.649972 0.535197 0 
32 -0.638022 0.552455 0 
33 -0.559991 0.530566 0 
34 -0.689082 0.585242 0 
35 -0.636122 0.713933 0 
36 -0.635892 0.716101 0 
37 -0.625507 0.772121 0 
38 -0.661309 0.758667 0 
39 -0.619208 0.896905 0 
40 -0.609269 0.877707 0 
41 -0.671158 0.924864 0 
42 -0.640876 0.87417 0 
43 -0.631326 0.968837 0 
44 -0.626916 0.985967 0 
45 -0.591042 0.483729 0 
46 -0.636994 0.495342 0 
47 -0.605613 0.564481 0 
48 -0.550528 0.587455 0 
49 -0.566449 0.630415 0 
50 -0.600175 0.667758 0 
51 -0.564636 0.802687 0 
52 -0.644275 0.779432 0 
53 -0.595206 0.739332 0 
54 -0.517334 0.813486 0 
55 -0.628508 0.904983 0 
56 -0.564043 0.865216 0 
57 -0.571848 0.914327 0 
58 -0.594372 0.887431 0 
59 -0.591042 0.985967 0 
60 -0.555168 0.483729 0 
61 -0.581478 0.516063 0 
62 -0.555741 0.614376 0 
63 -0.610548 0.605894 0 
64 -0.555523 0.587428 0 
65 -0.511905 0.676601 0 
66 -0.506268 0.722317 0 
67 -0.603834 0.807174 0 
68 -0.536559 0.716001 0 
69 -0.513884 0.803655 0 
70 -0.52572 0.873298 0 
71 -0.627455 0.863754 0 
72 -0.635336 0.878444 0 
73 -0.562748 0.896664 0 
74 -0.555168 0.985967 0 
75 -0.519293 0.483729 0 
76 -0.496118 0.554807 0 
77 -0.598203 0.593051 0 
78 -0.478611 0.562384 0 
79 -0.506739 0.507182 0 
80 -0.53984 0.660601 0 
81 -0.496878 0.688913 0 
82 -0.507499 0.904701 0 
83 -0.519968 0.84225 0 
84 -0.490209 0.829971 0 
85 -0.527578 0.817552 0 
86 -0.481039 0.849143 0 
87 -0.507935 0.855979 0 
88 -0.539904 0.925356 0 
89 -0.519293 0.985967 0 
90 -0.483419 -0.987111 0 
91 -0.483419 -0.951237 0 
92 -0.483419 -0.915363 0 
93 -0.483419 -0.879489 0 
94 -0.483419 -0.843614 0 
95 -0.483419 -0.80774 0 
96 -0.483419 -0.771866 0 
97 -0.483419 -0.735992 0 
98 -0.483419 -0.700118 0 
99 -0.483419 -0.664244 0 
100 -0.483419 -0.62837 0 
101 -0.483419 -0.592495 0 
102 -0.483419 -0.556621 0 
103 -0.483419 -0.520747 0 
104 -0.483419 -0.484873 0 
105 -0.483419 -0.448999 0 
106 -0.483419 -0.413125 0 
107 -0.483419 -0.37725 0 
108 -0.483419 -0.341376 0 
109 -0.483419 -0.305502 0 
110 -0.483419 -0.269628 0 
111 -0.483419 0.483729 0 
112 -0.509475 0.550169 0 
113 -0.494169 0.615551 0 
114 -0.450672 0.581154 0 
115 -0.463912 0.570412 0 
116 -0.442303 0.686622 0 
117 -0.510155 0.71402 0 
118 -0.45447 0.762209 0 
119 -0.512655 0.838152 0 
120 -0.5404 0.819996 0 
121 -0.479674 0.799745 0 
122 -0.519934 0.896329 0 
123 -0.484845 0.903857 0 
124 -0.483658 0.983634 0 
125 -0.483419 0.985967 0 
126 -0.447545 -0.987111 0 
127 -0.479826 -0.950549 0 
128 -0.42623 -0.861812 0 
129 -0.378788 -0.883413 0 
130 -0.451964 -0.83249 0 
131 -0.452667 -0.834317 0 
132 -0.511225 -0.825853 0 
133 -0.395363 -0.764944 0 
134 -0.417757 -0.672956 0 
135 -0.562435 -0.71677 0 
136 -0.503127 -0.644803 0 
137 -0.429865 -0.56243 0 
138 -0.434657 -0.531148 0 
139 -0.4263 -0.541146 0 
140 -0.405894 -0.464013 0 
141 -0.448071 -0.417778 0 
142 -0.444064 -0.429832 0 
143 -0.450259 -0.462254 0 
144 -0.40385 -0.317641 0 
145 -0.429186 -0.311183 0 
146 -0.447545 -0.269628 0 
147 -0.447545 0.483729 0 
148 -0.453493 0.523811 0 
149 -0.484809 0.605444 0 
150 -0.491762 0.594689 0 
151 -0.35459 0.661307 0 
152 -0.440961 0.597813 0 
153 -0.45374 0.737846 0 
154 -0.44101 0.68264 0 
155 -0.450222 0.742443 0 
156 -0.39411 0.809609 0 
157 -0.482764 0.824669 0 
158 -0.40152 0.88031 0 
159 -0.445034 0.893858 0 
160 -0.474676 0.972391 0 
161 -0.447545 0.985967 0 
162 -0.411671 -0.987111 0 
163 -0.475331 -0.941613 0 
164 -0.351817 -0.846442 0 
165 -0.413355 -0.796329 0 
166 -0.453624 -0.777981 0 
167 -0.401922 -0.747392 0 
168 -0.45156 -0.75378 0 
169 -0.364839 -0.734173 0 
170 -0.390961 -0.816091 0 
171 -0.335632 -0.700684 0 
172 -0.394025 -0.642736 0 
173 -0.459 -0.538198 0 
174 -0.36255 -0.585719 0 
175 -0.392349 -0.501942 0 
176 -0.404059 -0.530255 0 
177 -0.500878 -0.477987 0 
178 -0.402055 -0.427701 0 
179 -0.442534 -0.291874 0 
180 -0.490147 -0.288238 0 
181 -0.41702 -0.278931 0 
182 -0.411671 -0.269628 0 
183 -0.411671 0.483729 0 
184 -0.323013 0.5151 0 
185 -0.353489 0.474463 0 
186 -0.422248 0.670286 0 
187 -0.475079 0.545782 0 
188 -0.411704 0.605518 0 
189 -0.446009 0.659992 0 
190 -0.36625 0.718868 0 
191 -0.389839 0.6932 0 
192 -0.475462 0.771604 0 
193 -0.418566 0.86191 0 
194 -0.377005 0.875777 0 
195 -0.444877 0.94737 0 
196 -0.379275 0.92619 0 
197 -0.411671 0.985967 0 
198 -0.375797 -0.987111 0 
199 -0.34281 -0.962904 0 
200 -0.383523 -0.834297 0 
201 -0.375269 -0.912884 0 
202 -0.3584 -0.816987 0 
203 -0.348642 -0.860789 0 
204 -0.359178 -0.774703 0 
205 -0.390428 -0.779357 0 
206 -0.445976 -0.67362 0 
207 -0.381036 -0.589754 0 
208 -0.38101 -0.705625 0 
209 -0.412565 -0.53986 0 
210 -0.436323 -0.561122 0 
211 -0.383275 -0.544925 0 
212 -0.365112 -0.443846 0 
213 -0.375228 -0.441649 0 
214 -0.392215 -0.407174 0 
215 -0.397544 -0.402085 0 
216 -0.400786 -0.375234 0 
217 -0.346439 -0.328769 0 
218 -0.375797 -0.269628 0 
219 -0.375797 0.483729 0 
220 -0.402991 0.517822 0 
221 -0.363769 0.549536 0 
222 -0.298396 0.6546 0 
223 -0.310718 0.599916 0 
224 -0.336359 0.643302 0 
225 -0.365379 0.747746 0 
226 -0.407881 0.702439 0 
227 -0.407083 0.811454 0 
228 -0.367607 0.84604 0 
229 -0.397375 0.803862 0 
230 -0.398645 0.863917 0 
231 -0.414858 0.848181 0 
232 -0.413549 0.934582 0 
233 -0.375797 0.985967 0 
234 -0.339923 -0.987111 0 
235 -0.275489 -0.929434 0 
236 -0.344224 -0.889979 0 
237 -0.374214 -0.820404 0 
238 -0.305078 -0.836352 0 
239 -0.332826 -0.845117 0 
240 -0.2951 -0.807304 0 
241 -0.275736 -0.663009 0 
242 -0.325071 -0.711858 0 
243 -0.342486 -0.667919 0 
244 -0.363933 -0.65525 0 
245 -0.341724 -0.682595 0 
246 -0.37921 -0.635137 0 
247 -0.303357 -0.478992 0 
248 -0.29391 -0.504305 0 
249 -0.338774 -0.440049 0 
250 -0.303206 -0.474583 0 
251 -0.297962 -0.405669 0 
252 -0.321514 -0.374729 0 
253 -0.307535 -0.233248 0 
254 -0.339923 -0.269628 0 
255 -0.339923 0.483729 0 
256 -0.324261 0.569374 0 
257 -0.301207 0.579675 0 
258 -0.2972 0.547578 0 
259 -0.354147 0.586555 0 
260 -0.319821 0.66177 0 
261 -0.311649 0.709983 0 
262 -0.283436 0.754661 0 
263 -0.319178 0.76505 0 
264 -0.371382 0.773931 0 
265 -0.341255 0.904939 0 
266 -0.279099 0.876217 0 
267 -0.362258 0.982589 0 
268 -0.367167 0.913196 0 
269 -0.339923 0.985967 0 
270 -0.304049 -0.987111 0 
271 -0.297099 -0.928776 0 
272 -0.284543 -0.923693 0 
273 -0.270206 -0.853277 0 
274 -0.249009 -0.835578 0 
275 -0.243194 -0.842018 0 
276 -0.442731 -0.795292 0 
277 -0.309458 -0.746777 0 
278 -0.265176 -0.711721 0 
279 -0.330824 -0.653325 0 
280 -0.243791 -0.61922 0 
281 -0.265921 -0.598132 0 
282 -0.219768 -0.587624 0 
283 -0.273675 -0.489097 0 
284 -0.27993 -0.461892 0 
285 -0.368015 -0.395636 0 
286 -0.338156 -0.390621 0 
287 -0.24718 -0.419131 0 
288 -0.284209 -0.290165 0 
289 -0.239649 -0.318158 0 
290 -0.304049 -0.269628 0 
291 -0.304049 -0.233754 0 
292 -0.304049 -0.19788 0 
293 -0.304049 -0.162006 0 
294 -0.304049 -0.126131 0 
295 -0.304049 -0.0902573 0 
296 -0.304049 -0.0543832 0 
297 -0.304049 -0.018509 0 
298 -0.304049 0.0173652 0 
299 -0.304049 0.0532393 0 
300 -0.304049 0.0891134 0 
301 -0.304049 0.124988 0 
302 -0.304049 0.160862 0 
303 -0.304049 0.196736 0 
304 -0.304049 0.23261 0 
305 -0.304049 0.268484 0 
306 -0.304049 0.304358 0 
307 -0.304049 0.340232 0 
308 -0.304049 0.376107 0 
309 -0.304049 0.411981 0 
310 -0.304049 0.447855 0 
311 -0.304049 0.483729 0 
312 -0.276109 0.630235 0 
313 -0.29259 0.622527 0 
314 -0.296309 0.53773 0 
315 -0.280638 0.583647 0 
316 -0.273683 0.684619 0 
317 -0.291476 0.685422 0 
318 -0.265798 0.682354 0 
319 -0.264793 0.779763 0 
320 -0.31727 0.829965 0 
321 -0.315485 0.79345 0 
322 -0.308194 0.857487 0 
323 -0.321429 0.919961 0 
324 -0.274458 0.886536 0 
325 -0.304049 0.985967 0 
326 -0.268174 -0.987111 0 
327 -0.360243 -0.931866 0 
328 -0.24217 -0.913944 0 
329 -0.322723 -0.879243 0 
330 -0.319541 -0.881713 0 
331 -0.359558 -0.772367 0 
332 -0.368032 -0.706267 0 
333 -0.261425 -0.778954 0 
334 -0.201853 -0.668222 0 
335 -0.265131 -0.68819 0 
336 -0.323802 -0.671025 0 
337 -0.252885 -0.544679 0 
338 -0.313145 -0.545226 0 
339 -0.206386 -0.483421 0 
340 -0.294925 -0.508503 0 
341 -0.29019 -0.480695 0 
342 -0.261201 -0.423424 0 
343 -0.20071 -0.438108 0 
344 -0.287948 -0.364789 0 
345 -0.214336 -0.346307 0 
346 -0.331273 -0.296172 0 
347 -0.247696 -0.138072 0 
348 -0.30413 -0.219307 0 
349 -0.231719 -0.172766 0 
350 -0.27439 -0.117389 0 
351 -0.22032 -0.0832593 0 
352 -0.237962 -0.107059 0 
353 -0.268408 -0.0291997 0 
354 -0.239978 0.0681195 0 
355 -0.238625 0.0992911 0 
356 -0.234139 0.128048 0 
357 -0.213735 0.179603 0 
358 -0.233506 0.191576 0 
359 -0.262822 0.179518 0 
360 -0.27246 0.229075 0 
361 -0.216223 0.30022 0 
362 -0.135146 0.318693 0 
363 -0.221247 0.362662 0 
364 -0.331687 0.375507 0 
365 -0.244374 0.418199 0 
366 -0.287834 0.431603 0 
367 -0.287396 0.481917 0 
368 -0.261994 0.543568 0 
369 -0.281847 0.558859 0 
370 -0.263122 0.555869 0 
371 -0.260308 0.657931 0 
372 -0.304097 0.653957 0 
373 -0.319026 0.729716 0 
374 -0.250405 0.753023 0 
375 -0.342606 0.831917 0 
376 -0.248967 0.81372 0 
377 -0.160857 0.914256 0 
378 -0.223121 0.922851 0 
379 -0.241309 0.836686 0 
380 -0.284911 0.969058 0 
381 -0.268174 0.985967 0 
382 -0.2323 -0.987111 0 
383 -0.209389 -0.877889 0 
384 -0.245177 -0.898489 0 
385 -0.329567 -0.933438 0 
386 -0.306957 -0.8118 0 
387 -0.194159 -0.806441 0 
388 -0.148389 -0.779917 0 
389 -0.253266 -0.74287 0 
390 -0.214066 -0.763056 0 
391 -0.22907 -0.641563 0 
392 -0.24204 -0.623691 0 
393 -0.222632 -0.646242 0 
394 -0.223687 -0.544323 0 
395 -0.235332 -0.493785 0 
396 -0.18701 -0.560101 0 
397 -0.1977 -0.43384 0 
398 -0.296409 -0.421373 0 
399 -0.179698 -0.360326 0 
400 -0.212968 -0.311251 0 
401 -0.279111 -0.285335 0 
402 -0.236367 -0.219631 0 
403 -0.244966 -0.30302 0 
404 -0.211763 -0.150933 0 
405 -0.218074 -0.176571 0 
406 -0.257255 -0.0670952 0 
407 -0.173259 -0.136863 0 
408 -0.281961 -0.0312752 0 
409 -0.26146 -0.0210159 0 
410 -0.222211 -0.0133131 0 
411 -0.215903 0.0868587 0 
412 -0.242429 0.109919 0 
413 -0.230185 0.0735355 0 
414 -0.35783 0.15367 0 
415 -0.189202 0.221756 0 
416 -0.221554 0.114329 0 
417 -0.199603 0.344239 0 
418 -0.231713 0.27201 0 
419 -0.218553 0.36262 0 
420 -0.229057 0.382973 0 
421 -0.257707 0.451398 0 
422 -0.251412 0.443001 0 
423 -0.243583 0.533239 0 
424 -0.203836 0.5175 0 
425 -0.238232 0.533472 0 
426 -0.200291 0.582155 0 
427 -0.275978 0.615404 0 
428 -0.185738 0.680665 0 
429 -0.264226 0.692864 0 
430 -0.214807 0.757543 0 
431 -0.161337 0.770978 0 
432 -0.247266 0.784899 0 
433 -0.270442 0.788382 0 
434 -0.232307 0.889481 0 
435 -0.274963 0.972608 0 
436 -0.202094 0.935349 0 
437 -0.2323 0.985967 0 
438 -0.196426 -0.987111 0 
439 -0.187967 -0.943316 0 
440 -0.158786 -0.920688 0 
441 -0.147614 -0.840906 0 
442 -0.233027 -0.845427 0 
443 -0.233446 -0.816228 0 
444 -0.258559 -0.823312 0 
445 -0.193238 -0.760565 0 
446 -0.228021 -0.694721 0 
447 -0.136564 -0.616553 0 
448 -0.166929 -0.63272 0 
449 -0.20708 -0.520446 0 
450 -0.21395 -0.602075 0 
451 -0.228117 -0.471746 0 
452 -0.090121 -0.498476 0 
453 -0.273831 -0.509735 0 
454 -0.201808 -0.414192 0 
455 -0.188601 -0.354845 0 
456 -0.184342 -0.347069 0 
457 -0.136983 -0.362793 0 
458 -0.196971 -0.235927 0 
459 -0.286204 -0.1378 0 
460 -0.188461 -0.228533 0 
461 -0.231282 -0.130729 0 
462 -0.204624 -0.152834 0 
463 -0.238583 -0.0463848 0 
464 -0.245406 -0.0699774 0 
465 -0.237577 -0.0259256 0 
466 -0.237342 0.00266016 0 
467 -0.207952 -0.00387552 0 
468 -0.181353 0.0585837 0 
469 -0.13962 0.0805442 0 
470 -0.190597 0.121457 0 
471 -0.140486 0.185593 0 
472 -0.180328 0.207428 0 
473 -0.217853 0.268245 0 
474 -0.217046 0.341523 0 
475 -0.271734 0.285855 0 
476 -0.263566 0.339409 0 
477 -0.110084 0.44155 0 
478 -0.194498 0.43539 0 
479 -0.178502 0.469001 0 
480 -0.192026 0.505065 0 
481 -0.20485 0.561844 0 
482 -0.15674 0.474089 0 
483 -0.17502 0.642771 0 
484 -0.194566 0.678317 0 
485 -0.21334 0.697808 0 
486 -0.170691 0.742544 0 
487 -0.19262 0.74729 0 
488 -0.15758 0.779029 0 
489 -0.160475 0.850294 0 
490 -0.199126 0.86853 0 
491 -0.167385 0.933581 0 
492 -0.165656 0.890777 0 
493 -0.196426 0.985967 0 
494 -0.160552 -0.987111 0 
495 -0.13561 -0.9728 0 
496 -0.150684 -0.961533 0 
497 -0.128301 -0.856584 0 
498 -0.127661 -0.819982 0 
499 -0.237354 -0.771789 0 
500 -0.156109 -0.739739 0 
501 -0.235677 -0.742974 0 
502 -0.0991094 -0.711149 0 
503 -0.124743 -0.642543 0 
504 -0.216781 -0.676878 0 
505 -0.165972 -0.555351 0 
506 -0.18071 -0.522941 0 
507 -0.157997 -0.55847 0 
508 -0.115771 -0.468883 0 
509 -0.19094 -0.362992 0 
510 -0.149964 -0.398252 0 
511 -0.120133 -0.376832 0 
512 -0.205346 -0.307877 0 
513 -0.0710678 -0.363079 0 
514 -0.19917 -0.280356 0 
515 -0.147263 -0.279957 0 
516 -0.139254 -0.249283 0 
517 -0.21314 -0.245106 0 
518 -0.12666 -0.104368 0 
519 -0.167629 -0.10569 0 
520 -0.225565 -0.0598935 0 
521 -0.185927 -0.0535663 0 
522 -0.182058 -0.0629771 0 
523 -0.140172 0.0710151 0 
524 -0.081319 0.0519491 0 
525 -0.212336 0.164872 0 
526 -0.183319 0.199763 0 
527 -0.123979 0.203765 0 
528 -0.143066 0.149578 0 
529 -0.215607 0.254684 0 
530 -0.167276 0.316441 0 
531 -0.177417 0.297823 0 
532 -0.212706 0.46295 0 
533 -0.207502 0.431632 0 
534 -0.224688 0.47935 0 
535 -0.207812 0.498333 0 
536 -0.163154 0.516517 0 
537 -0.157413 0.57194 0 
538 -0.164596 0.544246 0 
539 -0.135217 0.615627 0 
540 -0.193517 0.697061 0 
541 -0.171329 0.774222 0 
542 -0.194893 0.726576 0 
543 -0.144115 0.773049 0 
544 -0.117168 0.880635 0 
545 -0.201333 0.841056 0 
546 -0.199987 0.911887 0 
547 -0.149637 0.896607 0 
548 -0.106797 0.892039 0 
549 -0.160552 0.985967 0 
550 -0.124678 -0.987111 0 
551 -0.135993 -1.02722 0 
552 -0.122339 -0.927412 0 
553 -0.203899 -0.816057 0 
554 -0.0951789 -0.851599 0 
555 -0.162472 -0.783201 0 
556 -0.0963613 -0.808214 0 
557 -0.166985 -0.719555 0 
558 -0.240259 -0.757317 0 
559 -0.0999373 -0.676231 0 
560 -0.0655861 -0.616909 0 
561 -0.0153911 -0.580858 0 
562 -0.0959899 -0.572571 0 
563 -0.126769 -0.537139 0 
564 -0.198523 -0.483384 0 
565 -0.0730282 -0.491794 0 
566 -0.106177 -0.408543 0 
567 -0.149268 -0.372494 0 
568 -0.0851239 -0.3627 0 
569 -0.12344 -0.30301 0 
570 -0.0847513 -0.305198 0 
571 -0.0708033 -0.206638 0 
572 -0.115748 -0.18884 0 
573 -0.139616 -0.109368 0 
574 -0.1088 -0.169992 0 
575 -0.0735922 -0.0604685 0 
576 -0.102248 -0.0137061 0 
577 -0.101676 -0.0502105 0 
578 -0.164784 0.00966968 0 
579 -0.135731 0.0506693 0 
580 -0.0962671 0.0763253 0 
581 -0.0825833 0.10937 0 
582 -0.134061 0.185127 0 
583 -0.140233 0.193491 0 
584 -0.0822034 0.230609 0 
585 -0.113287 0.290797 0 
586 -0.113773 0.253502 0 
587 -0.0477279 0.319442 0 
588 -0.19082 0.32144 0 
589 -0.197549 0.466051 0 
590 -0.137007 0.490595 0 
591 -0.147071 0.446032 0 
592 -0.0596996 0.529253 0 
593 -0.152013 0.565626 0 
594 -0.10967 0.599755 0 
595 -0.120015 0.602562 0 
596 -0.124678 0.6631 0 
597 -0.124678 0.698974 0 
598 -0.124678 0.734848 0 
599 -0.124678 0.770722 0 
600 -0.124678 0.806596 0 
601 -0.124678 0.842471 0 
602 -0.124678 0.878345 0 
603 -0.124678 0.914219 0 
604 -0.124678 0.950093 0 
605 -0.124678 0.985967 0 
606 -0.0888038 -0.987111 0 
607 -0.0335562 -0.985633 0 
608 -0.0228545 -0.938949 0 
609 -0.0994276 -0.874778 0 
610 -0.0345376 -0.819194 0 
611 -0.0462371 -0.791541 0 
612 -0.046675 -0.726506 0 
613 -0.0880756 -0.735061 0 
614 -0.0937569 -0.676126 0 
615 -0.0659594 -0.65161 0 
616 -0.150696 -0.547875 0 
617 -0.189421 -0.58554 0 
618 -0.0888038 -0.556621 0 
619 -0.0888038 -0.520747 0 
620 -0.0888038 -0.484873 0 
621 -0.0888038 -0.448999 0 
622 -0.0888038 -0.413125 0 
623 -0.0888038 -0.37725 0 
624 -0.0888038 -0.341376 0 
625 -0.0888038 -0.305502 0 
626 -0.0453066 -0.253711 0 
627 -0.111208 -0.219428 0 
628 -0.116344 -0.165268 0 
629 -0.1208 -0.175674 0 
630 -0.0928661 -0.128092 0 
631 -0.0920229 -0.125846 0 
632 -0.0962941 -0.0019465 0 
633 -0.0875269 -0.0330761 0 
634 -0.0237706 0.0821307 0 
635 -0.16587 -0.000366658 0 
636 -0.107929 0.0243168 0 
637 -0.060623 0.0818184 0 
638 -0.156523 0.161282 0 
639 -0.00743741 0.1916 0 
640 -0.0740486 0.179066 0 
641 -0.120733 0.324315 0 
642 -0.0605113 0.346321 0 
643 -0.08832 0.311579 0 
644 -0.12168 0.361952 0 
645 -0.173038 0.449587 0 
646 -0.0611209 0.434494 0 
647 -0.121143 0.528956 0 
648 -0.112881 0.543851 0 
649 -0.116315 0.565065 0 
650 -0.0630424 0.579572 0 
651 -0.0807717 0.662508 0 
652 -0.0888038 0.6631 0 
653 -0.0529296 -0.987111 0 
654 -0.0547747 -0.858525 0 
655 0.0291536 -0.905508 0 
656 -0.0428336 -0.885109 0 
657 0.0146169 -0.829229 0 
658 -0.073182 -0.788128 0 
659 -0.0892418 -0.783843 0 
660 -0.045119 -0.78314 0 
661 -0.0648525 -0.699221 0 
662 -0.0899147 -0.617652 0 
663 -0.13199 -0.668266 0 
664 -0.0580157 -0.596654 0 
665 -0.0529296 -0.556621 0 
666 -0.0529296 -0.305502 0 
667 -0.0792647 -0.283383 0 
668 -0.0276893 -0.289252 0 
669 -0.0523186 -0.160128 0 
670 -0.0492067 -0.207155 0 
671 -0.0989208 -0.126211 0 
672 -0.070931 -0.103988 0 
673 -0.0973627 -0.00544846 0 
674 -0.0578054 -0.0399812 0 
675 -0.0338404 -0.0398447 0 
676 -0.0103643 0.0666329 0 
677 -0.0430153 0.115633 0 
678 -0.107875 0.187034 0 
679 -0.0392578 0.139584 0 
680 -0.0611247 0.245923 0 
681 -0.0564375 0.254612 0 
682 -0.0313942 0.250099 0 
683 -0.08446 0.245181 0 
684 0.0293266 0.291493 0 
685 -0.042578 0.372267 0 
686 -0.0140418 0.428947 0 
687 -0.0216582 0.438231 0 
688 -0.0457679 0.389577 0 
689 -0.022388 0.498772 0 
690 -0.0689618 0.576944 0 
691 -0.0443665 0.670675 0 
692 0.00601082 0.647301 0 
693 -0.0529296 0.6631 0 
694 -0.0170555 -0.987111 0 
695 -0.00920703 -0.973151 0 
696 -0.0147429 -0.88069 0 
697 -0.0646075 -0.915182 0 
698 -0.0458145 -0.877696 0 
699 -0.0132351 -0.870476 0 
700 -0.00915146 -0.739786 0 
701 -0.005859 -0.691661 0 
702 -0.0204988 -0.690723 0 
703 0.0194647 -0.682678 0 
704 0.035559 -0.594072 0 
705 -0.00575634 -0.606011 0 
706 -0.0170555 -0.556621 0 
707 -0.0170555 -0.305502 0 
708 0.0604923 -0.271487 0 
709 0.0144574 -0.290161 0 
710 -0.0801584 -0.22824 0 
711 -0.0290953 -0.155844 0 
712 0.0184336 -0.139834 0 
713 0.0290587 -0.108578 0 
714 -0.0105576 -0.0516003 0 
715 -0.0833239 -0.066713 0 
716 -0.0212785 0.0470376 0 
717 -0.0520899 0.0276027 0 
718 -0.0170555 0.0891134 0 
719 -0.0170555 0.124988 0 
720 -0.0170555 0.160862 0 
721 -0.0170555 0.196736 0 
722 -0.0170555 0.23261 0 
723 -0.0170555 0.268484 0 
724 -0.0170555 0.304358 0 
725 -0.0100103 0.387981 0 
726 -0.0568208 0.437183 0 
727 -0.0129604 0.456597 0 
728 -0.0729824 0.455279 0 
729 -0.0707492 0.429498 0 
730 -0.0124916 0.463145 0 
731 -0.0267813 0.56797 0 
732 0.0628136 0.54252 0 
733 -0.00266697 0.586888 0 
734 -0.0170555 0.6631 0 
735 0.0188187 -0.987111 0 
736 0.0981143 -0.998338 0 
737 0.0285542 -0.878921 0 
738 0.00944451 -0.811006 0 
739 -0.0143635 -0.863482 0 
740 0.0321332 -0.826087 0 
741 0.0303255 -0.738549 0 
742 -0.0273145 -0.757482 0 
743 0.0820192 -0.714154 0 
744 0.12783 -0.663054 0 
745 0.00483515 -0.626442 0 
746 0.0660901 -0.613804 0 
747 0.0188187 -0.556621 0 
748 0.0188187 -0.520747 0 
749 0.0188187 -0.484873 0 
750 0.0188187 -0.448999 0 
751 0.0188187 -0.413125 0 
752 0.0188187 -0.37725 0 
753 0.0188187 -0.341376 0 
754 0.0188187 -0.305502 0 
755 0.0243943 -0.304461 0 
756 0.0797524 -0.306404 0 
757 0.0450912 -0.217781 0 
758 0.013719 -0.13058 0 
759 0.107351 -0.0820119 0 
760 0.0605236 -0.0721862 0 
761 0.0259816 -0.0243373 0 
762 -0.0189374 0.0107323 0 
763 0.0334242 0.0679344 0 
764 0.0385318 0.0782324 0 
765 0.0188187 0.0891134 0 
766 0.0188187 0.304358 0 
767 -0.00363096 0.378127 0 
768 0.0751288 0.411538 0 
769 0.0203386 0.493129 0 
770 0.0112768 0.464379 0 
771 0.0582981 0.399481 0 
772 -0.00334463 0.591523 0 
773 -0.0060574 0.580756 0 
774 0.00458389 0.554703 0 
775 0.047363 0.672634 0 
776 0.0188187 0.6631 0 
777 0.0546928 -0.987111 0 
778 0.066782 -0.933111 0 
779 0.0860031 -0.907574 0 
780 0.0444699 -0.89024 0 
781 0.00816574 -0.858162 0 
782 0.0688271 -0.870401 0 
783 -0.000726649 -0.765534 0 
784 0.170492 -0.751325 0 
785 0.0466826 -0.633834 0 
786 0.0183829 -0.688179 0 
787 -0.0259032 -0.622572 0 
788 0.0440122 -0.569852 0 
789 0.14352 -0.617461 0 
790 0.126293 -0.531258 0 
791 0.0806635 -0.455239 0 
792 -0.00186637 -0.459586 0 
793 0.0624494 -0.408841 0 
794 -0.0138244 -0.399853 0 
795 0.0432605 -0.34368 0 
796 0.0240315 -0.30642 0 
797 0.0174594 -0.256611 0 
798 0.112434 -0.273083 0 
799 0.0827944 -0.244193 0 
800 0.0461474 -0.13583 0 
801 0.0813523 -0.123488 0 
802 -0.0112917 -0.0572118 0 
803 0.10156 -0.0564309 0 
804 0.0899345 -0.0181067 0 
805 0.0380504 0.029585 0 
806 0.052637 0.0584162 0 
807 0.0546928 0.0891134 0 
808 0.0546928 0.124988 0 
809 0.0546928 0.160862 0 
810 0.0546928 0.196736 0 
811 0.0546928 0.23261 0 
812 0.0546928 0.268484 0 
813 0.0546928 0.304358 0 
814 0.0362351 0.33512 0 
815 -0.035537 0.457205 0 
816 0.0646243 0.384037 0 
817 0.00736423 0.455905 0 
818 0.0752702 0.528701 0 
819 0.0247313 0.541442 0 
820 0.121755 0.533287 0 
821 0.0963991 0.582509 0 
822 -0.0392662 0.603131 0 
823 0.0546928 0.6631 0 
824 0.090567 -0.987111 0 
825 0.0673574 -0.898549 0 
826 0.119417 -0.964195 0 
827 0.0677737 -0.840921 0 
828 0.104462 -0.837095 0 
829 0.00972779 -0.798677 0 
830 0.103345 -0.755538 0 
831 0.0682999 -0.748119 0 
832 0.111995 -0.684534 0 
833 0.117528 -0.670918 0 
834 0.128766 -0.593446 0 
835 0.0632244 -0.623224 0 
836 0.0414789 -0.53009 0 
837 0.125942 -0.43818 0 
838 0.0835747 -0.505545 0 
839 0.0393665 -0.367968 0 
840 0.0933225 -0.383873 0 
841 0.117806 -0.400332 0 
842 0.00841381 -0.341691 0 
843 0.0367654 -0.267144 0 
844 0.139315 -0.273686 0 
845 0.111921 -0.211557 0 
846 0.0163398 -0.187996 0 
847 0.0765106 -0.172245 0 
848 0.0439163 -0.0699928 0 
849 0.104133 -0.103918 0 
850 0.101936 -0.0358086 0 
851 0.104916 0.00121967 0 
852 0.144487 0.012751 0 
853 0.00480767 0.0237085 0 
854 0.0909475 0.0768479 0 
855 0.090965 0.170394 0 
856 0.132013 0.20195 0 
857 0.10098 0.164227 0 
858 0.0623114 0.181539 0 
859 0.131038 0.226737 0 
860 0.069398 0.265445 0 
861 0.0712099 0.33139 0 
862 0.0985067 0.347625 0 
863 0.0906118 0.44994 0 
864 0.0638532 0.461094 0 
865 0.0543594 0.491939 0 
866 0.0981907 0.567523 0 
867 0.135844 0.563081 0 
868 0.0615925 0.61836 0 
869 0.104671 0.521 0 
870 0.090567 0.6631 0 
871 0.126441 -0.987111 0 
872 0.150132 -0.978852 0 
873 0.164004 -0.894774 0 
874 0.204505 -0.925217 0 
875 0.0965331 -0.850183 0 
876 0.12137 -0.789057 0 
877 0.17209 -0.785224 0 
878 0.132756 -0.70314 0 
879 0.143929 -0.690105 0 
880 0.126203 -0.680707 0 
881 0.112725 -0.589399 0 
882 0.129369 -0.658348 0 
883 0.0711656 -0.577566 0 
884 0.0910959 -0.510167 0 
885 0.111333 -0.540962 0 
886 0.158142 -0.417224 0 
887 0.0988458 -0.439299 0 
888 0.103571 -0.340241 0 
889 0.0920029 -0.30588 0 
890 0.0853776 -0.256498 0 
891 0.0606433 -0.252513 0 
892 0.164434 -0.260123 0 
893 0.0527473 -0.182309 0 
894 0.181077 -0.201876 0 
895 0.0707082 -0.153225 0 
896 0.113362 -0.136376 0 
897 0.0891639 -0.0998913 0 
898 0.148413 -0.0747471 0 
899 0.0856529 0.0991386 0 
900 0.118014 0.0404948 0 
901 0.171694 0.0831548 0 
902 0.171008 0.111482 0 
903 0.0739423 0.15675 0 
904 0.11118 0.152017 0 
905 0.0906514 0.216969 0 
906 0.0675546 0.325152 0 
907 0.133947 0.335934 0 
908 0.215387 0.380942 0 
909 0.0980587 0.367637 0 
910 0.142805 0.359835 0 
911 0.105765 0.479052 0 
912 0.116004 0.517378 0 
913 0.138579 0.521784 0 
914 0.128164 0.577301 0 
915 0.135501 0.584808 0 
916 0.116081 0.559109 0 
917 0.126441 0.6631 0 
918 0.162315 -0.987111 0 
919 0.108402 -0.95998 0 
920 0.195917 -0.925077 0 
921 0.147944 -0.865138 0 
922 0.224563 -0.859912 0 
923 0.113704 -0.825208 0 
924 0.184547 -0.706332 0 
925 0.181286 -0.760524 0 
926 0.103763 -0.66214 0 
927 0.164647 -0.691157 0 
928 0.101041 -0.645598 0 
929 0.138702 -0.564747 0 
930 0.177588 -0.583004 0 
931 0.154476 -0.535936 0 
932 0.14929 -0.397839 0 
933 0.136641 -0.446931 0 
934 0.156231 -0.400766 0 
935 0.194312 -0.3571 0 
936 0.199584 -0.456239 0 
937 0.146448 -0.310621 0 
938 0.197342 -0.269039 0 
939 0.147052 -0.297936 0 
940 0.123841 -0.222524 0 
941 0.159191 -0.168971 0 
942 0.189455 -0.089168 0 
943 0.172795 -0.0516693 0 
944 0.194731 -0.0469169 0 
945 0.152653 -0.0113232 0 
946 0.101195 0.0167227 0 
947 0.247937 0.0474288 0 
948 0.179671 0.032293 0 
949 0.177145 0.0968745 0 
950 0.19697 0.12436 0 
951 0.157371 0.128927 0 
952 0.230364 0.137906 0 
953 0.147468 0.229527 0 
954 0.174834 0.290452 0 
955 0.237827 0.277854 0 
956 0.132064 0.438619 0 
957 0.178422 0.405331 0 
958 0.195896 0.476141 0 
959 0.230318 0.444014 0 
960 0.0929719 0.553347 0 
961 0.151726 0.545724 0 
962 0.234254 0.573368 0 
963 0.15168 0.647034 0 
964 0.162315 0.6631 0 
965 0.198189 -0.987111 0 
966 0.110466 -0.94032 0 
967 0.142199 -0.993957 0 
968 0.159124 -0.861788 0 
969 0.254748 -0.908511 0 
970 0.193314 -0.831669 0 
971 0.185348 -0.778228 0 
972 0.214981 -0.742717 0 
973 0.160144 -0.698936 0 
974 0.153756 -0.709404 0 
975 0.184281 -0.662266 0 
976 0.183768 -0.570026 0 
977 0.201093 -0.562523 0 
978 0.192142 -0.574977 0 
979 0.204203 -0.526587 0 
980 0.170227 -0.444521 0 
981 0.195951 -0.373111 0 
982 0.168187 -0.346947 0 
983 0.165755 -0.369126 0 
984 0.188867 -0.354175 0 
985 0.164348 -0.355323 0 
986 0.235952 -0.188697 0 
987 0.195796 -0.164387 0 
988 0.204593 -0.128944 0 
989 0.200017 -0.130503 0 
990 0.192833 -0.0706857 0 
991 0.143154 -0.083892 0 
992 0.169098 0.0140537 0 
993 0.207979 -0.0596199 0 
994 0.175204 0.0118205 0 
995 0.181567 0.14793 0 
996 0.20635 0.109915 0 
997 0.200855 0.131631 0 
998 0.254148 0.141459 0 
999 0.177971 0.249757 0 
1000 0.213871 0.30411 0 
1001 0.219917 0.31248 0 
1002 0.161835 0.390627 0 
1003 0.196627 0.328644 0 
1004 0.28788 0.397796 0 
1005 0.183161 0.4473 0 
1006 0.191577 0.558049 0 
1007 0.183537 0.534192 0 
1008 0.149798 0.643616 0 
1009 0.186314 0.590691 0 
1010 0.19285 0.596433 0 
1011 0.198189 0.6631 0 
1012 0.234064 -0.987111 0 
1013 0.236563 -0.951794 0 
1014 0.294666 -0.851124 0 
1015 0.242189 -0.875327 0 
1016 0.191044 -0.909698 0 
1017 0.227807 -0.847385 0 
1018 0.160217 -0.781263 0 
1019 0.233012 -0.705508 0 
1020 0.262045 -0.695363 0 
1021 0.236586 -0.657665 0 
1022 0.225492 -0.608261 0 
1023 0.229898 -0.557344 0 
1024 0.317282 -0.508677 0 
1025 0.247559 -0.595939 0 
1026 0.232329 -0.483973 0 
1027 0.198276 -0.398357 0 
1028 0.226157 -0.367933 0 
1029 0.285775 -0.362412 0 
1030 0.256396 -0.340053 0 
1031 0.288586 -0.303252 0 
1032 0.252454 -0.225889 0 
1033 0.262826 -0.260904 0 
1034 0.230733 -0.253914 0 
1035 0.177155 -0.130324 0 
1036 0.376819 -0.194333 0 
1037 0.233532 -0.0804312 0 
1038 0.183488 -0.0771037 0 
1039 0.22192 0.0204569 0 
1040 0.225132 0.0204577 0 
1041 0.22697 0.0512896 0 
1042 0.241793 0.0890234 0 
1043 0.202496 0.133965 0 
1044 0.246531 0.137716 0 
1045 0.227372 0.192202 0 
1046 0.232365 0.17211 0 
1047 0.253038 0.301538 0 
1048 0.262847 0.294209 0 
1049 0.260085 0.266717 0 
1050 0.226776 0.390949 0 
1051 0.278306 0.417453 0 
1052 0.261013 0.47932 0 
1053 0.149459 0.521447 0 
1054 0.205385 0.556073 0 
1055 0.264847 0.571626 0 
1056 0.262096 0.59177 0 
1057 0.22431 0.675101 0 
1058 0.234064 0.6631 0 
1059 0.269938 -0.987111 0 
1060 0.243235 -0.957056 0 
1061 0.263831 -0.925218 0 
1062 0.354213 -0.91604 0 
1063 0.269755 -0.81184 0 
1064 0.236387 -0.770051 0 
1065 0.203772 -0.734094 0 
1066 0.212704 -0.741624 0 
1067 0.270409 -0.708129 0 
1068 0.257618 -0.631882 0 
1069 0.226895 -0.563414 0 
1070 0.273693 -0.610781 0 
1071 0.234995 -0.546448 0 
1072 0.201635 -0.561216 0 
1073 0.19371 -0.545096 0 
1074 0.269163 -0.457776 0 
1075 0.238978 -0.463096 0 
1076 0.22328 -0.414211 0 
1077 0.260477 -0.306157 0 
1078 0.282131 -0.342885 0 
1079 0.230942 -0.259942 0 
1080 0.307678 -0.238261 0 
1081 0.257027 -0.197818 0 
1082 0.29442 -0.202265 0 
1083 0.280016 -0.121847 0 
1084 0.297725 -0.143188 0 
1085 0.238146 -0.0803386 0 
1086 0.168118 -0.0666714 0 
1087 0.325234 0.0499753 0 
1088 0.240948 0.0657548 0 
1089 0.247567 0.149261 0 
1090 0.268787 0.131473 0 
1091 0.295531 0.120417 0 
1092 0.239815 0.182672 0 
1093 0.334969 0.224941 0 
1094 0.244994 0.295575 0 
1095 0.293793 0.272532 0 
1096 0.258656 0.315902 0 
1097 0.214331 0.386803 0 
1098 0.313209 0.366838 0 
1099 0.237277 0.3612 0 
1100 0.322384 0.545632 0 
1101 0.301363 0.502674 0 
1102 0.258312 0.504582 0 
1103 0.260679 0.466938 0 
1104 0.224588 0.642026 0 
1105 0.269938 0.6631 0 
1106 0.305812 -0.987111 0 
1107 0.31168 -0.9453 0 
1108 0.38504 -0.910706 0 
1109 0.312304 -0.909374 0 
1110 0.36102 -0.887177 0 
1111 0.339863 -0.80406 0 
1112 0.320068 -0.76427 0 
1113 0.332627 -0.742761 0 
1114 0.280155 -0.712961 0 
1115 0.36739 -0.64891 0 
1116 0.326064 -0.537503 0 
1117 0.330995 -0.566189 0 
1118 0.295802 -0.513261 0 
1119 0.411248 -0.439414 0 
1120 0.300519 -0.475556 0 
1121 0.224086 -0.421703 0 
1122 0.314807 -0.462041 0 
1123 0.273642 -0.385943 0 
1124 0.291725 -0.315338 0 
1125 0.323304 -0.239625 0 
1126 0.326536 -0.296739 0 
1127 0.327455 -0.259716 0 
1128 0.159668 -0.228712 0 
1129 0.302409 -0.201441 0 
1130 0.263359 -0.161772 0 
1131 0.339277 -0.0451832 0 
1132 0.311772 -0.128053 0 
1133 0.346354 -0.00876302 0 
1134 0.36704 0.0480266 0 
1135 0.338042 0.114178 0 
1136 0.305812 0.0891134 0 
1137 0.305812 0.124988 0 
1138 0.305812 0.160862 0 
1139 0.305812 0.196736 0 
1140 0.305812 0.23261 0 
1141 0.305812 0.268484 0 
1142 0.305812 0.304358 0 
1143 0.307273 0.312518 0 
1144 0.304575 0.411817 0 
1145 0.307406 0.344881 0 
1146 0.29136 0.416436 0 
1147 0.256658 0.466187 0 
1148 0.279614 0.492642 0 
1149 0.28935 0.603204 0 
1150 0.339107 0.648196 0 
1151 0.377504 0.582736 0 
1152 0.305812 0.6631 0 
1153 0.341686 -0.987111 0 
1154 0.367203 -0.918908 0 
1155 0.355423 -0.898486 0 
1156 0.369421 -0.857664 0 
1157 0.328918 -0.779919 0 
1158 0.384194 -0.814934 0 
1159 0.304223 -0.811417 0 
1160 0.377871 -0.729345 0 
1161 0.316821 -0.771448 0 
1162 0.331427 -0.655295 0 
1163 0.370002 -0.623658 0 
1164 0.315955 -0.575613 0 
1165 0.277349 -0.546833 0 
1166 0.375565 -0.513869 0 
1167 0.350224 -0.396237 0 
1168 0.396069 -0.421244 0 
1169 0.377345 -0.435455 0 
1170 0.272534 -0.436553 0 
1171 0.298608 -0.335489 0 
1172 0.322172 -0.330711 0 
1173 0.290186 -0.22711 0 
1174 0.342788 -0.296365 0 
1175 0.42167 -0.212596 0 
1176 0.359574 -0.230856 0 
1177 0.336874 -0.135905 0 
1178 0.34862 -0.146277 0 
1179 0.321408 -0.0613619 0 
1180 0.360876 -0.0501729 0 
1181 0.383202 -0.0394249 0 
1182 0.354714 0.0851034 0 
1183 0.341686 0.0891134 0 
1184 0.341686 0.304358 0 
1185 0.295598 0.350954 0 
1186 0.310002 0.41793 0 
1187 0.30198 0.35722 0 
1188 0.27772 0.465007 0 
1189 0.315759 0.480536 0 
1190 0.344121 0.509096 0 
1191 0.364343 0.570301 0 
1192 0.385667 0.612476 0 
1193 0.384649 0.595658 0 
1194 0.341686 0.6631 0 
1195 0.37756 -0.987111 0 
1196 0.37756 -0.951237 0 
1197 0.37756 -0.915363 0 
1198 0.37756 -0.879489 0 
1199 0.37756 -0.843614 0 
1200 0.37756 -0.80774 0 
1201 0.37756 -0.771866 0 
1202 0.37756 -0.735992 0 
1203 0.37756 -0.700118 0 
1204 0.37756 -0.664244 0 
1205 0.37756 -0.62837 0 
1206 0.37756 -0.592495 0 
1207 0.37756 -0.556621 0 
1208 0.37756 -0.520747 0 
1209 0.37756 -0.484873 0 
1210 0.37756 -0.448999 0 
1211 0.37756 -0.413125 0 
1212 0.37756 -0.37725 0 
1213 0.37756 -0.341376 0 
1214 0.37756 -0.305502 0 
1215 0.37756 -0.269628 0 
1216 0.34867 -0.250408 0 
1217 0.367048 -0.178149 0 
1218 0.313921 -0.148476 0 
1219 0.461605 -0.0913825 0 
1220 0.299252 -0.117889 0 
1221 0.346702 -0.0400667 0 
1222 0.383093 -0.00436513 0 
1223 0.390184 0.0927446 0 
1224 0.446097 0.0734958 0 
1225 0.37756 0.0891134 0 
1226 0.37756 0.304358 0 
1227 0.416384 0.35355 0 
1228 0.396963 0.455273 0 
1229 0.360527 0.394842 0 
1230 0.493706 0.477025 0 
1231 0.321437 0.509172 0 
1232 0.357805 0.499934 0 
1233 0.365423 0.440942 0 
1234 0.379941 0.629966 0 
1235 0.345354 0.622502 0 
1236 0.37756 0.6631 0 
1237 0.413434 -0.269628 0 
1238 0.461495 -0.279347 0 
1239 0.441899 -0.218131 0 
1240 0.371906 -0.173759 0 
1241 0.439552 -0.161495 0 
1242 0.442419 -0.0950628 0 
1243 0.378666 -0.0369632 0 
1244 0.410166 -0.0586883 0 
1245 0.383975 0.0952488 0 
1246 0.454175 0.0877009 0 
1247 0.413434 0.0891134 0 
1248 0.413434 0.124988 0 
1249 0.413434 0.160862 0 
1250 0.413434 0.196736 0 
1251 0.413434 0.23261 0 
1252 0.413434 0.268484 0 
1253 0.413434 0.304358 0 
1254 0.431705 0.339175 0 
1255 0.505679 0.463929 0 
1256 0.473068 0.427968 0 
1257 0.389976 0.394039 0 
1258 0.405047 0.482789 0 
1259 0.412419 0.563795 0 
1260 0.426052 0.615251 0 
1261 0.466323 0.642568 0 
1262 0.45832 0.616266 0 
1263 0.413434 0.6631 0 
1264 0.449308 -0.269628 0 
1265 0.449354 -0.241968 0 
1266 0.518965 -0.138682 0 
1267 0.490957 -0.132215 0 
1268 0.501057 -0.14949 0 
1269 0.532673 -0.0458083 0 
1270 0.455807 -0.0240936 0 
1271 0.4577 -0.0635113 0 
1272 0.452906 0.0380831 0 
1273 0.43898 0.0827947 0 
1274 0.469143 0.13735 0 
1275 0.423271 0.102724 0 
1276 0.47477 0.190462 0 
1277 0.475263 0.17445 0 
1278 0.500915 0.301907 0 
1279 0.483383 0.314479 0 
1280 0.384188 0.32602 0 
1281 0.481221 0.366692 0 
1282 0.383773 0.365697 0 
1283 0.453268 0.510378 0 
1284 0.464244 0.3947 0 
1285 0.482938 0.469533 0 
1286 0.43285 0.568703 0 
1287 0.429773 0.603462 0 
1288 0.479752 0.582932 0 
1289 0.426459 0.572373 0 
1290 0.449308 0.6631 0 
1291 0.485183 -0.269628 0 
1292 0.494605 -0.296353 0 
1293 0.529393 -0.168253 0 
1294 0.486574 -0.16383 0 
1295 0.452259 -0.0783275 0 
1296 0.442666 -0.094695 0 
1297 0.433147 -0.0557132 0 
1298 0.455453 0.057945 0 
1299 0.51671 -0.00781617 0 
1300 0.459454 0.0934635 0 
1301 0.453863 0.0832396 0 
1302 0.474427 0.120033 0 
1303 0.504804 0.192019 0 
1304 0.448103 0.216001 0 
1305 0.471446 0.213951 0 
1306 0.532038 0.265297 0 
1307 0.5139 0.297681 0 
1308 0.515105 0.287784 0 
1309 0.476932 0.335343 0 
1310 0.497861 0.471007 0 
1311 0.54831 0.448864 0 
1312 0.551486 0.479576 0 
1313 0.50985 0.505583 0 
1314 0.425481 0.526055 0 
1315 0.473747 0.541721 0 
1316 0.545165 0.576369 0 
1317 0.485183 0.6631 0 
1318 0.521057 -0.269628 0 
1319 0.487083 -0.201722 0 
1320 0.508396 -0.218635 0 
1321 0.494658 -0.201087 0 
1322 0.505412 -0.0925507 0 
1323 0.466144 -0.150622 0 
1324 0.527364 0.0151693 0 
1325 0.515489 0.0181126 0 
1326 0.477277 0.00111211 0 
1327 0.474306 0.0529375 0 
1328 0.529998 0.0901553 0 
1329 0.579394 0.116994 0 
1330 0.546924 0.142589 0 
1331 0.549737 0.202755 0 
1332 0.505647 0.203913 0 
1333 0.516667 0.252612 0 
1334 0.535262 0.415648 0 
1335 0.471321 0.371413 0 
1336 0.484067 0.394936 0 
1337 0.537221 0.379485 0 
1338 0.543535 0.451205 0 
1339 0.532492 0.483005 0 
1340 0.542461 0.478444 0 
1341 0.427964 0.557089 0 
1342 0.514531 0.568777 0 
1343 0.493473 0.649042 0 
1344 0.521057 0.6631 0 
1345 0.556931 -0.269628 0 
1346 0.472226 -0.243108 0 
1347 0.545387 -0.162312 0 
1348 0.582323 -0.190502 0 
1349 0.558725 -0.083724 0 
1350 0.507701 -0.0945786 0 
1351 0.581924 0.0434227 0 
1352 0.540199 -0.0615183 0 
1353 0.569217 0.0743505 0 
1354 0.650878 0.0404584 0 
1355 0.488921 0.0754859 0 
1356 0.634785 0.101392 0 
1357 0.562022 0.0981076 0 
1358 0.528181 0.140896 0 
1359 0.523386 0.296136 0 
1360 0.610661 0.263821 0 
1361 0.5418 0.306418 0 
1362 0.591688 0.425043 0 
1363 0.56326 0.372294 0 
1364 0.543617 0.373788 0 
1365 0.446666 0.395645 0 
1366 0.536493 0.447472 0 
1367 0.545307 0.51023 0 
1368 0.561618 0.5756 0 
1369 0.566791 0.561615 0 
1370 0.65267 0.67041 0 
1371 0.556931 0.6631 0 
1372 0.592805 -0.269628 0 
1373 0.477042 -0.223769 0 
1374 0.583552 -0.226819 0 
1375 0.549191 -0.189516 0 
1376 0.619689 -0.048559 0 
1377 0.605625 -0.112491 0 
1378 0.643743 -0.0834283 0 
1379 0.529455 -0.0303291 0 
1380 0.593417 0.0174501 0 
1381 0.657677 0.070556 0 
1382 0.636145 0.0411921 0 
1383 0.604387 0.0975627 0 
1384 0.619215 0.232166 0 
1385 0.600972 0.260437 0 
1386 0.554153 0.183113 0 
1387 0.526995 0.292292 0 
1388 0.574524 0.403616 0 
1389 0.608873 0.362779 0 
1390 0.612929 0.360058 0 
1391 0.588776 0.452066 0 
1392 0.628486 0.452105 0 
1393 0.508983 0.528736 0 
1394 0.551815 0.559234 0 
1395 0.601922 0.567493 0 
1396 0.674737 0.632965 0 
1397 0.550969 0.623284 0 
1398 0.592805 0.6631 0 
1399 0.628679 -0.269628 0 
1400 0.638802 -0.231791 0 
1401 0.635929 -0.229409 0 
1402 0.674657 -0.148454 0 
1403 0.638964 -0.090348 0 
1404 0.597233 -0.125149 0 
1405 0.675988 -0.0450504 0 
1406 0.644915 -0.0357351 0 
1407 0.571486 -0.0128165 0 
1408 0.650788 0.0475637 0 
1409 0.598851 0.0138746 0 
1410 0.71822 0.12662 0 
1411 0.645944 0.135827 0 
1412 0.72477 0.191778 0 
1413 0.616935 0.186793 0 
1414 0.562864 0.266291 0 
1415 0.557922 0.292926 0 
1416 0.621775 0.322623 0 
1417 0.650351 0.349146 0 
1418 0.671294 0.413936 0 
1419 0.600078 0.443806 0 
1420 0.618022 0.487675 0 
1421 0.656752 0.497035 0 
1422 0.683263 0.516929 0 
1423 0.590466 0.617502 0 
1424 0.651037 0.60769 0 
1425 0.628679 0.6631 0 
1426 0.664553 -0.269628 0 
1427 0.697781 -0.205987 0 
1428 0.693351 -0.165805 0 
1429 0.676188 -0.0979672 0 
1430 0.663558 -0.111965 0 
1431 0.696448 -0.10875 0 
1432 0.628611 -0.0794835 0 
1433 0.719916 0.0331829 0 
1434 0.699937 0.0110775 0 
1435 0.712826 0.0637647 0 
1436 0.678771 -0.00324083 0 
1437 0.698294 0.179681 0 
1438 0.709344 0.125273 0 
1439 0.678567 0.248744 0 
1440 0.701918 0.215154 0 
1441 0.683087 0.304226 0 
1442 0.703919 0.248037 0 
1443 0.708808 0.336989 0 
1444 0.690867 0.324846 0 
1445 0.663189 0.410184 0 
1446 0.713856 0.495288 0 
1447 0.684307 0.460473 0 
1448 0.700021 0.518349 0 
1449 0.711046 0.554868 0 
1450 0.679925 0.577149 0 
1451 0.694695 0.582656 0 
1452 0.664553 0.6631 0 
1453 0.700427 -0.269628 0 
1454 0.700427 -0.233754 0 
1455 0.700427 -0.19788 0 
1456 0.700427 -0.162006 0 
1457 0.700427 -0.126131 0 
1458 0.700427 -0.0902573 0 
1459 0.700427 -0.0543832 0 
1460 0.700427 -0.018509 0 
1461 0.700427 0.0173652 0 
1462 0.700427 0.0532393 0 
1463 0.700427 0.0891134 0 
1464 0.700427 0.124988 0 
1465 0.700427 0.160862 0 
1466 0.700427 0.196736 0 
1467 0.700427 0.23261 0 
1468 0.700427 0.268484 0 
1469 0.700427 0.304358 0 
1470 0.700427 0.340232 0 
1471 0.700427 0.376107 0 
1472 0.700427 0.411981 0 
1473 0.700427 0.447855 0 
1474 0.700427 0.483729 0 
1475 0.700427 0.519603 0 
1476 0.700427 0.555477 0 
1477 0.700427 0.591352 0 
1478 0.700427 0.627226 0 
1479 0.700427 0.6631 0 
