0 -0.698229 0.484021 0 
1 -0.698801 0.519844 0 
2 -0.69878 0.555399 0 
3 -0.698726 0.591374 0 
4 -0.698689 0.627218 0 
5 -0.698704 0.663093 0 
6 -0.698681 0.698963 0 
7 -0.698681 0.734838 0 
8 -0.698692 0.770718 0 
9 -0.698671 0.80658 0 
10 -0.698691 0.842526 0 
11 -0.69877 0.878329 0 
12 -0.699023 0.914896 0 
13 -0.698864 0.949144 0 
14 -0.697767 0.985335 0 
15 -0.662725 0.483507 0 
16 -0.666128 0.518533 0 
17 -0.665349 0.553989 0 
18 -0.665067 0.590657 0 
19 -0.664528 0.626982 0 
20 -0.664332 0.663204 0 
21 -0.664087 0.699584 0 
22 -0.663905 0.735897 0 
23 -0.663921 0.77231 0 
24 -0.66395 0.808912 0 
25 -0.664184 0.845957 0 
26 -0.664707 0.883474 0 
27 -0.66511 0.921679 0 
28 -0.666164 0.957535 0 
29 -0.66262 0.986235 0 
30 -0.626991 0.483604 0 
31 -0.629694 0.518562 0 
32 -0.629805 0.554504 0 
33 -0.629327 0.590938 0 
34 -0.628895 0.627378 0 
35 -0.628647 0.663824 0 
36 -0.628443 0.700334 0 
37 -0.62833 0.736875 0 
38 -0.628354 0.773511 0 
39 -0.628497 0.810368 0 
40 -0.628839 0.847585 0 
41 -0.629445 0.885151 0 
42 -0.630293 0.922752 0 
43 -0.631363 0.959099 0 
44 -0.627061 0.986297 0 
45 -0.591037 0.483628 0 
46 -0.59297 0.518895 0 
47 -0.593102 0.555171 0 
48 -0.592867 0.591563 0 
49 -0.592587 0.628036 0 
50 -0.592417 0.664535 0 
51 -0.592285 0.701071 0 
52 -0.592237 0.737679 0 
53 -0.592277 0.774346 0 
54 -0.592455 0.811214 0 
55 -0.592819 0.848286 0 
56 -0.593353 0.885631 0 
57 -0.594016 0.922993 0 
58 -0.594283 0.959081 0 
59 -0.591037 0.986058 0 
60 -0.555252 0.483711 0 
61 -0.556289 0.519503 0 
62 -0.556398 0.555852 0 
63 -0.556253 0.592253 0 
64 -0.556072 0.628723 0 
65 -0.555957 0.665235 0 
66 -0.555874 0.701791 0 
67 -0.555854 0.738365 0 
68 -0.555913 0.774987 0 
69 -0.556089 0.811715 0 
70 -0.556372 0.848549 0 
71 -0.55677 0.885558 0 
72 -0.557045 0.922488 0 
73 -0.556659 0.958214 0 
74 -0.555156 0.986059 0 
75 -0.519344 0.483718 0 
76 -0.519923 0.519882 0 
77 -0.519837 0.556355 0 
78 -0.519635 0.592855 0 
79 -0.519479 0.629399 0 
80 -0.519382 0.665944 0 
81 -0.519331 0.702461 0 
82 -0.519308 0.738991 0 
83 -0.519372 0.775492 0 
84 -0.519526 0.812034 0 
85 -0.519788 0.8486 0 
86 -0.520081 0.885184 0 
87 -0.520286 0.921524 0 
88 -0.520133 0.956571 0 
89 -0.519322 0.98603 0 
90 -0.48305 -0.986748 0 
91 -0.483566 -0.951186 0 
92 -0.483378 -0.915493 0 
93 -0.483287 -0.879474 0 
94 -0.483296 -0.8436 0 
95 -0.483285 -0.807716 0 
96 -0.483262 -0.771827 0 
97 -0.483238 -0.735895 0 
98 -0.483321 -0.700009 0 
99 -0.483324 -0.66412 0 
100 -0.483382 -0.628245 0 
101 -0.483428 -0.592406 0 
102 -0.483437 -0.556554 0 
103 -0.483439 -0.52068 0 
104 -0.483466 -0.484837 0 
105 -0.483452 -0.448931 0 
106 -0.483502 -0.413112 0 
107 -0.483514 -0.377218 0 
108 -0.483658 -0.341006 0 
109 -0.483711 -0.305888 0 
110 -0.482972 -0.270184 0 
111 -0.483482 0.483745 0 
112 -0.48357 0.520127 0 
113 -0.483252 0.556788 0 
114 -0.482948 0.59345 0 
115 -0.48277 0.630083 0 
116 -0.482664 0.666631 0 
117 -0.482625 0.703128 0 
118 -0.482638 0.739584 0 
119 -0.482711 0.775981 0 
120 -0.482873 0.812316 0 
121 -0.483137 0.848587 0 
122 -0.483434 0.884767 0 
123 -0.483691 0.920559 0 
124 -0.483711 0.95509 0 
125 -0.483442 0.986023 0 
126 -0.447271 -0.987398 0 
127 -0.449316 -0.952743 0 
128 -0.448966 -0.915414 0 
129 -0.448605 -0.878921 0 
130 -0.448383 -0.842919 0 
131 -0.448289 -0.807098 0 
132 -0.448422 -0.771214 0 
133 -0.448636 -0.735211 0 
134 -0.448801 -0.699035 0 
135 -0.448923 -0.663001 0 
136 -0.449096 -0.626593 0 
137 -0.449222 -0.590276 0 
138 -0.449147 -0.554112 0 
139 -0.449227 -0.51795 0 
140 -0.449763 -0.481568 0 
141 -0.449865 -0.444788 0 
142 -0.450247 -0.408105 0 
143 -0.449656 -0.370707 0 
144 -0.448953 -0.334499 0 
145 -0.45049 -0.300318 0 
146 -0.447409 -0.269481 0 
147 -0.447609 0.483803 0 
148 -0.447081 0.520421 0 
149 -0.446493 0.557304 0 
150 -0.446115 0.594135 0 
151 -0.445919 0.63081 0 
152 -0.445828 0.667377 0 
153 -0.445822 0.703832 0 
154 -0.445842 0.740188 0 
155 -0.445944 0.776454 0 
156 -0.446131 0.81263 0 
157 -0.446407 0.848651 0 
158 -0.446776 0.884481 0 
159 -0.447167 0.919851 0 
160 -0.447438 0.954122 0 
161 -0.447582 0.986012 0 
162 -0.411877 -0.987327 0 
163 -0.414845 -0.952408 0 
164 -0.41449 -0.915632 0 
165 -0.413835 -0.878931 0 
166 -0.413389 -0.842731 0 
167 -0.413208 -0.806762 0 
168 -0.413314 -0.770809 0 
169 -0.41353 -0.734807 0 
170 -0.413693 -0.698621 0 
171 -0.413715 -0.662433 0 
172 -0.413654 -0.62608 0 
173 -0.41347 -0.589695 0 
174 -0.413211 -0.553507 0 
175 -0.412965 -0.517398 0 
176 -0.412874 -0.481261 0 
177 -0.412621 -0.444984 0 
178 -0.412078 -0.408566 0 
179 -0.411066 -0.372097 0 
180 -0.41024 -0.336318 0 
181 -0.410832 -0.301717 0 
182 -0.411742 -0.269553 0 
183 -0.411711 0.483801 0 
184 -0.410246 0.520949 0 
185 -0.409397 0.558091 0 
186 -0.409044 0.594995 0 
187 -0.40891 0.631689 0 
188 -0.408888 0.668213 0 
189 -0.40891 0.704563 0 
190 -0.408982 0.740851 0 
191 -0.409077 0.776983 0 
192 -0.409274 0.812999 0 
193 -0.409585 0.848835 0 
194 -0.410036 0.884395 0 
195 -0.410596 0.919471 0 
196 -0.411193 0.953653 0 
197 -0.411712 0.986014 0 
198 -0.375816 -0.987239 0 
199 -0.379145 -0.952668 0 
200 -0.379048 -0.915963 0 
201 -0.378455 -0.879205 0 
202 -0.378017 -0.842817 0 
203 -0.377852 -0.806689 0 
204 -0.377928 -0.770675 0 
205 -0.378116 -0.734662 0 
206 -0.378225 -0.698554 0 
207 -0.378128 -0.662396 0 
208 -0.377822 -0.626148 0 
209 -0.377338 -0.589898 0 
210 -0.376736 -0.553782 0 
211 -0.376113 -0.517812 0 
212 -0.375498 -0.481946 0 
213 -0.374723 -0.446073 0 
214 -0.373572 -0.410169 0 
215 -0.372029 -0.374486 0 
216 -0.370469 -0.339467 0 
217 -0.370348 -0.305168 0 
218 -0.375749 -0.269696 0 
219 -0.375813 0.483947 0 
220 -0.372646 0.521962 0 
221 -0.371918 0.559266 0 
222 -0.371828 0.596135 0 
223 -0.371873 0.632712 0 
224 -0.371945 0.669084 0 
225 -0.371989 0.705347 0 
226 -0.372044 0.741499 0 
227 -0.372135 0.777546 0 
228 -0.372302 0.813442 0 
229 -0.372628 0.849117 0 
230 -0.373165 0.884477 0 
231 -0.373927 0.919328 0 
232 -0.374894 0.953334 0 
233 -0.375858 0.985995 0 
234 -0.339933 -0.987241 0 
235 -0.342529 -0.952937 0 
236 -0.342745 -0.916241 0 
237 -0.342454 -0.879468 0 
238 -0.342206 -0.842993 0 
239 -0.342147 -0.80678 0 
240 -0.342281 -0.770725 0 
241 -0.342476 -0.734749 0 
242 -0.342563 -0.698756 0 
243 -0.34241 -0.662729 0 
244 -0.34195 -0.626631 0 
245 -0.341201 -0.590525 0 
246 -0.340248 -0.554492 0 
247 -0.33924 -0.518623 0 
248 -0.338222 -0.482877 0 
249 -0.337091 -0.447188 0 
250 -0.335787 -0.411581 0 
251 -0.334365 -0.376133 0 
252 -0.333407 -0.340977 0 
253 -0.334452 -0.305652 0 
254 -0.339734 -0.269705 0 
255 -0.339796 0.483874 0 
256 -0.336163 0.524619 0 
257 -0.335206 0.561326 0 
258 -0.335072 0.597633 0 
259 -0.335126 0.633824 0 
260 -0.335163 0.66997 0 
261 -0.335161 0.706062 0 
262 -0.335147 0.742091 0 
263 -0.335161 0.778056 0 
264 -0.335245 0.813874 0 
265 -0.335517 0.849453 0 
266 -0.336107 0.884668 0 
267 -0.337079 0.919338 0 
268 -0.338396 0.95321 0 
269 -0.339972 0.985991 0 
270 -0.304145 -0.987171 0 
271 -0.305473 -0.952552 0 
272 -0.30597 -0.916197 0 
273 -0.30603 -0.879585 0 
274 -0.306031 -0.843132 0 
275 -0.306143 -0.806931 0 
276 -0.306379 -0.770915 0 
277 -0.306639 -0.735016 0 
278 -0.306796 -0.699181 0 
279 -0.306677 -0.663313 0 
280 -0.306163 -0.627383 0 
281 -0.30524 -0.591419 0 
282 -0.303952 -0.555459 0 
283 -0.302508 -0.519602 0 
284 -0.30111 -0.483838 0 
285 -0.299758 -0.448208 0 
286 -0.298418 -0.412707 0 
287 -0.297219 -0.377332 0 
288 -0.296644 -0.342014 0 
289 -0.298639 -0.305793 0 
290 -0.304097 -0.269595 0 
291 -0.304028 -0.233778 0 
292 -0.304037 -0.197933 0 
293 -0.304056 -0.162065 0 
294 -0.303991 -0.126197 0 
295 -0.304006 -0.090291 0 
296 -0.304028 -0.0544168 0 
297 -0.304012 -0.0185485 0 
298 -0.303976 0.0173305 0 
299 -0.303997 0.0532164 0 
300 -0.30399 0.0890833 0 
301 -0.303958 0.124944 0 
302 -0.303947 0.16082 0 
303 -0.303798 0.196735 0 
304 -0.303893 0.2327 0 
305 -0.303989 0.268565 0 
306 -0.304015 0.304421 0 
307 -0.304031 0.340285 0 
308 -0.304043 0.376155 0 
309 -0.304048 0.412021 0 
310 -0.30404 0.447914 0 
311 -0.304046 0.483753 0 
312 -0.300288 0.523888 0 
313 -0.299334 0.561972 0 
314 -0.299043 0.598525 0 
315 -0.298921 0.634611 0 
316 -0.298807 0.670563 0 
317 -0.29866 0.706525 0 
318 -0.298486 0.742487 0 
319 -0.29829 0.778391 0 
320 -0.298176 0.8142 0 
321 -0.298306 0.849737 0 
322 -0.298859 0.884874 0 
323 -0.299991 0.919429 0 
324 -0.301792 0.953189 0 
325 -0.304101 0.985995 0 
326 -0.26821 -0.987154 0 
327 -0.268851 -0.952136 0 
328 -0.269245 -0.91598 0 
329 -0.269454 -0.87955 0 
330 -0.269642 -0.843224 0 
331 -0.269901 -0.807106 0 
332 -0.270256 -0.771177 0 
333 -0.27065 -0.735389 0 
334 -0.270941 -0.69973 0 
335 -0.270979 -0.66407 0 
336 -0.270564 -0.62834 0 
337 -0.269576 -0.59251 0 
338 -0.267983 -0.556604 0 
339 -0.265993 -0.520707 0 
340 -0.264251 -0.484813 0 
341 -0.262785 -0.449129 0 
342 -0.261616 -0.413667 0 
343 -0.260937 -0.378484 0 
344 -0.261241 -0.343466 0 
345 -0.262863 -0.308954 0 
346 -0.266006 -0.275483 0 
347 -0.268424 -0.238445 0 
348 -0.26963 -0.199813 0 
349 -0.269921 -0.162778 0 
350 -0.269593 -0.126745 0 
351 -0.269349 -0.0907531 0 
352 -0.269176 -0.0548686 0 
353 -0.269104 -0.0190671 0 
354 -0.269055 0.0167726 0 
355 -0.269001 0.0526167 0 
356 -0.269041 0.0885584 0 
357 -0.269151 0.124662 0 
358 -0.269313 0.160922 0 
359 -0.269569 0.19744 0 
360 -0.269547 0.233963 0 
361 -0.269512 0.270209 0 
362 -0.269398 0.306207 0 
363 -0.269373 0.342176 0 
364 -0.269434 0.378259 0 
365 -0.269582 0.414656 0 
366 -0.269722 0.451842 0 
367 -0.269256 0.491155 0 
368 -0.266348 0.527722 0 
369 -0.264799 0.563467 0 
370 -0.263978 0.599236 0 
371 -0.263443 0.634931 0 
372 -0.263037 0.670712 0 
373 -0.262647 0.706547 0 
374 -0.262219 0.742447 0 
375 -0.261736 0.778393 0 
376 -0.261301 0.814248 0 
377 -0.261112 0.849859 0 
378 -0.261437 0.885008 0 
379 -0.262648 0.919484 0 
380 -0.264877 0.953181 0 
381 -0.268183 0.986031 0 
382 -0.232325 -0.987152 0 
383 -0.232455 -0.951717 0 
384 -0.232651 -0.915684 0 
385 -0.232865 -0.879449 0 
386 -0.233128 -0.843261 0 
387 -0.233481 -0.80727 0 
388 -0.233942 -0.771474 0 
389 -0.234475 -0.735863 0 
390 -0.235002 -0.700382 0 
391 -0.235306 -0.664948 0 
392 -0.23517 -0.629426 0 
393 -0.234302 -0.593737 0 
394 -0.232473 -0.557828 0 
395 -0.229699 -0.521905 0 
396 -0.227607 -0.485659 0 
397 -0.226238 -0.449835 0 
398 -0.22546 -0.414373 0 
399 -0.225477 -0.379278 0 
400 -0.226567 -0.344637 0 
401 -0.227827 -0.309632 0 
402 -0.230603 -0.27471 0 
403 -0.233027 -0.237913 0 
404 -0.234171 -0.200318 0 
405 -0.234519 -0.1637 0 
406 -0.234162 -0.127348 0 
407 -0.23413 -0.0912112 0 
408 -0.233945 -0.0553515 0 
409 -0.233829 -0.0195966 0 
410 -0.233755 0.0161649 0 
411 -0.233714 0.0520157 0 
412 -0.233786 0.0880594 0 
413 -0.233944 0.124414 0 
414 -0.234158 0.161099 0 
415 -0.234422 0.198098 0 
416 -0.234401 0.235036 0 
417 -0.234287 0.271539 0 
418 -0.234139 0.30765 0 
419 -0.234052 0.343645 0 
420 -0.234059 0.379755 0 
421 -0.234126 0.416199 0 
422 -0.234102 0.453177 0 
423 -0.233584 0.490762 0 
424 -0.232086 0.527524 0 
425 -0.23059 0.563462 0 
426 -0.229447 0.59903 0 
427 -0.228538 0.634526 0 
428 -0.227804 0.670124 0 
429 -0.227188 0.705884 0 
430 -0.226545 0.74178 0 
431 -0.225766 0.777783 0 
432 -0.224882 0.813809 0 
433 -0.224216 0.849633 0 
434 -0.224119 0.884895 0 
435 -0.225167 0.919387 0 
436 -0.227935 0.953176 0 
437 -0.232381 0.986071 0 
438 -0.196424 -0.987158 0 
439 -0.196178 -0.95141 0 
440 -0.196173 -0.915395 0 
441 -0.196295 -0.879306 0 
442 -0.196533 -0.843273 0 
443 -0.196911 -0.807429 0 
444 -0.197419 -0.771791 0 
445 -0.198097 -0.73639 0 
446 -0.198842 -0.701124 0 
447 -0.199529 -0.665906 0 
448 -0.199877 -0.630585 0 
449 -0.199452 -0.595012 0 
450 -0.197541 -0.559002 0 
451 -0.193584 -0.522966 0 
452 -0.191298 -0.48619 0 
453 -0.190212 -0.450174 0 
454 -0.189917 -0.4146 0 
455 -0.190475 -0.379374 0 
456 -0.192108 -0.344447 0 
457 -0.19299 -0.308384 0 
458 -0.19541 -0.273216 0 
459 -0.197403 -0.236837 0 
460 -0.198436 -0.200082 0 
461 -0.198888 -0.163668 0 
462 -0.199107 -0.127509 0 
463 -0.198622 -0.0914685 0 
464 -0.198386 -0.0557538 0 
465 -0.198218 -0.0200979 0 
466 -0.198118 0.0155603 0 
467 -0.198096 0.0513735 0 
468 -0.198201 0.0875054 0 
469 -0.198369 0.124113 0 
470 -0.198551 0.161217 0 
471 -0.198761 0.198711 0 
472 -0.198776 0.236012 0 
473 -0.198642 0.272659 0 
474 -0.198461 0.308786 0 
475 -0.198334 0.344725 0 
476 -0.198292 0.380744 0 
477 -0.198277 0.417007 0 
478 -0.198187 0.453573 0 
479 -0.197813 0.490283 0 
480 -0.196985 0.526698 0 
481 -0.195931 0.56259 0 
482 -0.19486 0.598024 0 
483 -0.193844 0.633309 0 
484 -0.192921 0.668746 0 
485 -0.192296 0.70437 0 
486 -0.191662 0.740241 0 
487 -0.19063 0.77632 0 
488 -0.189314 0.812623 0 
489 -0.188142 0.848835 0 
490 -0.187693 0.884434 0 
491 -0.187793 0.918822 0 
492 -0.190657 0.952802 0 
493 -0.196458 0.986184 0 
494 -0.160565 -0.987165 0 
495 -0.160016 -0.951194 0 
496 -0.159772 -0.91517 0 
497 -0.159735 -0.879162 0 
498 -0.159872 -0.843287 0 
499 -0.160192 -0.807584 0 
500 -0.160695 -0.772139 0 
501 -0.161423 -0.736947 0 
502 -0.162354 -0.701932 0 
503 -0.163432 -0.666952 0 
504 -0.164383 -0.631755 0 
505 -0.164749 -0.596192 0 
506 -0.163183 -0.55981 0 
507 -0.157643 -0.523185 0 
508 -0.155576 -0.486162 0 
509 -0.154972 -0.450106 0 
510 -0.155072 -0.41434 0 
511 -0.155802 -0.37877 0 
512 -0.157259 -0.343257 0 
513 -0.158116 -0.307694 0 
514 -0.160197 -0.271958 0 
515 -0.161735 -0.235873 0 
516 -0.162583 -0.199632 0 
517 -0.162955 -0.163514 0 
518 -0.163055 -0.127541 0 
519 -0.162893 -0.09171 0 
520 -0.162535 -0.0561131 0 
521 -0.162315 -0.0205542 0 
522 -0.162187 0.0149925 0 
523 -0.162175 0.0506803 0 
524 -0.162289 0.0868236 0 
525 -0.162483 0.123661 0 
526 -0.162578 0.161185 0 
527 -0.162775 0.19925 0 
528 -0.16289 0.237084 0 
529 -0.162756 0.273696 0 
530 -0.162533 0.309736 0 
531 -0.162399 0.345538 0 
532 -0.162333 0.381398 0 
533 -0.162292 0.417444 0 
534 -0.162209 0.453645 0 
535 -0.161968 0.489896 0 
536 -0.161491 0.525982 0 
537 -0.160825 0.561634 0 
538 -0.16006 0.59678 0 
539 -0.159136 0.631559 0 
540 -0.1582 0.666582 0 
541 -0.157915 0.701991 0 
542 -0.157635 0.737856 0 
543 -0.156642 0.773827 0 
544 -0.155077 0.810275 0 
545 -0.153673 0.847074 0 
546 -0.153572 0.883116 0 
547 -0.153903 0.918176 0 
548 -0.153638 0.950939 0 
549 -0.160536 0.986502 0 
550 -0.124684 -0.987169 0 
551 -0.123882 -0.95103 0 
552 -0.123412 -0.914998 0 
553 -0.123165 -0.879068 0 
554 -0.123133 -0.843312 0 
555 -0.123307 -0.80775 0 
556 -0.123724 -0.772472 0 
557 -0.124391 -0.737503 0 
558 -0.125341 -0.702804 0 
559 -0.126644 -0.668184 0 
560 -0.12822 -0.633115 0 
561 -0.129057 -0.596844 0 
562 -0.129162 -0.560086 0 
563 -0.122571 -0.521679 0 
564 -0.121183 -0.485717 0 
565 -0.121021 -0.449654 0 
566 -0.121285 -0.413706 0 
567 -0.121913 -0.377807 0 
568 -0.123282 -0.342016 0 
569 -0.123341 -0.306066 0 
570 -0.125009 -0.270809 0 
571 -0.12611 -0.235108 0 
572 -0.126693 -0.199241 0 
573 -0.126935 -0.16336 0 
574 -0.126944 -0.127556 0 
575 -0.126783 -0.0918909 0 
576 -0.126559 -0.0563641 0 
577 -0.126162 -0.0209237 0 
578 -0.126 0.0144511 0 
579 -0.12592 0.0499391 0 
580 -0.12608 0.0859562 0 
581 -0.126365 0.123015 0 
582 -0.126277 0.160956 0 
583 -0.126504 0.199713 0 
584 -0.126945 0.238358 0 
585 -0.126793 0.274669 0 
586 -0.126451 0.310494 0 
587 -0.126355 0.346133 0 
588 -0.126307 0.381848 0 
589 -0.126272 0.417697 0 
590 -0.126192 0.453679 0 
591 -0.126028 0.489667 0 
592 -0.125747 0.525509 0 
593 -0.125398 0.560994 0 
594 -0.125002 0.595975 0 
595 -0.124635 0.630244 0 
596 -0.124595 0.66316 0 
597 -0.124634 0.698875 0 
598 -0.124707 0.734817 0 
599 -0.12463 0.770782 0 
600 -0.124571 0.806634 0 
601 -0.124475 0.842517 0 
602 -0.12449 0.878239 0 
603 -0.124293 0.914288 0 
604 -0.124374 0.949345 0 
605 -0.125966 0.985051 0 
606 -0.088826 -0.987143 0 
607 -0.0878056 -0.950929 0 
608 -0.0870664 -0.914911 0 
609 -0.086566 -0.879044 0 
610 -0.0862899 -0.843362 0 
611 -0.086267 -0.807892 0 
612 -0.0864964 -0.77278 0 
613 -0.0869609 -0.737988 0 
614 -0.0876919 -0.703639 0 
615 -0.0887507 -0.66966 0 
616 -0.0903596 -0.635358 0 
617 -0.0926705 -0.598494 0 
618 -0.0890725 -0.556818 0 
619 -0.0897264 -0.520472 0 
620 -0.088615 -0.484758 0 
621 -0.0887503 -0.448898 0 
622 -0.0888044 -0.41305 0 
623 -0.0888021 -0.377186 0 
624 -0.0887763 -0.341273 0 
625 -0.0888008 -0.305542 0 
626 -0.0898832 -0.270342 0 
627 -0.0904501 -0.234761 0 
628 -0.0907785 -0.199007 0 
629 -0.0908836 -0.163239 0 
630 -0.0908052 -0.127535 0 
631 -0.0905946 -0.0919508 0 
632 -0.0903088 -0.0564953 0 
633 -0.0900756 -0.0211476 0 
634 -0.0896708 0.0140508 0 
635 -0.089354 0.0491783 0 
636 -0.0894612 0.0848236 0 
637 -0.0901455 0.122268 0 
638 -0.0896829 0.160483 0 
639 -0.0898786 0.199904 0 
640 -0.0911488 0.239812 0 
641 -0.0908132 0.275373 0 
642 -0.0901634 0.310877 0 
643 -0.0903037 0.346404 0 
644 -0.0903902 0.382035 0 
645 -0.0903099 0.417812 0 
646 -0.090172 0.453679 0 
647 -0.0899931 0.489542 0 
648 -0.0897626 0.52524 0 
649 -0.0895189 0.560703 0 
650 -0.0892584 0.595656 0 
651 -0.0890045 0.629892 0 
652 -0.0888745 0.663034 0 
653 -0.0529435 -0.987138 0 
654 -0.0517365 -0.95093 0 
655 -0.0506826 -0.91492 0 
656 -0.0498731 -0.879082 0 
657 -0.0493429 -0.843435 0 
658 -0.0490802 -0.80805 0 
659 -0.0490747 -0.77296 0 
660 -0.0492482 -0.738285 0 
661 -0.0495428 -0.704196 0 
662 -0.0498277 -0.670842 0 
663 -0.0499017 -0.638099 0 
664 -0.0500983 -0.603573 0 
665 -0.0530133 -0.556867 0 
666 -0.05295 -0.305387 0 
667 -0.0542738 -0.270384 0 
668 -0.0546383 -0.234698 0 
669 -0.0548286 -0.198917 0 
670 -0.0548273 -0.163189 0 
671 -0.0546551 -0.127545 0 
672 -0.0543776 -0.0919634 0 
673 -0.054038 -0.0565012 0 
674 -0.0536628 -0.0211609 0 
675 -0.0532543 0.0140074 0 
676 -0.0527671 0.0487754 0 
677 -0.0516871 0.0833868 0 
678 -0.0539823 0.122035 0 
679 -0.0530931 0.159984 0 
680 -0.0529447 0.199139 0 
681 -0.0553903 0.240027 0 
682 -0.0543884 0.274791 0 
683 -0.0533394 0.310091 0 
684 -0.0544888 0.346004 0 
685 -0.0546614 0.381848 0 
686 -0.0544485 0.417718 0 
687 -0.0541503 0.453603 0 
688 -0.0538537 0.489446 0 
689 -0.0535855 0.525134 0 
690 -0.0532982 0.560551 0 
691 -0.0530627 0.595555 0 
692 -0.0529081 0.62982 0 
693 -0.0529869 0.662977 0 
694 -0.0170515 -0.987151 0 
695 -0.0155642 -0.951023 0 
696 -0.0141847 -0.915015 0 
697 -0.0130777 -0.879182 0 
698 -0.0122875 -0.843531 0 
699 -0.0117803 -0.80814 0 
700 -0.0115243 -0.773032 0 
701 -0.011449 -0.738284 0 
702 -0.0114604 -0.703913 0 
703 -0.0115074 -0.669837 0 
704 -0.0116329 -0.635415 0 
705 -0.0121206 -0.598391 0 
706 -0.016786 -0.5569 0 
707 -0.0170337 -0.305507 0 
708 -0.018368 -0.270206 0 
709 -0.0188545 -0.234567 0 
710 -0.0189404 -0.198894 0 
711 -0.018829 -0.163193 0 
712 -0.0185628 -0.127551 0 
713 -0.0182257 -0.0919391 0 
714 -0.0178071 -0.0564044 0 
715 -0.0173836 -0.0208606 0 
716 -0.0170141 0.014806 0 
717 -0.016879 0.050928 0 
718 -0.0169993 0.0889866 0 
719 -0.0172499 0.124725 0 
720 -0.0172564 0.160765 0 
721 -0.0174645 0.196721 0 
722 -0.0173557 0.232773 0 
723 -0.0171681 0.268862 0 
724 -0.016967 0.304226 0 
725 -0.0199123 0.344407 0 
726 -0.0193341 0.381176 0 
727 -0.0186041 0.417396 0 
728 -0.0180655 0.45342 0 
729 -0.0176045 0.489288 0 
730 -0.0172196 0.525016 0 
731 -0.0168687 0.560543 0 
732 -0.0165956 0.595648 0 
733 -0.0164856 0.630063 0 
734 -0.0169968 0.662864 0 
735 0.0188451 -0.987155 0 
736 0.0207506 -0.951128 0 
737 0.0224703 -0.915162 0 
738 0.0238691 -0.87933 0 
739 0.024896 -0.843646 0 
740 0.025585 -0.8082 0 
741 0.0259939 -0.772993 0 
742 0.0262221 -0.738096 0 
743 0.0263472 -0.703385 0 
744 0.0263885 -0.668669 0 
745 0.0262487 -0.633348 0 
746 0.0253232 -0.596202 0 
747 0.0188276 -0.556552 0 
748 0.0188734 -0.520647 0 
749 0.0190646 -0.484953 0 
750 0.0188634 -0.448825 0 
751 0.0187205 -0.413119 0 
752 0.0187732 -0.37726 0 
753 0.0187847 -0.341344 0 
754 0.0187037 -0.305576 0 
755 0.0164509 -0.270435 0 
756 0.0165484 -0.234729 0 
757 0.0168125 -0.199008 0 
758 0.0171255 -0.163329 0 
759 0.0174786 -0.127642 0 
760 0.0178597 -0.091985 0 
761 0.0183279 -0.0563361 0 
762 0.0188529 -0.0206385 0 
763 0.0194257 0.0153283 0 
764 0.0198989 0.0517397 0 
765 0.0188556 0.0889362 0 
766 0.0188123 0.304759 0 
767 0.0152614 0.34392 0 
768 0.0166615 0.380649 0 
769 0.0176901 0.417048 0 
770 0.0183136 0.453165 0 
771 0.0187878 0.489075 0 
772 0.0191907 0.524828 0 
773 0.0195935 0.560368 0 
774 0.0199932 0.595568 0 
775 0.0201216 0.630091 0 
776 0.0189255 0.663016 0 
777 0.0547232 -0.987149 0 
778 0.0571578 -0.951277 0 
779 0.0592802 -0.915391 0 
780 0.0609457 -0.879527 0 
781 0.0621512 -0.843791 0 
782 0.0629432 -0.808244 0 
783 0.0634126 -0.772951 0 
784 0.0636386 -0.737853 0 
785 0.0636844 -0.702901 0 
786 0.0635555 -0.667913 0 
787 0.0631061 -0.632589 0 
788 0.0619044 -0.596715 0 
789 0.0593147 -0.561147 0 
790 0.0587191 -0.525942 0 
791 0.0554934 -0.487 0 
792 0.0546115 -0.450882 0 
793 0.0542376 -0.415178 0 
794 0.0540758 -0.379277 0 
795 0.0533715 -0.343573 0 
796 0.0520209 -0.308291 0 
797 0.0515765 -0.271567 0 
798 0.0522358 -0.235309 0 
799 0.0527371 -0.199326 0 
800 0.0531312 -0.1635 0 
801 0.0535057 -0.127788 0 
802 0.0538913 -0.0921137 0 
803 0.0543062 -0.0564747 0 
804 0.0547726 -0.0208143 0 
805 0.055262 0.0149617 0 
806 0.0555579 0.0512138 0 
807 0.0546001 0.0890548 0 
808 0.0550212 0.124689 0 
809 0.0548804 0.160734 0 
810 0.0552326 0.196673 0 
811 0.0550972 0.232756 0 
812 0.0549127 0.268772 0 
813 0.0546958 0.304428 0 
814 0.0568844 0.345271 0 
815 0.0552753 0.381495 0 
816 0.05486 0.41732 0 
817 0.0549417 0.453103 0 
818 0.0551867 0.488863 0 
819 0.0554885 0.524545 0 
820 0.0558059 0.560102 0 
821 0.0560448 0.59544 0 
822 0.0559922 0.630242 0 
823 0.0548263 0.663086 0 
824 0.0906484 -0.987183 0 
825 0.0937176 -0.951661 0 
826 0.0962549 -0.915763 0 
827 0.0981478 -0.879811 0 
828 0.0994298 -0.843963 0 
829 0.100215 -0.808303 0 
830 0.100619 -0.772873 0 
831 0.100689 -0.737626 0 
832 0.100533 -0.702476 0 
833 0.100072 -0.66732 0 
834 0.0992012 -0.631977 0 
835 0.0977601 -0.596516 0 
836 0.095771 -0.561047 0 
837 0.09426 -0.52525 0 
838 0.0921587 -0.487612 0 
839 0.0911726 -0.451274 0 
840 0.0906335 -0.415394 0 
841 0.0902307 -0.379579 0 
842 0.0896434 -0.343828 0 
843 0.0889429 -0.308036 0 
844 0.0886056 -0.271718 0 
845 0.0887569 -0.235515 0 
846 0.089013 -0.19951 0 
847 0.0892919 -0.163647 0 
848 0.0895824 -0.127917 0 
849 0.0898891 -0.0922379 0 
850 0.0902014 -0.056666 0 
851 0.090489 -0.0212007 0 
852 0.0907392 0.0141653 0 
853 0.0907388 0.0493753 0 
854 0.0902598 0.0842759 0 
855 0.0905109 0.119102 0 
856 0.0898566 0.156677 0 
857 0.0890113 0.1959 0 
858 0.0904971 0.234831 0 
859 0.0947803 0.272733 0 
860 0.0914342 0.307394 0 
861 0.0916006 0.345352 0 
862 0.0914846 0.381486 0 
863 0.0912394 0.417254 0 
864 0.0912315 0.452967 0 
865 0.0913579 0.488633 0 
866 0.0915584 0.524255 0 
867 0.0917782 0.559779 0 
868 0.0918988 0.595174 0 
869 0.0917148 0.630273 0 
870 0.0905866 0.663184 0 
871 0.126514 -0.987222 0 
872 0.130414 -0.952218 0 
873 0.133401 -0.916262 0 
874 0.135431 -0.880138 0 
875 0.136673 -0.844143 0 
876 0.137322 -0.808369 0 
877 0.137526 -0.772772 0 
878 0.13738 -0.737352 0 
879 0.13692 -0.702011 0 
880 0.136133 -0.666684 0 
881 0.134961 -0.631269 0 
882 0.133406 -0.59571 0 
883 0.131628 -0.559976 0 
884 0.130041 -0.523885 0 
885 0.128629 -0.487184 0 
886 0.127749 -0.450964 0 
887 0.127181 -0.415054 0 
888 0.126703 -0.379261 0 
889 0.126186 -0.343485 0 
890 0.125697 -0.307597 0 
891 0.125391 -0.271524 0 
892 0.125323 -0.23547 0 
893 0.125381 -0.199502 0 
894 0.125535 -0.163668 0 
895 0.125695 -0.127942 0 
896 0.125894 -0.0922955 0 
897 0.126093 -0.0567531 0 
898 0.126252 -0.0213151 0 
899 0.126334 0.0139665 0 
900 0.12633 0.049198 0 
901 0.125998 0.0843787 0 
902 0.125964 0.119927 0 
903 0.125498 0.156447 0 
904 0.124391 0.195844 0 
905 0.12579 0.234983 0 
906 0.128919 0.27257 0 
907 0.128037 0.308978 0 
908 0.127483 0.345486 0 
909 0.127327 0.381476 0 
910 0.127236 0.4172 0 
911 0.127242 0.452835 0 
912 0.12733 0.488469 0 
913 0.127448 0.524012 0 
914 0.127542 0.559439 0 
915 0.127592 0.594735 0 
916 0.127481 0.629828 0 
917 0.126454 0.66316 0 
918 0.162326 -0.987293 0 
919 0.16736 -0.952961 0 
920 0.170735 -0.916753 0 
921 0.172717 -0.880439 0 
922 0.173752 -0.844301 0 
923 0.174142 -0.808362 0 
924 0.174064 -0.77263 0 
925 0.173641 -0.737042 0 
926 0.172895 -0.701554 0 
927 0.171862 -0.666038 0 
928 0.170538 -0.630419 0 
929 0.169 -0.594704 0 
930 0.167432 -0.558802 0 
931 0.166054 -0.522694 0 
932 0.164951 -0.48643 0 
933 0.164177 -0.450376 0 
934 0.163619 -0.414518 0 
935 0.163139 -0.378731 0 
936 0.162682 -0.342948 0 
937 0.16224 -0.307113 0 
938 0.161937 -0.271213 0 
939 0.161778 -0.235254 0 
940 0.161717 -0.199381 0 
941 0.161764 -0.1636 0 
942 0.161839 -0.12787 0 
943 0.161941 -0.0922265 0 
944 0.162042 -0.0566641 0 
945 0.162084 -0.0211886 0 
946 0.162043 0.0141828 0 
947 0.161885 0.0495237 0 
948 0.161473 0.0849992 0 
949 0.161222 0.120991 0 
950 0.160919 0.157389 0 
951 0.16015 0.196193 0 
952 0.160946 0.235178 0 
953 0.163326 0.272541 0 
954 0.163583 0.309487 0 
955 0.163368 0.345792 0 
956 0.163235 0.381603 0 
957 0.163184 0.417261 0 
958 0.163167 0.452863 0 
959 0.163176 0.488411 0 
960 0.163212 0.523895 0 
961 0.163197 0.559211 0 
962 0.163093 0.594303 0 
963 0.162799 0.62905 0 
964 0.162281 0.663101 0 
965 0.198276 -0.987319 0 
966 0.204829 -0.953177 0 
967 0.20815 -0.916983 0 
968 0.209809 -0.880599 0 
969 0.21048 -0.844366 0 
970 0.210515 -0.808335 0 
971 0.210125 -0.77247 0 
972 0.209422 -0.736731 0 
973 0.208474 -0.701055 0 
974 0.207297 -0.665378 0 
975 0.205969 -0.629611 0 
976 0.204555 -0.593765 0 
977 0.203196 -0.557768 0 
978 0.202045 -0.521716 0 
979 0.201128 -0.48566 0 
980 0.200427 -0.44972 0 
981 0.199888 -0.413934 0 
982 0.199415 -0.37818 0 
983 0.198979 -0.342441 0 
984 0.198582 -0.306655 0 
985 0.19828 -0.270837 0 
986 0.198091 -0.234977 0 
987 0.198006 -0.19917 0 
988 0.197969 -0.163432 0 
989 0.197991 -0.127725 0 
990 0.19803 -0.0920523 0 
991 0.198056 -0.0564406 0 
992 0.198019 -0.0208799 0 
993 0.197869 0.014659 0 
994 0.197572 0.0501521 0 
995 0.197103 0.0858607 0 
996 0.196572 0.121879 0 
997 0.196461 0.158341 0 
998 0.196042 0.196717 0 
999 0.196063 0.235842 0 
1000 0.198209 0.273157 0 
1001 0.199058 0.310153 0 
1002 0.199194 0.34618 0 
1003 0.199166 0.381842 0 
1004 0.199112 0.417386 0 
1005 0.199057 0.452966 0 
1006 0.199012 0.488513 0 
1007 0.198956 0.523961 0 
1008 0.198847 0.559233 0 
1009 0.198702 0.594236 0 
1010 0.198469 0.628881 0 
1011 0.198192 0.663069 0 
1012 0.234001 -0.98733 0 
1013 0.241825 -0.953028 0 
1014 0.245096 -0.916952 0 
1015 0.246331 -0.880609 0 
1016 0.246568 -0.844349 0 
1017 0.246234 -0.808239 0 
1018 0.245565 -0.772291 0 
1019 0.244652 -0.7364 0 
1020 0.243598 -0.700607 0 
1021 0.242424 -0.664773 0 
1022 0.241186 -0.628883 0 
1023 0.239957 -0.592982 0 
1024 0.238825 -0.556975 0 
1025 0.237876 -0.520965 0 
1026 0.237098 -0.485007 0 
1027 0.23648 -0.449166 0 
1028 0.235955 -0.413398 0 
1029 0.23551 -0.377665 0 
1030 0.235091 -0.341954 0 
1031 0.234752 -0.306223 0 
1032 0.234482 -0.270463 0 
1033 0.234301 -0.234689 0 
1034 0.234204 -0.198952 0 
1035 0.234159 -0.163225 0 
1036 0.23415 -0.127515 0 
1037 0.234192 -0.0918449 0 
1038 0.234161 -0.0561329 0 
1039 0.234102 -0.0204792 0 
1040 0.233876 0.0151595 0 
1041 0.233426 0.0507431 0 
1042 0.232846 0.0862576 0 
1043 0.232073 0.122528 0 
1044 0.232418 0.159 0 
1045 0.232333 0.197133 0 
1046 0.231679 0.236728 0 
1047 0.233662 0.274939 0 
1048 0.234762 0.311153 0 
1049 0.235125 0.346634 0 
1050 0.235147 0.381992 0 
1051 0.235064 0.417516 0 
1052 0.234944 0.453149 0 
1053 0.234826 0.488736 0 
1054 0.234672 0.524249 0 
1055 0.234525 0.559554 0 
1056 0.234361 0.594568 0 
1057 0.234193 0.629136 0 
1058 0.234087 0.663089 0 
1059 0.270063 -0.987443 0 
1060 0.278528 -0.952794 0 
1061 0.281215 -0.916835 0 
1062 0.281881 -0.880577 0 
1063 0.28169 -0.844291 0 
1064 0.281061 -0.808123 0 
1065 0.280191 -0.772082 0 
1066 0.279209 -0.736133 0 
1067 0.278185 -0.700228 0 
1068 0.277115 -0.66431 0 
1069 0.276091 -0.628377 0 
1070 0.275098 -0.592433 0 
1071 0.274223 -0.556423 0 
1072 0.273472 -0.520437 0 
1073 0.272833 -0.484547 0 
1074 0.272293 -0.448735 0 
1075 0.271815 -0.412958 0 
1076 0.271393 -0.377261 0 
1077 0.271031 -0.341578 0 
1078 0.270746 -0.305885 0 
1079 0.270541 -0.270132 0 
1080 0.270413 -0.234399 0 
1081 0.270345 -0.1987 0 
1082 0.270324 -0.16299 0 
1083 0.270345 -0.127292 0 
1084 0.27038 -0.091583 0 
1085 0.270391 -0.0558296 0 
1086 0.270315 -0.0200463 0 
1087 0.270085 0.0157588 0 
1088 0.269636 0.0514496 0 
1089 0.269472 0.0866773 0 
1090 0.267971 0.123258 0 
1091 0.268911 0.159505 0 
1092 0.269044 0.197126 0 
1093 0.268703 0.236468 0 
1094 0.269379 0.277651 0 
1095 0.270692 0.312086 0 
1096 0.271148 0.34669 0 
1097 0.271122 0.381896 0 
1098 0.270986 0.417542 0 
1099 0.270813 0.453352 0 
1100 0.270611 0.489127 0 
1101 0.2704 0.524785 0 
1102 0.270192 0.560211 0 
1103 0.269984 0.595307 0 
1104 0.269856 0.629842 0 
1105 0.269986 0.663087 0 
1106 0.306304 -0.987856 0 
1107 0.314101 -0.952582 0 
1108 0.315896 -0.916882 0 
1109 0.315998 -0.880554 0 
1110 0.315504 -0.844195 0 
1111 0.314717 -0.807986 0 
1112 0.313833 -0.771906 0 
1113 0.31295 -0.735939 0 
1114 0.31211 -0.699987 0 
1115 0.311292 -0.664045 0 
1116 0.31055 -0.628123 0 
1117 0.309856 -0.592122 0 
1118 0.30926 -0.556146 0 
1119 0.30873 -0.520182 0 
1120 0.308247 -0.484292 0 
1121 0.307818 -0.448475 0 
1122 0.307423 -0.412726 0 
1123 0.30707 -0.376985 0 
1124 0.306764 -0.341337 0 
1125 0.306558 -0.305639 0 
1126 0.3065 -0.2699 0 
1127 0.306441 -0.234195 0 
1128 0.306443 -0.1985 0 
1129 0.306474 -0.162814 0 
1130 0.306555 -0.1271 0 
1131 0.306629 -0.0913425 0 
1132 0.306727 -0.0555236 0 
1133 0.306741 -0.0196098 0 
1134 0.306572 0.0164244 0 
1135 0.306011 0.052642 0 
1136 0.305806 0.0890661 0 
1137 0.305629 0.12485 0 
1138 0.305588 0.160825 0 
1139 0.305661 0.19669 0 
1140 0.305425 0.232581 0 
1141 0.305235 0.268831 0 
1142 0.306019 0.304544 0 
1143 0.30643 0.34395 0 
1144 0.306768 0.381039 0 
1145 0.306804 0.417455 0 
1146 0.30665 0.453646 0 
1147 0.306421 0.489667 0 
1148 0.306154 0.525513 0 
1149 0.305872 0.561126 0 
1150 0.305604 0.596369 0 
1151 0.305399 0.630902 0 
1152 0.305849 0.663138 0 
1153 0.340792 -0.987709 0 
1154 0.34733 -0.953245 0 
1155 0.348567 -0.917345 0 
1156 0.348133 -0.880365 0 
1157 0.34761 -0.843969 0 
1158 0.346964 -0.807812 0 
1159 0.346329 -0.771796 0 
1160 0.345752 -0.735842 0 
1161 0.345277 -0.699932 0 
1162 0.344816 -0.664002 0 
1163 0.344436 -0.628087 0 
1164 0.344096 -0.592119 0 
1165 0.343795 -0.556209 0 
1166 0.343517 -0.520249 0 
1167 0.343252 -0.484361 0 
1168 0.342985 -0.448484 0 
1169 0.342711 -0.412727 0 
1170 0.342497 -0.37695 0 
1171 0.34228 -0.341259 0 
1172 0.342205 -0.305624 0 
1173 0.342361 -0.269774 0 
1174 0.3424 -0.234011 0 
1175 0.342505 -0.198368 0 
1176 0.342618 -0.16269 0 
1177 0.342781 -0.126977 0 
1178 0.342952 -0.0912127 0 
1179 0.343152 -0.0553137 0 
1180 0.343362 -0.0192973 0 
1181 0.343513 0.016876 0 
1182 0.343237 0.0531242 0 
1183 0.34169 0.0890397 0 
1184 0.341726 0.304433 0 
1185 0.342365 0.343184 0 
1186 0.342711 0.380739 0 
1187 0.34276 0.417644 0 
1188 0.342606 0.454164 0 
1189 0.342342 0.49045 0 
1190 0.34203 0.526491 0 
1191 0.341696 0.562272 0 
1192 0.341424 0.597646 0 
1193 0.341363 0.632095 0 
1194 0.341695 0.663163 0 
1195 0.375848 -0.986122 0 
1196 0.377617 -0.950024 0 
1197 0.378008 -0.915667 0 
1198 0.377621 -0.879232 0 
1199 0.377621 -0.843477 0 
1200 0.377633 -0.807632 0 
1201 0.377589 -0.771787 0 
1202 0.377578 -0.735905 0 
1203 0.377591 -0.700054 0 
1204 0.377587 -0.664188 0 
1205 0.377579 -0.628322 0 
1206 0.37759 -0.592455 0 
1207 0.377579 -0.556588 0 
1208 0.377588 -0.520719 0 
1209 0.377579 -0.484849 0 
1210 0.37759 -0.448982 0 
1211 0.377578 -0.413112 0 
1212 0.377587 -0.377244 0 
1213 0.377567 -0.341378 0 
1214 0.377548 -0.30544 0 
1215 0.377613 -0.269651 0 
1216 0.378206 -0.233885 0 
1217 0.378535 -0.198316 0 
1218 0.378779 -0.162671 0 
1219 0.379007 -0.126964 0 
1220 0.379269 -0.0911849 0 
1221 0.379619 -0.0552687 0 
1222 0.380144 -0.0191839 0 
1223 0.381051 0.0171139 0 
1224 0.382334 0.0533115 0 
1225 0.377604 0.0889257 0 
1226 0.377593 0.304445 0 
1227 0.378586 0.343019 0 
1228 0.378933 0.381005 0 
1229 0.378928 0.418222 0 
1230 0.378746 0.454958 0 
1231 0.378433 0.491438 0 
1232 0.378078 0.52764 0 
1233 0.377726 0.563519 0 
1234 0.377408 0.598867 0 
1235 0.377168 0.632976 0 
1236 0.377557 0.663143 0 
1237 0.413506 -0.26954 0 
1238 0.414016 -0.23405 0 
1239 0.414581 -0.198402 0 
1240 0.414946 -0.162752 0 
1241 0.415225 -0.127037 0 
1242 0.415528 -0.0912874 0 
1243 0.415936 -0.0554285 0 
1244 0.416474 -0.0195058 0 
1245 0.417155 0.0165596 0 
1246 0.417621 0.0528271 0 
1247 0.413334 0.089274 0 
1248 0.413522 0.124677 0 
1249 0.413681 0.160707 0 
1250 0.413824 0.196764 0 
1251 0.413569 0.232689 0 
1252 0.413617 0.268725 0 
1253 0.41345 0.304514 0 
1254 0.415069 0.344481 0 
1255 0.415364 0.382184 0 
1256 0.415297 0.419248 0 
1257 0.415082 0.456008 0 
1258 0.414773 0.492574 0 
1259 0.414399 0.528845 0 
1260 0.414011 0.564738 0 
1261 0.413673 0.600008 0 
1262 0.413524 0.633867 0 
1263 0.413423 0.663162 0 
1264 0.449376 -0.269703 0 
1265 0.450675 -0.234714 0 
1266 0.450903 -0.198677 0 
1267 0.451167 -0.162892 0 
1268 0.451425 -0.127161 0 
1269 0.451715 -0.0914301 0 
1270 0.452074 -0.0557007 0 
1271 0.45248 -0.0200097 0 
1272 0.452799 0.0155521 0 
1273 0.452492 0.0507052 0 
1274 0.450542 0.0850587 0 
1275 0.450202 0.119877 0 
1276 0.450164 0.154759 0 
1277 0.447969 0.194826 0 
1278 0.448122 0.233637 0 
1279 0.449691 0.271813 0 
1280 0.449069 0.31162 0 
1281 0.450933 0.347322 0 
1282 0.451533 0.3837 0 
1283 0.451658 0.420354 0 
1284 0.451554 0.457056 0 
1285 0.451314 0.493648 0 
1286 0.450978 0.529982 0 
1287 0.450584 0.565818 0 
1288 0.450186 0.600799 0 
1289 0.449782 0.633982 0 
1290 0.449277 0.663151 0 
1291 0.485164 -0.269666 0 
1292 0.486577 -0.234381 0 
1293 0.487044 -0.1987 0 
1294 0.487334 -0.162949 0 
1295 0.487556 -0.127228 0 
1296 0.487828 -0.0915571 0 
1297 0.488103 -0.0559193 0 
1298 0.4884 -0.0203732 0 
1299 0.488542 0.0150006 0 
1300 0.488224 0.0499921 0 
1301 0.487249 0.0848092 0 
1302 0.486564 0.120134 0 
1303 0.485675 0.155756 0 
1304 0.484091 0.194846 0 
1305 0.483929 0.233658 0 
1306 0.485087 0.271869 0 
1307 0.485638 0.310149 0 
1308 0.486512 0.347314 0 
1309 0.487426 0.384051 0 
1310 0.487892 0.42087 0 
1311 0.488034 0.457733 0 
1312 0.487951 0.494444 0 
1313 0.487727 0.530874 0 
1314 0.487392 0.56669 0 
1315 0.486943 0.601451 0 
1316 0.48622 0.63428 0 
1317 0.485138 0.663161 0 
1318 0.521066 -0.269661 0 
1319 0.522579 -0.234392 0 
1320 0.523197 -0.198704 0 
1321 0.523458 -0.162965 0 
1322 0.523624 -0.127258 0 
1323 0.523799 -0.0915916 0 
1324 0.524036 -0.0560146 0 
1325 0.524254 -0.0204548 0 
1326 0.524349 0.0149595 0 
1327 0.524073 0.0502862 0 
1328 0.523348 0.0856852 0 
1329 0.522447 0.12154 0 
1330 0.521337 0.157856 0 
1331 0.52027 0.195728 0 
1332 0.520084 0.233628 0 
1333 0.520802 0.271211 0 
1334 0.521614 0.308827 0 
1335 0.522506 0.346193 0 
1336 0.523405 0.383395 0 
1337 0.524066 0.420614 0 
1338 0.524431 0.457755 0 
1339 0.524568 0.494776 0 
1340 0.524513 0.531403 0 
1341 0.524296 0.567265 0 
1342 0.523847 0.601849 0 
1343 0.522984 0.634199 0 
1344 0.521019 0.663169 0 
1345 0.556959 -0.269684 0 
1346 0.558802 -0.234379 0 
1347 0.559411 -0.198696 0 
1348 0.559553 -0.162933 0 
1349 0.559569 -0.127221 0 
1350 0.559663 -0.0915551 0 
1351 0.55984 -0.0559256 0 
1352 0.560042 -0.0203013 0 
1353 0.56012 0.0153184 0 
1354 0.5599 0.0509872 0 
1355 0.559288 0.086845 0 
1356 0.558354 0.12308 0 
1357 0.557276 0.15962 0 
1358 0.556461 0.196671 0 
1359 0.556282 0.233683 0 
1360 0.556769 0.270609 0 
1361 0.55757 0.307666 0 
1362 0.558483 0.344876 0 
1363 0.559378 0.382208 0 
1364 0.560129 0.419661 0 
1365 0.560643 0.457116 0 
1366 0.560952 0.494431 0 
1367 0.561106 0.531376 0 
1368 0.561075 0.567464 0 
1369 0.560656 0.602104 0 
1370 0.559427 0.634412 0 
1371 0.556852 0.663186 0 
1372 0.592786 -0.269686 0 
1373 0.595154 -0.234353 0 
1374 0.595652 -0.198634 0 
1375 0.595554 -0.162856 0 
1376 0.595377 -0.127124 0 
1377 0.595352 -0.0914488 0 
1378 0.595471 -0.0557415 0 
1379 0.595692 -0.0199846 0 
1380 0.595774 0.0158464 0 
1381 0.595647 0.0518509 0 
1382 0.595137 0.0880172 0 
1383 0.594294 0.124421 0 
1384 0.593343 0.160909 0 
1385 0.592646 0.197412 0 
1386 0.5925 0.233772 0 
1387 0.592856 0.270117 0 
1388 0.593524 0.306723 0 
1389 0.594384 0.343622 0 
1390 0.595215 0.38079 0 
1391 0.595961 0.41824 0 
1392 0.596524 0.455823 0 
1393 0.59694 0.493355 0 
1394 0.597233 0.530572 0 
1395 0.597412 0.567046 0 
1396 0.597263 0.601943 0 
1397 0.596066 0.634414 0 
1398 0.592724 0.663223 0 
1399 0.628889 -0.269788 0 
1400 0.631792 -0.234372 0 
1401 0.631953 -0.198664 0 
1402 0.631492 -0.162761 0 
1403 0.631009 -0.127003 0 
1404 0.630821 -0.0912919 0 
1405 0.630911 -0.0555166 0 
1406 0.631122 -0.0195858 0 
1407 0.631168 0.016431 0 
1408 0.631169 0.0526643 0 
1409 0.630818 0.0890364 0 
1410 0.630135 0.125401 0 
1411 0.629391 0.161716 0 
1412 0.628829 0.197845 0 
1413 0.628687 0.233756 0 
1414 0.628919 0.269703 0 
1415 0.629443 0.305889 0 
1416 0.630104 0.342399 0 
1417 0.630769 0.379259 0 
1418 0.631394 0.416459 0 
1419 0.631893 0.453919 0 
1420 0.63228 0.491422 0 
1421 0.632625 0.528692 0 
1422 0.6329 0.565452 0 
1423 0.632984 0.60119 0 
1424 0.632295 0.633833 0 
1425 0.628598 0.66333 0 
1426 0.664232 -0.269824 0 
1427 0.667996 -0.234646 0 
1428 0.668027 -0.198798 0 
1429 0.667124 -0.162549 0 
1430 0.666301 -0.126822 0 
1431 0.666001 -0.091028 0 
1432 0.666005 -0.0551969 0 
1433 0.666156 -0.0191234 0 
1434 0.66612 0.0169765 0 
1435 0.666227 0.0533185 0 
1436 0.666071 0.0896334 0 
1437 0.665661 0.125772 0 
1438 0.665239 0.161857 0 
1439 0.664898 0.197762 0 
1440 0.664775 0.233474 0 
1441 0.66494 0.269219 0 
1442 0.66516 0.305096 0 
1443 0.665558 0.34125 0 
1444 0.665893 0.377688 0 
1445 0.666268 0.414344 0 
1446 0.666556 0.451318 0 
1447 0.66676 0.488365 0 
1448 0.667107 0.525348 0 
1449 0.667231 0.561996 0 
1450 0.667453 0.597968 0 
1451 0.666925 0.633188 0 
1452 0.664069 0.663321 0 
1453 0.700083 -0.269317 0 
1454 0.700499 -0.233497 0 
1455 0.700625 -0.197967 0 
1456 0.700497 -0.161998 0 
1457 0.700455 -0.126176 0 
1458 0.700437 -0.0903042 0 
1459 0.70039 -0.0544585 0 
1460 0.700244 -0.0185338 0 
1461 0.700355 0.0173865 0 
1462 0.700249 0.0533004 0 
1463 0.700338 0.0892261 0 
1464 0.700429 0.125064 0 
1465 0.700425 0.160921 0 
1466 0.700454 0.19676 0 
1467 0.700433 0.232629 0 
1468 0.700456 0.268486 0 
1469 0.700435 0.304349 0 
1470 0.700454 0.340219 0 
1471 0.700441 0.376085 0 
1472 0.700451 0.411962 0 
1473 0.70046 0.447852 0 
1474 0.700487 0.483756 0 
1475 0.700562 0.519609 0 
1476 0.700627 0.55551 0 
1477 0.700701 0.591194 0 
1478 0.700773 0.626896 0 
1479 0.699664 0.662206 0 
