0 -0.698664 0.483729 0 
1 -0.698664 0.519603 0 
2 -0.698664 0.555477 0 
3 -0.698664 0.591352 0 
4 -0.698664 0.627226 0 
5 -0.698664 0.6631 0 
6 -0.698664 0.698974 0 
7 -0.698664 0.734848 0 
8 -0.698664 0.770722 0 
9 -0.698664 0.806596 0 
10 -0.698664 0.842471 0 
11 -0.698664 0.878345 0 
12 -0.698664 0.914219 0 
13 -0.698664 0.950093 0 
14 -0.698664 0.985967 0 
15 -0.66279 0.483729 0 
16 -0.597256 0.577818 0 
17 -0.575381 0.598523 0 
18 -0.579681 0.629913 0 
19 -0.598163 0.652687 0 
20 -0.619471 0.671948 0 
21 -0.638703 0.689606 0 
22 -0.651088 0.706669 0 
23 -0.657257 0.725333 0 
24 -0.65476 0.744233 0 
25 -0.641481 0.762834 0 
26 -0.628257 0.794837 0 
27 -0.614298 0.846261 0 
28 -0.594644 0.902117 0 
29 -0.66279 0.985967 0 
30 -0.626916 0.483729 0 
31 -0.585413 0.56208 0 
32 -0.565335 0.575876 0 
33 -0.561367 0.615651 0 
34 -0.563147 0.646123 0 
35 -0.578982 0.666348 0 
36 -0.592238 0.683349 0 
37 -0.598063 0.698467 0 
38 -0.598553 0.714376 0 
39 -0.59311 0.72938 0 
40 -0.578833 0.753179 0 
41 -0.552054 0.788721 0 
42 -0.527979 0.837592 0 
43 -0.544338 0.871405 0 
44 -0.626916 0.985967 0 
45 -0.591042 0.483729 0 
46 -0.571605 0.566251 0 
47 -0.552296 0.582772 0 
48 -0.544366 0.61165 0 
49 -0.542106 0.637278 0 
50 -0.545894 0.658261 0 
51 -0.55031 0.675448 0 
52 -0.552087 0.68786 0 
53 -0.547927 0.702116 0 
54 -0.538965 0.716392 0 
55 -0.524835 0.737403 0 
56 -0.522872 0.763445 0 
57 -0.50687 0.810905 0 
58 -0.504329 0.880379 0 
59 -0.591042 0.985967 0 
60 -0.555168 0.483729 0 
61 -0.550823 0.576403 0 
62 -0.53143 0.593229 0 
63 -0.520138 0.613846 0 
64 -0.515187 0.635347 0 
65 -0.514039 0.655494 0 
66 -0.513819 0.673436 0 
67 -0.511936 0.688323 0 
68 -0.506715 0.701902 0 
69 -0.50002 0.717723 0 
70 -0.493164 0.740372 0 
71 -0.491163 0.771225 0 
72 -0.481409 0.814358 0 
73 -0.487908 0.878031 0 
74 -0.555168 0.985967 0 
75 -0.519293 0.483729 0 
76 -0.508794 0.583568 0 
77 -0.496071 0.597328 0 
78 -0.488663 0.615442 0 
79 -0.484496 0.635449 0 
80 -0.48226 0.655596 0 
81 -0.480703 0.674887 0 
82 -0.478691 0.692876 0 
83 -0.47557 0.709828 0 
84 -0.471098 0.726815 0 
85 -0.468647 0.750705 0 
86 -0.467235 0.782277 0 
87 -0.465146 0.824578 0 
88 -0.477511 0.883604 0 
89 -0.519293 0.985967 0 
90 -0.483419 -0.987111 0 
91 -0.483419 -0.951237 0 
92 -0.483419 -0.915363 0 
93 -0.483419 -0.879489 0 
94 -0.483419 -0.843614 0 
95 -0.483419 -0.80774 0 
96 -0.483419 -0.771866 0 
97 -0.483419 -0.735992 0 
98 -0.483419 -0.700118 0 
99 -0.483419 -0.664244 0 
100 -0.483419 -0.62837 0 
101 -0.483419 -0.592495 0 
102 -0.483419 -0.556621 0 
103 -0.483419 -0.520747 0 
104 -0.483419 -0.484873 0 
105 -0.483419 -0.448999 0 
106 -0.483419 -0.413125 0 
107 -0.483419 -0.37725 0 
108 -0.483419 -0.341376 0 
109 -0.483419 -0.305502 0 
110 -0.483419 -0.269628 0 
111 -0.483419 0.483729 0 
112 -0.459311 0.581417 0 
113 -0.456498 0.596172 0 
114 -0.454147 0.614878 0 
115 -0.452149 0.63552 0 
116 -0.450469 0.65671 0 
117 -0.44903 0.677695 0 
118 -0.44767 0.698192 0 
119 -0.446356 0.718474 0 
120 -0.445381 0.739574 0 
121 -0.445722 0.763817 0 
122 -0.448211 0.794572 0 
123 -0.452924 0.833765 0 
124 -0.467169 0.886748 0 
125 -0.483419 0.985967 0 
126 -0.447545 -0.987111 0 
127 -0.368648 -0.884292 0 
128 -0.412626 -0.852799 0 
129 -0.437568 -0.831704 0 
130 -0.442276 -0.810221 0 
131 -0.434489 -0.780927 0 
132 -0.425174 -0.745121 0 
133 -0.421882 -0.703403 0 
134 -0.427968 -0.664432 0 
135 -0.433291 -0.626085 0 
136 -0.436403 -0.58802 0 
137 -0.438983 -0.556903 0 
138 -0.43459 -0.526905 0 
139 -0.423882 -0.495599 0 
140 -0.411784 -0.464683 0 
141 -0.395461 -0.430734 0 
142 -0.381643 -0.398198 0 
143 -0.375768 -0.376722 0 
144 -0.38136 -0.357661 0 
145 -0.391049 -0.333871 0 
146 -0.447545 -0.269628 0 
147 -0.447545 0.483729 0 
148 -0.41543 0.572131 0 
149 -0.419174 0.590712 0 
150 -0.420358 0.612241 0 
151 -0.420049 0.634982 0 
152 -0.419094 0.658008 0 
153 -0.418087 0.680812 0 
154 -0.417371 0.703274 0 
155 -0.417413 0.725685 0 
156 -0.418718 0.748828 0 
157 -0.422044 0.774053 0 
158 -0.428335 0.80329 0 
159 -0.438688 0.838531 0 
160 -0.455643 0.883613 0 
161 -0.447545 0.985967 0 
162 -0.411671 -0.987111 0 
163 -0.324636 -0.881479 0 
164 -0.366055 -0.840305 0 
165 -0.390856 -0.828009 0 
166 -0.399828 -0.806123 0 
167 -0.399332 -0.777871 0 
168 -0.396196 -0.744843 0 
169 -0.39496 -0.708415 0 
170 -0.39709 -0.671943 0 
171 -0.399492 -0.635366 0 
172 -0.400275 -0.599424 0 
173 -0.398983 -0.565526 0 
174 -0.394446 -0.532645 0 
175 -0.3868 -0.499418 0 
176 -0.377865 -0.465602 0 
177 -0.368573 -0.430775 0 
178 -0.361306 -0.394816 0 
179 -0.35536 -0.364892 0 
180 -0.354633 -0.337534 0 
181 -0.35673 -0.300785 0 
182 -0.411671 -0.269628 0 
183 -0.411671 0.483729 0 
184 -0.382104 0.557843 0 
185 -0.387186 0.582772 0 
186 -0.389127 0.608503 0 
187 -0.389138 0.634148 0 
188 -0.388296 0.659312 0 
189 -0.387379 0.683815 0 
190 -0.387059 0.707814 0 
191 -0.387871 0.731485 0 
192 -0.390597 0.755477 0 
193 -0.396082 0.780677 0 
194 -0.405365 0.80825 0 
195 -0.419748 0.839411 0 
196 -0.441226 0.875617 0 
197 -0.411671 0.985967 0 
198 -0.375797 -0.987111 0 
199 -0.294889 -0.894943 0 
200 -0.331445 -0.853839 0 
201 -0.352134 -0.829141 0 
202 -0.361757 -0.804557 0 
203 -0.364712 -0.776625 0 
204 -0.364965 -0.745551 0 
205 -0.365207 -0.712035 0 
206 -0.366275 -0.67741 0 
207 -0.367144 -0.642029 0 
208 -0.366689 -0.606498 0 
209 -0.364314 -0.571531 0 
210 -0.359781 -0.537116 0 
211 -0.353683 -0.502811 0 
212 -0.347419 -0.46823 0 
213 -0.342255 -0.43285 0 
214 -0.33932 -0.396359 0 
215 -0.337687 -0.359385 0 
216 -0.33538 -0.324921 0 
217 -0.344478 -0.281099 0 
218 -0.375797 -0.269628 0 
219 -0.375797 0.483729 0 
220 -0.356409 0.543601 0 
221 -0.359762 0.575121 0 
222 -0.360317 0.605161 0 
223 -0.359349 0.633612 0 
224 -0.357874 0.660712 0 
225 -0.356586 0.686709 0 
226 -0.356128 0.711758 0 
227 -0.357194 0.736128 0 
228 -0.360603 0.760264 0 
229 -0.367422 0.784891 0 
230 -0.378853 0.810909 0 
231 -0.396205 0.839042 0 
232 -0.421007 0.869112 0 
233 -0.375797 0.985967 0 
234 -0.339923 -0.987111 0 
235 -0.278295 -0.906718 0 
236 -0.302207 -0.861477 0 
237 -0.317795 -0.831155 0 
238 -0.326427 -0.80423 0 
239 -0.330679 -0.776468 0 
240 -0.332743 -0.746771 0 
241 -0.334064 -0.715112 0 
242 -0.335166 -0.681831 0 
243 -0.335694 -0.647118 0 
244 -0.334988 -0.611394 0 
245 -0.33252 -0.575444 0 
246 -0.32817 -0.539907 0 
247 -0.322656 -0.505155 0 
248 -0.317644 -0.47079 0 
249 -0.314511 -0.43611 0 
250 -0.31444 -0.400658 0 
251 -0.318906 -0.364224 0 
252 -0.31954 -0.325425 0 
253 -0.32347 -0.283441 0 
254 -0.339923 -0.269628 0 
255 -0.339923 0.483729 0 
256 -0.335354 0.532105 0 
257 -0.335484 0.570595 0 
258 -0.332896 0.603516 0 
259 -0.329974 0.633775 0 
260 -0.327336 0.662331 0 
261 -0.325303 0.68946 0 
262 -0.324303 0.715253 0 
263 -0.325012 0.739869 0 
264 -0.328356 0.763625 0 
265 -0.335649 0.787259 0 
266 -0.34841 0.811837 0 
267 -0.368038 0.838281 0 
268 -0.395436 0.867035 0 
269 -0.339923 0.985967 0 
270 -0.304049 -0.987111 0 
271 -0.262542 -0.901955 0 
272 -0.276092 -0.861745 0 
273 -0.285899 -0.831135 0 
274 -0.292759 -0.80396 0 
275 -0.297181 -0.776828 0 
276 -0.300104 -0.748387 0 
277 -0.30222 -0.718168 0 
278 -0.303825 -0.686006 0 
279 -0.304763 -0.651659 0 
280 -0.304605 -0.615312 0 
281 -0.302796 -0.577884 0 
282 -0.298776 -0.540886 0 
283 -0.292789 -0.505814 0 
284 -0.287552 -0.472179 0 
285 -0.284547 -0.438591 0 
286 -0.284374 -0.403532 0 
287 -0.287454 -0.364644 0 
288 -0.289056 -0.318433 0 
289 -0.301573 -0.277204 0 
290 -0.304049 -0.269628 0 
291 -0.304049 -0.233754 0 
292 -0.304049 -0.19788 0 
293 -0.304049 -0.162006 0 
294 -0.304049 -0.126131 0 
295 -0.304049 -0.0902573 0 
296 -0.304049 -0.0543832 0 
297 -0.304049 -0.018509 0 
298 -0.304049 0.0173652 0 
299 -0.304049 0.0532393 0 
300 -0.304049 0.0891134 0 
301 -0.304049 0.124988 0 
302 -0.304049 0.160862 0 
303 -0.304049 0.196736 0 
304 -0.304049 0.23261 0 
305 -0.304049 0.268484 0 
306 -0.304049 0.304358 0 
307 -0.304049 0.340232 0 
308 -0.304049 0.376107 0 
309 -0.304049 0.411981 0 
310 -0.304049 0.447855 0 
311 -0.304049 0.483729 0 
312 -0.31643 0.529752 0 
313 -0.31667 0.567489 0 
314 -0.30576 0.60196 0 
315 -0.300089 0.633738 0 
316 -0.296301 0.663652 0 
317 -0.293477 0.691932 0 
318 -0.291611 0.718464 0 
319 -0.291244 0.743078 0 
320 -0.293571 0.765925 0 
321 -0.300282 0.787811 0 
322 -0.313466 0.810555 0 
323 -0.334962 0.835694 0 
324 -0.366047 0.863542 0 
325 -0.304049 0.985967 0 
326 -0.268174 -0.987111 0 
327 -0.242913 -0.886028 0 
328 -0.248889 -0.855985 0 
329 -0.254862 -0.829048 0 
330 -0.25997 -0.803361 0 
331 -0.264024 -0.777434 0 
332 -0.267275 -0.750349 0 
333 -0.269991 -0.721535 0 
334 -0.272233 -0.690569 0 
335 -0.27401 -0.656674 0 
336 -0.275106 -0.6194 0 
337 -0.274921 -0.579492 0 
338 -0.27189 -0.539735 0 
339 -0.263907 -0.504344 0 
340 -0.257196 -0.472087 0 
341 -0.253187 -0.440361 0 
342 -0.251693 -0.407115 0 
343 -0.25222 -0.370687 0 
344 -0.253543 -0.329471 0 
345 -0.253748 -0.287124 0 
346 -0.251329 -0.257523 0 
347 -0.204793 -0.222574 0 
348 -0.190943 -0.187153 0 
349 -0.192526 -0.150571 0 
350 -0.195501 -0.115828 0 
351 -0.199752 -0.0805397 0 
352 -0.20303 -0.0481374 0 
353 -0.205275 -0.0186331 0 
354 -0.207731 0.0103221 0 
355 -0.211407 0.0402138 0 
356 -0.216251 0.0697369 0 
357 -0.221321 0.100367 0 
358 -0.224689 0.133496 0 
359 -0.223911 0.16866 0 
360 -0.217352 0.208394 0 
361 -0.211954 0.246997 0 
362 -0.209063 0.283005 0 
363 -0.20624 0.317649 0 
364 -0.204193 0.352946 0 
365 -0.204861 0.38996 0 
366 -0.211952 0.431049 0 
367 -0.240036 0.481545 0 
368 -0.300667 0.527216 0 
369 -0.280168 0.56418 0 
370 -0.272441 0.599183 0 
371 -0.267933 0.632443 0 
372 -0.264522 0.664161 0 
373 -0.261341 0.694002 0 
374 -0.258367 0.721667 0 
375 -0.256221 0.746556 0 
376 -0.25629 0.768018 0 
377 -0.260718 0.786589 0 
378 -0.272822 0.805891 0 
379 -0.295661 0.829955 0 
380 -0.330322 0.857944 0 
381 -0.268174 0.985967 0 
382 -0.2323 -0.987111 0 
383 -0.220548 -0.871599 0 
384 -0.221191 -0.849476 0 
385 -0.224049 -0.826296 0 
386 -0.22754 -0.80261 0 
387 -0.230997 -0.778202 0 
388 -0.234272 -0.752631 0 
389 -0.237352 -0.725482 0 
390 -0.240244 -0.696096 0 
391 -0.242917 -0.66331 0 
392 -0.245722 -0.625229 0 
393 -0.248631 -0.581325 0 
394 -0.249052 -0.535568 0 
395 -0.23587 -0.500411 0 
396 -0.226634 -0.470465 0 
397 -0.221417 -0.441281 0 
398 -0.218636 -0.410543 0 
399 -0.217065 -0.37699 0 
400 -0.215033 -0.340446 0 
401 -0.208565 -0.300178 0 
402 -0.198268 -0.261553 0 
403 -0.179002 -0.222155 0 
404 -0.173773 -0.182442 0 
405 -0.173953 -0.145939 0 
406 -0.175604 -0.111358 0 
407 -0.178273 -0.0778132 0 
408 -0.180611 -0.0461685 0 
409 -0.182748 -0.0159479 0 
410 -0.185086 0.0137726 0 
411 -0.187976 0.0437862 0 
412 -0.191542 0.0740282 0 
413 -0.19521 0.104982 0 
414 -0.197815 0.137264 0 
415 -0.198068 0.170884 0 
416 -0.19484 0.206624 0 
417 -0.191062 0.242943 0 
418 -0.187837 0.279243 0 
419 -0.185044 0.315429 0 
420 -0.183429 0.352065 0 
421 -0.184518 0.389907 0 
422 -0.190614 0.430094 0 
423 -0.205055 0.473557 0 
424 -0.226023 0.516709 0 
425 -0.233448 0.556283 0 
426 -0.234937 0.593328 0 
427 -0.234606 0.628991 0 
428 -0.232884 0.663285 0 
429 -0.229871 0.695444 0 
430 -0.225665 0.725338 0 
431 -0.220829 0.751801 0 
432 -0.217043 0.772552 0 
433 -0.216994 0.786006 0 
434 -0.224318 0.794335 0 
435 -0.247809 0.819624 0 
436 -0.287344 0.846028 0 
437 -0.2323 0.985967 0 
438 -0.196426 -0.987111 0 
439 -0.194697 -0.862681 0 
440 -0.192244 -0.844423 0 
441 -0.192926 -0.82387 0 
442 -0.195077 -0.802006 0 
443 -0.197881 -0.779129 0 
444 -0.200981 -0.755166 0 
445 -0.204264 -0.729926 0 
446 -0.207524 -0.702875 0 
447 -0.210703 -0.672756 0 
448 -0.21473 -0.63559 0 
449 -0.222219 -0.586018 0 
450 -0.233138 -0.527484 0 
451 -0.20783 -0.4942 0 
452 -0.195858 -0.467772 0 
453 -0.189863 -0.441494 0 
454 -0.186422 -0.413499 0 
455 -0.183995 -0.382482 0 
456 -0.181087 -0.348082 0 
457 -0.172694 -0.304939 0 
458 -0.164845 -0.261955 0 
459 -0.15629 -0.219034 0 
460 -0.153091 -0.179084 0 
461 -0.152788 -0.142482 0 
462 -0.153941 -0.108237 0 
463 -0.155189 -0.0755516 0 
464 -0.156817 -0.0443554 0 
465 -0.158563 -0.0139637 0 
466 -0.160499 0.016118 0 
467 -0.162783 0.0463886 0 
468 -0.165525 0.0769656 0 
469 -0.168376 0.107994 0 
470 -0.170737 0.139722 0 
471 -0.171925 0.17232 0 
472 -0.170959 0.206421 0 
473 -0.1686 0.241955 0 
474 -0.165622 0.278773 0 
475 -0.162649 0.316106 0 
476 -0.16069 0.353584 0 
477 -0.160968 0.391377 0 
478 -0.164737 0.429967 0 
479 -0.172761 0.469464 0 
480 -0.183713 0.508918 0 
481 -0.192898 0.547277 0 
482 -0.199481 0.584919 0 
483 -0.203051 0.622929 0 
484 -0.203225 0.661159 0 
485 -0.200868 0.695605 0 
486 -0.195593 0.729199 0 
487 -0.186678 0.761229 0 
488 -0.176179 0.783572 0 
489 -0.173177 0.794223 0 
490 -0.179595 0.800855 0 
491 -0.185183 0.809986 0 
492 -0.236807 0.841664 0 
493 -0.196426 0.985967 0 
494 -0.160552 -0.987111 0 
495 -0.165568 -0.85829 0 
496 -0.161799 -0.841254 0 
497 -0.161182 -0.82218 0 
498 -0.162318 -0.801686 0 
499 -0.164491 -0.780134 0 
500 -0.167316 -0.757738 0 
501 -0.170616 -0.73448 0 
502 -0.174068 -0.710246 0 
503 -0.177053 -0.684941 0 
504 -0.179354 -0.655821 0 
505 -0.189375 -0.598743 0 
506 -0.217284 -0.530224 0 
507 -0.179142 -0.489681 0 
508 -0.165498 -0.464756 0 
509 -0.158674 -0.441172 0 
510 -0.155112 -0.416416 0 
511 -0.152848 -0.388167 0 
512 -0.150904 -0.356942 0 
513 -0.140901 -0.30917 0 
514 -0.136609 -0.261166 0 
515 -0.13216 -0.216309 0 
516 -0.129843 -0.1761 0 
517 -0.129157 -0.139756 0 
518 -0.129531 -0.10602 0 
519 -0.130424 -0.0739479 0 
520 -0.131427 -0.0432268 0 
521 -0.132705 -0.0129388 0 
522 -0.134154 0.0172731 0 
523 -0.13591 0.0477594 0 
524 -0.138121 0.0786116 0 
525 -0.140591 0.109771 0 
526 -0.143098 0.141299 0 
527 -0.145644 0.173281 0 
528 -0.146869 0.207032 0 
529 -0.145603 0.242652 0 
530 -0.142629 0.280908 0 
531 -0.139019 0.319645 0 
532 -0.136132 0.357605 0 
533 -0.135181 0.394642 0 
534 -0.136937 0.431106 0 
535 -0.141653 0.467236 0 
536 -0.148888 0.502882 0 
537 -0.157674 0.537961 0 
538 -0.168383 0.574093 0 
539 -0.176116 0.612348 0 
540 -0.176589 0.660815 0 
541 -0.176193 0.69226 0 
542 -0.171534 0.729126 0 
543 -0.159695 0.781039 0 
544 -0.14395 0.81731 0 
545 -0.139002 0.833893 0 
546 -0.140623 0.848732 0 
547 -0.149984 0.853467 0 
548 -0.186877 0.86688 0 
549 -0.160552 0.985967 0 
550 -0.124678 -0.987111 0 
551 -0.133938 -0.855329 0 
552 -0.129985 -0.839379 0 
553 -0.12872 -0.821188 0 
554 -0.129124 -0.801566 0 
555 -0.130666 -0.781043 0 
556 -0.133134 -0.759973 0 
557 -0.136346 -0.738472 0 
558 -0.140019 -0.716649 0 
559 -0.143246 -0.69538 0 
560 -0.142113 -0.681299 0 
561 -0.131975 -0.63032 0 
562 -0.199134 -0.53648 0 
563 -0.155588 -0.49179 0 
564 -0.134922 -0.463134 0 
565 -0.126637 -0.442764 0 
566 -0.124574 -0.418592 0 
567 -0.125109 -0.387576 0 
568 -0.126216 -0.350096 0 
569 -0.117794 -0.304764 0 
570 -0.110282 -0.257405 0 
571 -0.107075 -0.211678 0 
572 -0.104797 -0.17224 0 
573 -0.103656 -0.137005 0 
574 -0.103441 -0.104292 0 
575 -0.103819 -0.0731288 0 
576 -0.104521 -0.0429163 0 
577 -0.105129 -0.0131052 0 
578 -0.105973 0.016938 0 
579 -0.107107 0.0476305 0 
580 -0.109129 0.0788695 0 
581 -0.111561 0.110362 0 
582 -0.114542 0.14217 0 
583 -0.11939 0.173779 0 
584 -0.123673 0.20807 0 
585 -0.122914 0.244336 0 
586 -0.11905 0.285736 0 
587 -0.113917 0.32658 0 
588 -0.109511 0.364624 0 
589 -0.107211 0.400017 0 
590 -0.107412 0.433801 0 
591 -0.110094 0.466489 0 
592 -0.115099 0.498037 0 
593 -0.122433 0.528022 0 
594 -0.132905 0.556084 0 
595 -0.148969 0.581921 0 
596 -0.124678 0.6631 0 
597 -0.124678 0.698974 0 
598 -0.124678 0.734848 0 
599 -0.124678 0.770722 0 
600 -0.124678 0.806596 0 
601 -0.124678 0.842471 0 
602 -0.124678 0.878345 0 
603 -0.124678 0.914219 0 
604 -0.124678 0.950093 0 
605 -0.124678 0.985967 0 
606 -0.0888038 -0.987111 0 
607 -0.100503 -0.854055 0 
608 -0.0971534 -0.838748 0 
609 -0.0956601 -0.820754 0 
610 -0.0954498 -0.801445 0 
611 -0.0963589 -0.781536 0 
612 -0.0982916 -0.761505 0 
613 -0.101263 -0.741375 0 
614 -0.10526 -0.721037 0 
615 -0.11009 -0.699815 0 
616 -0.115096 -0.675686 0 
617 -0.121801 -0.640536 0 
618 -0.0888038 -0.556621 0 
619 -0.0888038 -0.520747 0 
620 -0.0888038 -0.484873 0 
621 -0.0888038 -0.448999 0 
622 -0.0888038 -0.413125 0 
623 -0.0888038 -0.37725 0 
624 -0.0888038 -0.341376 0 
625 -0.0888038 -0.305502 0 
626 -0.0838498 -0.252089 0 
627 -0.081151 -0.203406 0 
628 -0.0782232 -0.16669 0 
629 -0.0764542 -0.133907 0 
630 -0.0757187 -0.102875 0 
631 -0.0756425 -0.0728949 0 
632 -0.0758723 -0.0436037 0 
633 -0.0761618 -0.0145313 0 
634 -0.0758599 0.0147774 0 
635 -0.0755626 0.0454129 0 
636 -0.0778849 0.0774109 0 
637 -0.0807741 0.10947 0 
638 -0.0843894 0.142321 0 
639 -0.0933844 0.173649 0 
640 -0.102626 0.209459 0 
641 -0.100942 0.246476 0 
642 -0.0944433 0.295013 0 
643 -0.0864026 0.33863 0 
644 -0.079997 0.375496 0 
645 -0.0765929 0.407694 0 
646 -0.0758601 0.437886 0 
647 -0.0772899 0.467053 0 
648 -0.0805915 0.495017 0 
649 -0.0860312 0.521159 0 
650 -0.0945738 0.544201 0 
651 -0.108976 0.562377 0 
652 -0.0888038 0.6631 0 
653 -0.0529296 -0.987111 0 
654 -0.065524 -0.856208 0 
655 -0.0637033 -0.839456 0 
656 -0.0621789 -0.82063 0 
657 -0.061394 -0.800987 0 
658 -0.0615286 -0.781282 0 
659 -0.0627376 -0.761902 0 
660 -0.0651208 -0.74302 0 
661 -0.0689288 -0.724409 0 
662 -0.0745171 -0.704838 0 
663 -0.0822157 -0.681269 0 
664 -0.0910766 -0.648213 0 
665 -0.0529296 -0.556621 0 
666 -0.0529296 -0.305502 0 
667 -0.0555351 -0.210687 0 
668 -0.0555305 -0.18571 0 
669 -0.0500088 -0.159501 0 
670 -0.0474473 -0.130952 0 
671 -0.0463073 -0.102006 0 
672 -0.045904 -0.0732793 0 
673 -0.0457636 -0.0450398 0 
674 -0.0453685 -0.0172525 0 
675 -0.0438416 0.0104578 0 
676 -0.0385726 0.0396022 0 
677 -0.0418239 0.0741122 0 
678 -0.0473234 0.106228 0 
679 -0.0511982 0.141454 0 
680 -0.0683336 0.172738 0 
681 -0.0845378 0.210463 0 
682 -0.0783419 0.247437 0 
683 -0.0648564 0.313008 0 
684 -0.0538957 0.359711 0 
685 -0.0455919 0.391391 0 
686 -0.042539 0.417035 0 
687 -0.0420451 0.442437 0 
688 -0.0429527 0.46815 0 
689 -0.0447862 0.493467 0 
690 -0.047371 0.517362 0 
691 -0.0512072 0.538709 0 
692 -0.0576562 0.556242 0 
693 -0.0529296 0.6631 0 
694 -0.0170555 -0.987111 0 
695 -0.0315135 -0.860866 0 
696 -0.030541 -0.840895 0 
697 -0.0287071 -0.820308 0 
698 -0.0271403 -0.799712 0 
699 -0.0262866 -0.779716 0 
700 -0.0264036 -0.760703 0 
701 -0.027704 -0.743023 0 
702 -0.0304906 -0.726873 0 
703 -0.0358047 -0.711332 0 
704 -0.0466874 -0.690813 0 
705 -0.0519212 -0.664074 0 
706 -0.0170555 -0.556621 0 
707 -0.0170555 -0.305502 0 
708 -0.0193006 -0.202723 0 
709 -0.0200714 -0.182356 0 
710 -0.0178413 -0.157362 0 
711 -0.0161861 -0.130119 0 
712 -0.0152493 -0.102162 0 
713 -0.0148221 -0.0741875 0 
714 -0.014537 -0.0467267 0 
715 -0.0141007 -0.0201409 0 
716 -0.0131046 0.00488172 0 
717 -0.0112538 0.0269183 0 
718 -0.0170555 0.0891134 0 
719 -0.0170555 0.124988 0 
720 -0.0170555 0.160862 0 
721 -0.0170555 0.196736 0 
722 -0.0170555 0.23261 0 
723 -0.0170555 0.268484 0 
724 -0.0170555 0.304358 0 
725 -0.0111834 0.388459 0 
726 -0.00379936 0.411601 0 
727 -0.00514715 0.424631 0 
728 -0.00665114 0.445117 0 
729 -0.0077165 0.468295 0 
730 -0.00816815 0.492107 0 
731 -0.00747198 0.515252 0 
732 -0.00458378 0.536603 0 
733 0.002355 0.5553 0 
734 -0.0170555 0.6631 0 
735 0.0188187 -0.987111 0 
736 -0.000416873 -0.865144 0 
737 0.0015421 -0.841955 0 
738 0.00440106 -0.81907 0 
739 0.00711141 -0.797001 0 
740 0.00918126 -0.77625 0 
741 0.0103671 -0.757183 0 
742 0.0105293 -0.740501 0 
743 0.00920879 -0.727855 0 
744 0.00473716 -0.719247 0 
745 -0.000295245 -0.706132 0 
746 0.00196756 -0.681188 0 
747 0.0188187 -0.556621 0 
748 0.0188187 -0.520747 0 
749 0.0188187 -0.484873 0 
750 0.0188187 -0.448999 0 
751 0.0188187 -0.413125 0 
752 0.0188187 -0.37725 0 
753 0.0188187 -0.341376 0 
754 0.0188187 -0.305502 0 
755 0.0139115 -0.21082 0 
756 0.0141844 -0.185405 0 
757 0.0155267 -0.158942 0 
758 0.0165229 -0.131416 0 
759 0.0170611 -0.103378 0 
760 0.0172937 -0.0753645 0 
761 0.0174221 -0.0477642 0 
762 0.0174827 -0.0209949 0 
763 0.0173161 0.00432202 0 
764 0.0163595 0.0270657 0 
765 0.0188187 0.0891134 0 
766 0.0188187 0.304358 0 
767 0.0447697 0.36947 0 
768 0.0384277 0.396875 0 
769 0.0312333 0.419481 0 
770 0.0279955 0.442558 0 
771 0.0268521 0.466139 0 
772 0.0273941 0.489882 0 
773 0.0303635 0.513187 0 
774 0.0375249 0.535495 0 
775 0.051842 0.556582 0 
776 0.0188187 0.6631 0 
777 0.0546928 -0.987111 0 
778 0.0282803 -0.868692 0 
779 0.0323693 -0.841993 0 
780 0.0368966 -0.816214 0 
781 0.0411086 -0.792207 0 
782 0.0446149 -0.770228 0 
783 0.0473666 -0.750389 0 
784 0.0495059 -0.73278 0 
785 0.0515238 -0.717739 0 
786 0.0542122 -0.704019 0 
787 0.0597121 -0.683761 0 
788 0.0775578 -0.64729 0 
789 0.0974334 -0.577867 0 
790 0.143011 -0.495852 0 
791 0.123478 -0.44319 0 
792 0.0926886 -0.413235 0 
793 0.072866 -0.385773 0 
794 0.0641218 -0.352312 0 
795 0.0581808 -0.315059 0 
796 0.0522228 -0.273621 0 
797 0.0463873 -0.219068 0 
798 0.0490373 -0.191851 0 
799 0.049766 -0.163224 0 
800 0.0499952 -0.134267 0 
801 0.0500881 -0.105364 0 
802 0.0501284 -0.0765938 0 
803 0.0501532 -0.0480107 0 
804 0.0501663 -0.0194089 0 
805 0.0500462 0.0100935 0 
806 0.0494339 0.0438135 0 
807 0.0546928 0.0891134 0 
808 0.0546928 0.124988 0 
809 0.0546928 0.160862 0 
810 0.0546928 0.196736 0 
811 0.0546928 0.23261 0 
812 0.0546928 0.268484 0 
813 0.0546928 0.304358 0 
814 0.0510577 0.364261 0 
815 0.0583163 0.39084 0 
816 0.0597412 0.415493 0 
817 0.0596487 0.439104 0 
818 0.0597447 0.462915 0 
819 0.0609628 0.486917 0 
820 0.0644356 0.510918 0 
821 0.0719615 0.534899 0 
822 0.0863052 0.559419 0 
823 0.0546928 0.6631 0 
824 0.090567 -0.987111 0 
825 0.055737 -0.872987 0 
826 0.0621215 -0.840522 0 
827 0.0687619 -0.811044 0 
828 0.0747088 -0.784723 0 
829 0.0797444 -0.761307 0 
830 0.0839742 -0.740361 0 
831 0.0876812 -0.721184 0 
832 0.0915533 -0.702667 0 
833 0.096437 -0.682563 0 
834 0.104116 -0.65626 0 
835 0.118144 -0.61756 0 
836 0.138721 -0.563152 0 
837 0.163443 -0.49895 0 
838 0.142618 -0.452514 0 
839 0.12037 -0.419144 0 
840 0.105574 -0.38829 0 
841 0.097088 -0.355008 0 
842 0.0921648 -0.318431 0 
843 0.0885666 -0.278476 0 
844 0.0853731 -0.235648 0 
845 0.0843927 -0.200894 0 
846 0.0838027 -0.168732 0 
847 0.0834315 -0.137838 0 
848 0.0832309 -0.107677 0 
849 0.083154 -0.0778257 0 
850 0.0831788 -0.0480555 0 
851 0.0832624 -0.0178565 0 
852 0.0833192 0.013717 0 
853 0.0827928 0.0481028 0 
854 0.0800784 0.0849882 0 
855 0.0887381 0.116937 0 
856 0.0868368 0.151663 0 
857 0.0918334 0.181769 0 
858 0.103558 0.211697 0 
859 0.124651 0.245649 0 
860 0.110165 0.295028 0 
861 0.0819465 0.378783 0 
862 0.0865238 0.391787 0 
863 0.0906355 0.411668 0 
864 0.0917801 0.434855 0 
865 0.0922865 0.45895 0 
866 0.0932582 0.483454 0 
867 0.0955079 0.508436 0 
868 0.0997719 0.534943 0 
869 0.105649 0.566294 0 
870 0.090567 0.6631 0 
871 0.126441 -0.987111 0 
872 0.0815906 -0.877236 0 
873 0.0907343 -0.836389 0 
874 0.100013 -0.802629 0 
875 0.10789 -0.773946 0 
876 0.11447 -0.749302 0 
877 0.119965 -0.727628 0 
878 0.12477 -0.707516 0 
879 0.129482 -0.687098 0 
880 0.134836 -0.663778 0 
881 0.141914 -0.634383 0 
882 0.151928 -0.596203 0 
883 0.164529 -0.549554 0 
884 0.178115 -0.501048 0 
885 0.160452 -0.458654 0 
886 0.145121 -0.422785 0 
887 0.134206 -0.389309 0 
888 0.127317 -0.355004 0 
889 0.123235 -0.318761 0 
890 0.120642 -0.280664 0 
891 0.1187 -0.242066 0 
892 0.117536 -0.20642 0 
893 0.116786 -0.172962 0 
894 0.116347 -0.140991 0 
895 0.116068 -0.109886 0 
896 0.115939 -0.0791899 0 
897 0.115879 -0.0485131 0 
898 0.115805 -0.0173212 0 
899 0.115618 0.0149886 0 
900 0.115178 0.0490821 0 
901 0.114388 0.0840719 0 
902 0.116489 0.116914 0 
903 0.117154 0.151106 0 
904 0.119505 0.182908 0 
905 0.127669 0.21483 0 
906 0.138927 0.251146 0 
907 0.136314 0.29383 0 
908 0.127402 0.343496 0 
909 0.124702 0.377184 0 
910 0.12497 0.403883 0 
911 0.125257 0.429368 0 
912 0.125384 0.454568 0 
913 0.125682 0.479656 0 
914 0.126314 0.505063 0 
915 0.12686 0.532009 0 
916 0.124573 0.56454 0 
917 0.126441 0.6631 0 
918 0.162315 -0.987111 0 
919 0.10679 -0.874049 0 
920 0.118047 -0.827334 0 
921 0.130843 -0.789876 0 
922 0.140745 -0.759224 0 
923 0.148901 -0.733955 0 
924 0.155487 -0.712628 0 
925 0.160863 -0.692991 0 
926 0.165629 -0.672698 0 
927 0.170149 -0.648785 0 
928 0.174987 -0.619138 0 
929 0.180404 -0.583048 0 
930 0.185527 -0.541856 0 
931 0.187736 -0.499665 0 
932 0.178368 -0.460174 0 
933 0.168596 -0.423714 0 
934 0.160912 -0.388658 0 
935 0.155777 -0.353377 0 
936 0.152758 -0.317259 0 
937 0.151044 -0.280524 0 
938 0.150019 -0.244128 0 
939 0.149377 -0.209162 0 
940 0.148955 -0.175743 0 
941 0.14872 -0.143496 0 
942 0.148553 -0.111955 0 
943 0.148404 -0.0808134 0 
944 0.148163 -0.0497126 0 
945 0.147676 -0.0182404 0 
946 0.14685 0.0140107 0 
947 0.14568 0.0473603 0 
948 0.144524 0.0814683 0 
949 0.145029 0.115087 0 
950 0.146255 0.1499 0 
951 0.147691 0.183578 0 
952 0.152115 0.217862 0 
953 0.15829 0.255864 0 
954 0.161001 0.294073 0 
955 0.160277 0.333347 0 
956 0.159721 0.367483 0 
957 0.159645 0.397237 0 
958 0.159489 0.424668 0 
959 0.159187 0.450833 0 
960 0.15887 0.476282 0 
961 0.158401 0.501357 0 
962 0.15687 0.526496 0 
963 0.150948 0.552009 0 
964 0.162315 0.6631 0 
965 0.198189 -0.987111 0 
966 0.130856 -0.868001 0 
967 0.145694 -0.816434 0 
968 0.162561 -0.775339 0 
969 0.173406 -0.74282 0 
970 0.18303 -0.717248 0 
971 0.190835 -0.696562 0 
972 0.196529 -0.678448 0 
973 0.200936 -0.660422 0 
974 0.203879 -0.637583 0 
975 0.206002 -0.608812 0 
976 0.207469 -0.574641 0 
977 0.207737 -0.536657 0 
978 0.205524 -0.49759 0 
979 0.199196 -0.459435 0 
980 0.192436 -0.422545 0 
981 0.186983 -0.386432 0 
982 0.183377 -0.350371 0 
983 0.181512 -0.314295 0 
984 0.180835 -0.278537 0 
985 0.180696 -0.243811 0 
986 0.180714 -0.210156 0 
987 0.180763 -0.177473 0 
988 0.180804 -0.145502 0 
989 0.180837 -0.114007 0 
990 0.180721 -0.0828088 0 
991 0.180309 -0.0517536 0 
992 0.179364 -0.0205779 0 
993 0.177717 0.011076 0 
994 0.175532 0.0434641 0 
995 0.173653 0.0770976 0 
996 0.173529 0.111579 0 
997 0.175377 0.147726 0 
998 0.176378 0.183448 0 
999 0.176906 0.220645 0 
1000 0.178872 0.261861 0 
1001 0.186427 0.296675 0 
1002 0.191285 0.33104 0 
1003 0.193692 0.363765 0 
1004 0.194537 0.39399 0 
1005 0.194427 0.422171 0 
1006 0.193846 0.448789 0 
1007 0.19311 0.474257 0 
1008 0.192295 0.49877 0 
1009 0.191166 0.522199 0 
1010 0.188712 0.543782 0 
1011 0.198189 0.6631 0 
1012 0.234064 -0.987111 0 
1013 0.157961 -0.857938 0 
1014 0.182202 -0.806853 0 
1015 0.198471 -0.761803 0 
1016 0.207145 -0.727942 0 
1017 0.218642 -0.704158 0 
1018 0.227771 -0.683983 0 
1019 0.233503 -0.666465 0 
1020 0.23668 -0.651792 0 
1021 0.237394 -0.630491 0 
1022 0.236612 -0.602331 0 
1023 0.234868 -0.569183 0 
1024 0.232081 -0.532755 0 
1025 0.22794 -0.495017 0 
1026 0.222444 -0.45724 0 
1027 0.217118 -0.419856 0 
1028 0.213005 -0.382764 0 
1029 0.21065 -0.345929 0 
1030 0.210042 -0.309663 0 
1031 0.210729 -0.274642 0 
1032 0.21158 -0.242027 0 
1033 0.212169 -0.210296 0 
1034 0.212538 -0.17882 0 
1035 0.212858 -0.147414 0 
1036 0.213127 -0.116159 0 
1037 0.213227 -0.0852131 0 
1038 0.21276 -0.0544586 0 
1039 0.211517 -0.0240122 0 
1040 0.209048 0.00640872 0 
1041 0.205377 0.0371773 0 
1042 0.202353 0.0695018 0 
1043 0.202009 0.105623 0 
1044 0.205548 0.144182 0 
1045 0.206511 0.181894 0 
1046 0.202493 0.223077 0 
1047 0.198184 0.270454 0 
1048 0.214133 0.301681 0 
1049 0.224853 0.33281 0 
1050 0.229719 0.364406 0 
1051 0.231042 0.394399 0 
1052 0.230574 0.422508 0 
1053 0.229422 0.449002 0 
1054 0.228155 0.474263 0 
1055 0.227355 0.498226 0 
1056 0.227613 0.520438 0 
1057 0.230061 0.53979 0 
1058 0.234064 0.6631 0 
1059 0.269938 -0.987111 0 
1060 0.19548 -0.858773 0 
1061 0.223411 -0.800316 0 
1062 0.239965 -0.747465 0 
1063 0.247163 -0.720447 0 
1064 0.260357 -0.699787 0 
1065 0.270298 -0.681946 0 
1066 0.2751 -0.664615 0 
1067 0.274358 -0.650453 0 
1068 0.271438 -0.628255 0 
1069 0.267555 -0.599107 0 
1070 0.263104 -0.565604 0 
1071 0.258218 -0.529398 0 
1072 0.252873 -0.491904 0 
1073 0.24738 -0.453973 0 
1074 0.242513 -0.415886 0 
1075 0.239077 -0.377752 0 
1076 0.237669 -0.339943 0 
1077 0.238577 -0.302952 0 
1078 0.241433 -0.267892 0 
1079 0.243407 -0.239496 0 
1080 0.244223 -0.210647 0 
1081 0.2445 -0.180584 0 
1082 0.244958 -0.149669 0 
1083 0.245589 -0.11858 0 
1084 0.246063 -0.0877769 0 
1085 0.245957 -0.0574872 0 
1086 0.244736 -0.027866 0 
1087 0.241741 0.0010589 0 
1088 0.236092 0.0287755 0 
1089 0.231614 0.0563277 0 
1090 0.230316 0.0963141 0 
1091 0.237513 0.13919 0 
1092 0.239321 0.177477 0 
1093 0.230421 0.224477 0 
1094 0.220172 0.279504 0 
1095 0.251057 0.309622 0 
1096 0.267553 0.337018 0 
1097 0.271409 0.369003 0 
1098 0.27067 0.398433 0 
1099 0.268365 0.425749 0 
1100 0.265812 0.451706 0 
1101 0.263574 0.476672 0 
1102 0.262295 0.500437 0 
1103 0.263299 0.522074 0 
1104 0.269652 0.539183 0 
1105 0.269938 0.6631 0 
1106 0.305812 -0.987111 0 
1107 0.247234 -0.870337 0 
1108 0.264177 -0.797929 0 
1109 0.272012 -0.752412 0 
1110 0.300239 -0.73518 0 
1111 0.312083 -0.717004 0 
1112 0.317844 -0.69716 0 
1113 0.318333 -0.676477 0 
1114 0.312452 -0.657343 0 
1115 0.305589 -0.630155 0 
1116 0.29871 -0.597843 0 
1117 0.292061 -0.562696 0 
1118 0.285684 -0.525852 0 
1119 0.279433 -0.488108 0 
1120 0.273515 -0.449744 0 
1121 0.268375 -0.410902 0 
1122 0.264926 -0.371689 0 
1123 0.263942 -0.332428 0 
1124 0.266633 -0.293533 0 
1125 0.274296 -0.254042 0 
1126 0.277486 -0.238324 0 
1127 0.277371 -0.213266 0 
1128 0.276445 -0.18404 0 
1129 0.276879 -0.152838 0 
1130 0.278111 -0.121298 0 
1131 0.27935 -0.0902808 0 
1132 0.280078 -0.0602112 0 
1133 0.279596 -0.0312182 0 
1134 0.277048 -0.00295487 0 
1135 0.270954 0.0267891 0 
1136 0.305812 0.0891134 0 
1137 0.305812 0.124988 0 
1138 0.305812 0.160862 0 
1139 0.305812 0.196736 0 
1140 0.305812 0.23261 0 
1141 0.305812 0.268484 0 
1142 0.305812 0.304358 0 
1143 0.318449 0.353196 0 
1144 0.322206 0.378817 0 
1145 0.313615 0.406293 0 
1146 0.307256 0.43162 0 
1147 0.302573 0.456579 0 
1148 0.298777 0.481424 0 
1149 0.296033 0.505942 0 
1150 0.295482 0.529464 0 
1151 0.299804 0.550807 0 
1152 0.305812 0.6631 0 
1153 0.341686 -0.987111 0 
1154 0.300556 -0.882554 0 
1155 0.308277 -0.813696 0 
1156 0.34164 -0.787706 0 
1157 0.357524 -0.769156 0 
1158 0.363428 -0.747525 0 
1159 0.363848 -0.724139 0 
1160 0.358851 -0.69743 0 
1161 0.349785 -0.66775 0 
1162 0.339006 -0.63303 0 
1163 0.329508 -0.595975 0 
1164 0.321499 -0.558921 0 
1165 0.314277 -0.521089 0 
1166 0.307477 -0.483315 0 
1167 0.300937 -0.444713 0 
1168 0.294614 -0.405476 0 
1169 0.289967 -0.365135 0 
1170 0.287829 -0.324878 0 
1171 0.290859 -0.287006 0 
1172 0.302976 -0.259686 0 
1173 0.316898 -0.249998 0 
1174 0.312097 -0.221912 0 
1175 0.306995 -0.190746 0 
1176 0.307859 -0.157168 0 
1177 0.310403 -0.124104 0 
1178 0.313037 -0.0923885 0 
1179 0.315101 -0.0622522 0 
1180 0.315973 -0.0340829 0 
1181 0.314502 -0.00802086 0 
1182 0.307937 0.0175741 0 
1183 0.341686 0.0891134 0 
1184 0.341686 0.304358 0 
1185 0.344927 0.367668 0 
1186 0.364066 0.396619 0 
1187 0.352627 0.416999 0 
1188 0.344909 0.43877 0 
1189 0.338806 0.462666 0 
1190 0.333435 0.487839 0 
1191 0.328702 0.514091 0 
1192 0.325206 0.541615 0 
1193 0.324186 0.571974 0 
1194 0.341686 0.6631 0 
1195 0.37756 -0.987111 0 
1196 0.37756 -0.951237 0 
1197 0.37756 -0.915363 0 
1198 0.37756 -0.879489 0 
1199 0.37756 -0.843614 0 
1200 0.37756 -0.80774 0 
1201 0.37756 -0.771866 0 
1202 0.37756 -0.735992 0 
1203 0.37756 -0.700118 0 
1204 0.37756 -0.664244 0 
1205 0.37756 -0.62837 0 
1206 0.37756 -0.592495 0 
1207 0.37756 -0.556621 0 
1208 0.37756 -0.520747 0 
1209 0.37756 -0.484873 0 
1210 0.37756 -0.448999 0 
1211 0.37756 -0.413125 0 
1212 0.37756 -0.37725 0 
1213 0.37756 -0.341376 0 
1214 0.37756 -0.305502 0 
1215 0.37756 -0.269628 0 
1216 0.346794 -0.233612 0 
1217 0.330761 -0.201501 0 
1218 0.336759 -0.161967 0 
1219 0.342226 -0.126221 0 
1220 0.346999 -0.0933082 0 
1221 0.351245 -0.0628209 0 
1222 0.354934 -0.0355094 0 
1223 0.358042 -0.0139702 0 
1224 0.357429 0.00604607 0 
1225 0.37756 0.0891134 0 
1226 0.37756 0.304358 0 
1227 0.370643 0.381643 0 
1228 0.385213 0.402355 0 
1229 0.385769 0.422505 0 
1230 0.380696 0.444256 0 
1231 0.374149 0.468301 0 
1232 0.367338 0.494528 0 
1233 0.360511 0.523114 0 
1234 0.35376 0.554952 0 
1235 0.347322 0.593019 0 
1236 0.37756 0.6631 0 
1237 0.413434 -0.269628 0 
1238 0.363504 -0.232803 0 
1239 0.352938 -0.208176 0 
1240 0.365346 -0.163952 0 
1241 0.374168 -0.126113 0 
1242 0.381213 -0.0921187 0 
1243 0.388257 -0.0602775 0 
1244 0.396694 -0.0300108 0 
1245 0.409759 -4.31863e-05 0 
1246 0.430398 0.0375607 0 
1247 0.413434 0.0891134 0 
1248 0.413434 0.124988 0 
1249 0.413434 0.160862 0 
1250 0.413434 0.196736 0 
1251 0.413434 0.23261 0 
1252 0.413434 0.268484 0 
1253 0.413434 0.304358 0 
1254 0.420418 0.398353 0 
1255 0.42715 0.409887 0 
1256 0.42409 0.425958 0 
1257 0.4172 0.44736 0 
1258 0.409061 0.472187 0 
1259 0.400501 0.499991 0 
1260 0.391503 0.531192 0 
1261 0.381574 0.567138 0 
1262 0.369974 0.611284 0 
1263 0.413434 0.6631 0 
1264 0.449308 -0.269628 0 
1265 0.394247 -0.224064 0 
1266 0.393957 -0.194329 0 
1267 0.399559 -0.158201 0 
1268 0.406988 -0.122783 0 
1269 0.41493 -0.0889053 0 
1270 0.423803 -0.0558548 0 
1271 0.434843 -0.0224765 0 
1272 0.450577 0.0136659 0 
1273 0.474954 0.0580321 0 
1274 0.50624 0.118883 0 
1275 0.487664 0.160156 0 
1276 0.453758 0.173535 0 
1277 0.454665 0.176875 0 
1278 0.480794 0.192906 0 
1279 0.506226 0.218938 0 
1280 0.522302 0.271996 0 
1281 0.516859 0.380003 0 
1282 0.487191 0.403078 0 
1283 0.467727 0.422863 0 
1284 0.454541 0.446377 0 
1285 0.443314 0.47295 0 
1286 0.4326 0.502793 0 
1287 0.421587 0.536721 0 
1288 0.408993 0.57625 0 
1289 0.392472 0.623845 0 
1290 0.449308 0.6631 0 
1291 0.485183 -0.269628 0 
1292 0.433824 -0.226827 0 
1293 0.427761 -0.187945 0 
1294 0.431052 -0.15234 0 
1295 0.438278 -0.118427 0 
1296 0.446952 -0.0850602 0 
1297 0.456619 -0.0513534 0 
1298 0.468008 -0.016181 0 
1299 0.482228 0.0224467 0 
1300 0.499859 0.0672778 0 
1301 0.518226 0.119847 0 
1302 0.504799 0.155137 0 
1303 0.484085 0.171286 0 
1304 0.484688 0.177659 0 
1305 0.498804 0.190658 0 
1306 0.521425 0.226082 0 
1307 0.538647 0.26953 0 
1308 0.544959 0.334309 0 
1309 0.534516 0.385039 0 
1310 0.507309 0.413061 0 
1311 0.48981 0.440779 0 
1312 0.475831 0.469747 0 
1313 0.463033 0.50161 0 
1314 0.450458 0.538156 0 
1315 0.436421 0.581335 0 
1316 0.417163 0.632792 0 
1317 0.485183 0.6631 0 
1318 0.521057 -0.269628 0 
1319 0.467053 -0.224545 0 
1320 0.452725 -0.180304 0 
1321 0.45788 -0.14566 0 
1322 0.467217 -0.11403 0 
1323 0.476936 -0.0816574 0 
1324 0.486765 -0.048041 0 
1325 0.497105 -0.0123236 0 
1326 0.508277 0.0263037 0 
1327 0.519526 0.0685463 0 
1328 0.527727 0.112608 0 
1329 0.522017 0.145463 0 
1330 0.510885 0.166946 0 
1331 0.511492 0.181747 0 
1332 0.521196 0.199342 0 
1333 0.535973 0.232616 0 
1334 0.550653 0.271135 0 
1335 0.556442 0.318795 0 
1336 0.550481 0.36384 0 
1337 0.536498 0.400193 0 
1338 0.520935 0.431697 0 
1339 0.505974 0.462581 0 
1340 0.491119 0.495408 0 
1341 0.477293 0.533681 0 
1342 0.463271 0.58051 0 
1343 0.445343 0.637276 0 
1344 0.521057 0.6631 0 
1345 0.556931 -0.269628 0 
1346 0.496116 -0.216117 0 
1347 0.475998 -0.170184 0 
1348 0.482723 -0.13892 0 
1349 0.494782 -0.110557 0 
1350 0.50578 -0.079677 0 
1351 0.51511 -0.0464938 0 
1352 0.523726 -0.0108309 0 
1353 0.531825 0.0274051 0 
1354 0.538547 0.0675709 0 
1355 0.541928 0.106821 0 
1356 0.539115 0.139337 0 
1357 0.534711 0.164604 0 
1358 0.536233 0.185755 0 
1359 0.543061 0.208625 0 
1360 0.552965 0.238528 0 
1361 0.562568 0.273348 0 
1362 0.567898 0.312406 0 
1363 0.56693 0.351694 0 
1364 0.560199 0.387984 0 
1365 0.549468 0.421103 0 
1366 0.535383 0.452458 0 
1367 0.516763 0.483574 0 
1368 0.500617 0.520701 0 
1369 0.488099 0.571093 0 
1370 0.471785 0.633166 0 
1371 0.556931 0.6631 0 
1372 0.592805 -0.269628 0 
1373 0.530539 -0.207521 0 
1374 0.507977 -0.162089 0 
1375 0.512971 -0.135886 0 
1376 0.524007 -0.109314 0 
1377 0.535055 -0.0800196 0 
1378 0.542588 -0.0473471 0 
1379 0.548865 -0.0113795 0 
1380 0.554276 0.0272421 0 
1381 0.557935 0.0673887 0 
1382 0.559349 0.105705 0 
1383 0.558312 0.138535 0 
1384 0.557345 0.165935 0 
1385 0.559652 0.190037 0 
1386 0.565101 0.21462 0 
1387 0.572405 0.242471 0 
1388 0.579742 0.273758 0 
1389 0.585188 0.307819 0 
1390 0.587212 0.342854 0 
1391 0.58525 0.377188 0 
1392 0.579075 0.40991 0 
1393 0.567978 0.441003 0 
1394 0.54978 0.470677 0 
1395 0.519519 0.497873 0 
1396 0.508979 0.549915 0 
1397 0.499502 0.61832 0 
1398 0.592805 0.6631 0 
1399 0.628679 -0.269628 0 
1400 0.57129 -0.194628 0 
1401 0.544568 -0.161008 0 
1402 0.54767 -0.137798 0 
1403 0.558188 -0.110999 0 
1404 0.566703 -0.0838152 0 
1405 0.569666 -0.0517156 0 
1406 0.572621 -0.0139385 0 
1407 0.5759 0.0266093 0 
1408 0.577056 0.0693568 0 
1409 0.577641 0.109399 0 
1410 0.578243 0.142846 0 
1411 0.579742 0.171107 0 
1412 0.583193 0.195541 0 
1413 0.58818 0.219414 0 
1414 0.594116 0.244648 0 
1415 0.600349 0.272279 0 
1416 0.606375 0.302322 0 
1417 0.610968 0.333802 0 
1418 0.613255 0.365777 0 
1419 0.612008 0.39728 0 
1420 0.605728 0.427878 0 
1421 0.592393 0.457477 0 
1422 0.569344 0.485908 0 
1423 0.533397 0.517891 0 
1424 0.533591 0.595197 0 
1425 0.628679 0.6631 0 
1426 0.664553 -0.269628 0 
1427 0.61655 -0.183626 0 
1428 0.587355 -0.151278 0 
1429 0.592942 -0.131656 0 
1430 0.603267 -0.114648 0 
1431 0.604367 -0.0932995 0 
1432 0.595755 -0.0626049 0 
1433 0.593912 -0.0183717 0 
1434 0.596755 0.0255595 0 
1435 0.594721 0.0749814 0 
1436 0.59544 0.11941 0 
1437 0.598793 0.153572 0 
1438 0.603261 0.181559 0 
1439 0.608931 0.203502 0 
1440 0.613838 0.224331 0 
1441 0.61885 0.244959 0 
1442 0.623393 0.268211 0 
1443 0.630453 0.29427 0 
1444 0.637384 0.322281 0 
1445 0.644605 0.35157 0 
1446 0.649278 0.381015 0 
1447 0.649643 0.410811 0 
1448 0.642489 0.439336 0 
1449 0.626616 0.470924 0 
1450 0.606804 0.508329 0 
1451 0.591154 0.568201 0 
1452 0.664553 0.6631 0 
1453 0.700427 -0.269628 0 
1454 0.700427 -0.233754 0 
1455 0.700427 -0.19788 0 
1456 0.700427 -0.162006 0 
1457 0.700427 -0.126131 0 
1458 0.700427 -0.0902573 0 
1459 0.700427 -0.0543832 0 
1460 0.700427 -0.018509 0 
1461 0.700427 0.0173652 0 
1462 0.700427 0.0532393 0 
1463 0.700427 0.0891134 0 
1464 0.700427 0.124988 0 
1465 0.700427 0.160862 0 
1466 0.700427 0.196736 0 
1467 0.700427 0.23261 0 
1468 0.700427 0.268484 0 
1469 0.700427 0.304358 0 
1470 0.700427 0.340232 0 
1471 0.700427 0.376107 0 
1472 0.700427 0.411981 0 
1473 0.700427 0.447855 0 
1474 0.700427 0.483729 0 
1475 0.700427 0.519603 0 
1476 0.700427 0.555477 0 
1477 0.700427 0.591352 0 
1478 0.700427 0.627226 0 
1479 0.700427 0.6631 0 
