0 -0.698664 0.483729 0 
1 -0.698664 0.519603 0 
2 -0.698664 0.555477 0 
3 -0.698664 0.591352 0 
4 -0.698664 0.627226 0 
5 -0.698664 0.6631 0 
6 -0.698664 0.698974 0 
7 -0.698664 0.734848 0 
8 -0.698664 0.770722 0 
9 -0.698664 0.806596 0 
10 -0.698664 0.842471 0 
11 -0.698664 0.878345 0 
12 -0.698664 0.914219 0 
13 -0.698664 0.950093 0 
14 -0.698664 0.985967 0 
15 -0.66279 0.483729 0 
16 -0.681685 0.519023 0 
17 -0.669368 0.576383 0 
18 -0.684835 0.597716 0 
19 -0.672462 0.619524 0 
20 -0.67757 0.668717 0 
21 -0.68639 0.701043 0 
22 -0.669563 0.733441 0 
23 -0.640437 0.789073 0 
24 -0.687434 0.79504 0 
25 -0.671043 0.833139 0 
26 -0.679212 0.847162 0 
27 -0.658076 0.921703 0 
28 -0.644687 0.948485 0 
29 -0.66279 0.985967 0 
30 -0.626916 0.483729 0 
31 -0.638532 0.527879 0 
32 -0.631469 0.564119 0 
33 -0.590055 0.596558 0 
34 -0.646573 0.629896 0 
35 -0.621553 0.699537 0 
36 -0.632787 0.711682 0 
37 -0.607694 0.755077 0 
38 -0.619252 0.768058 0 
39 -0.608575 0.846635 0 
40 -0.614415 0.877026 0 
41 -0.630539 0.892305 0 
42 -0.637382 0.908245 0 
43 -0.620621 0.973341 0 
44 -0.626916 0.985967 0 
45 -0.591042 0.483729 0 
46 -0.615416 0.503871 0 
47 -0.599424 0.567085 0 
48 -0.575514 0.589436 0 
49 -0.573474 0.634114 0 
50 -0.604086 0.653407 0 
51 -0.573218 0.747618 0 
52 -0.576284 0.764892 0 
53 -0.579101 0.784062 0 
54 -0.556844 0.829066 0 
55 -0.602353 0.875654 0 
56 -0.589136 0.894805 0 
57 -0.590056 0.912617 0 
58 -0.591908 0.927035 0 
59 -0.591042 0.985967 0 
60 -0.555168 0.483729 0 
61 -0.584946 0.508202 0 
62 -0.566119 0.561843 0 
63 -0.572826 0.580586 0 
64 -0.554872 0.599026 0 
65 -0.542601 0.674719 0 
66 -0.543437 0.702058 0 
67 -0.545937 0.750693 0 
68 -0.557248 0.768088 0 
69 -0.544977 0.82491 0 
70 -0.539383 0.862138 0 
71 -0.580023 0.89508 0 
72 -0.577827 0.912829 0 
73 -0.556378 0.932019 0 
74 -0.555168 0.985967 0 
75 -0.519293 0.483729 0 
76 -0.50051 0.526388 0 
77 -0.554543 0.550576 0 
78 -0.508339 0.58228 0 
79 -0.509189 0.597826 0 
80 -0.522821 0.670499 0 
81 -0.508228 0.684777 0 
82 -0.515138 0.801273 0 
83 -0.521566 0.817886 0 
84 -0.522165 0.845441 0 
85 -0.513808 0.868807 0 
86 -0.509494 0.894127 0 
87 -0.509668 0.916029 0 
88 -0.526116 0.937308 0 
89 -0.519293 0.985967 0 
90 -0.483419 -0.987111 0 
91 -0.483419 -0.951237 0 
92 -0.483419 -0.915363 0 
93 -0.483419 -0.879489 0 
94 -0.483419 -0.843614 0 
95 -0.483419 -0.80774 0 
96 -0.483419 -0.771866 0 
97 -0.483419 -0.735992 0 
98 -0.483419 -0.700118 0 
99 -0.483419 -0.664244 0 
100 -0.483419 -0.62837 0 
101 -0.483419 -0.592495 0 
102 -0.483419 -0.556621 0 
103 -0.483419 -0.520747 0 
104 -0.483419 -0.484873 0 
105 -0.483419 -0.448999 0 
106 -0.483419 -0.413125 0 
107 -0.483419 -0.37725 0 
108 -0.483419 -0.341376 0 
109 -0.483419 -0.305502 0 
110 -0.483419 -0.269628 0 
111 -0.483419 0.483729 0 
112 -0.49005 0.521569 0 
113 -0.484586 0.560121 0 
114 -0.485886 0.578718 0 
115 -0.486317 0.595843 0 
116 -0.471738 0.680872 0 
117 -0.488478 0.690911 0 
118 -0.470148 0.745714 0 
119 -0.483896 0.814154 0 
120 -0.509897 0.837265 0 
121 -0.476054 0.862985 0 
122 -0.49225 0.914914 0 
123 -0.490514 0.931388 0 
124 -0.476057 0.968829 0 
125 -0.483419 0.985967 0 
126 -0.447545 -0.987111 0 
127 -0.464536 -0.953434 0 
128 -0.418252 -0.89238 0 
129 -0.423567 -0.868575 0 
130 -0.450142 -0.834203 0 
131 -0.458015 -0.813698 0 
132 -0.474134 -0.78364 0 
133 -0.418902 -0.729277 0 
134 -0.422492 -0.685199 0 
135 -0.475228 -0.677904 0 
136 -0.459182 -0.640869 0 
137 -0.448805 -0.544072 0 
138 -0.454797 -0.519232 0 
139 -0.46086 -0.506844 0 
140 -0.451674 -0.454674 0 
141 -0.456911 -0.436142 0 
142 -0.442489 -0.412191 0 
143 -0.452533 -0.398178 0 
144 -0.440336 -0.310814 0 
145 -0.442831 -0.299916 0 
146 -0.447545 -0.269628 0 
147 -0.447545 0.483729 0 
148 -0.442533 0.497548 0 
149 -0.462376 0.564707 0 
150 -0.465324 0.577384 0 
151 -0.432087 0.629719 0 
152 -0.449571 0.639267 0 
153 -0.431516 0.709995 0 
154 -0.45017 0.720644 0 
155 -0.4519 0.77944 0 
156 -0.428846 0.833981 0 
157 -0.4589 0.85714 0 
158 -0.411683 0.889821 0 
159 -0.431975 0.936282 0 
160 -0.465034 0.970364 0 
161 -0.447545 0.985967 0 
162 -0.411671 -0.987111 0 
163 -0.444425 -0.955462 0 
164 -0.389681 -0.88837 0 
165 -0.405827 -0.832229 0 
166 -0.41833 -0.806958 0 
167 -0.414795 -0.782638 0 
168 -0.420802 -0.765877 0 
169 -0.389776 -0.726396 0 
170 -0.405021 -0.714568 0 
171 -0.402467 -0.647069 0 
172 -0.418734 -0.622028 0 
173 -0.425393 -0.545195 0 
174 -0.403685 -0.528093 0 
175 -0.418824 -0.480141 0 
176 -0.415388 -0.456277 0 
177 -0.440477 -0.441569 0 
178 -0.410817 -0.400367 0 
179 -0.406942 -0.327868 0 
180 -0.409827 -0.301223 0 
181 -0.402588 -0.29008 0 
182 -0.411671 -0.269628 0 
183 -0.411671 0.483729 0 
184 -0.383594 0.501428 0 
185 -0.385618 0.513513 0 
186 -0.402783 0.591065 0 
187 -0.427376 0.600847 0 
188 -0.403036 0.643559 0 
189 -0.409119 0.670982 0 
190 -0.389766 0.734899 0 
191 -0.400975 0.746889 0 
192 -0.424896 0.790146 0 
193 -0.389793 0.859384 0 
194 -0.390801 0.879027 0 
195 -0.413247 0.935738 0 
196 -0.396155 0.949868 0 
197 -0.411671 0.985967 0 
198 -0.375797 -0.987111 0 
199 -0.349001 -0.954769 0 
200 -0.359336 -0.893384 0 
201 -0.3641 -0.87629 0 
202 -0.374873 -0.828075 0 
203 -0.380459 -0.808532 0 
204 -0.380106 -0.759042 0 
205 -0.377511 -0.730397 0 
206 -0.373254 -0.661626 0 
207 -0.382477 -0.627051 0 
208 -0.399473 -0.631602 0 
209 -0.407618 -0.544538 0 
210 -0.394898 -0.534614 0 
211 -0.390044 -0.508867 0 
212 -0.36882 -0.420337 0 
213 -0.368732 -0.402662 0 
214 -0.374274 -0.385772 0 
215 -0.370552 -0.375353 0 
216 -0.362185 -0.351928 0 
217 -0.358292 -0.316763 0 
218 -0.375797 -0.269628 0 
219 -0.375797 0.483729 0 
220 -0.374286 0.495272 0 
221 -0.359021 0.524786 0 
222 -0.355594 0.605284 0 
223 -0.354606 0.641624 0 
224 -0.349225 0.668861 0 
225 -0.338454 0.725325 0 
226 -0.372251 0.726078 0 
227 -0.361955 0.792435 0 
228 -0.356627 0.830376 0 
229 -0.378018 0.83984 0 
230 -0.363354 0.875916 0 
231 -0.372614 0.895532 0 
232 -0.382858 0.950494 0 
233 -0.375797 0.985967 0 
234 -0.339923 -0.987111 0 
235 -0.305515 -0.941462 0 
236 -0.333884 -0.912782 0 
237 -0.3522 -0.847782 0 
238 -0.361546 -0.827373 0 
239 -0.370999 -0.799093 0 
240 -0.365837 -0.76605 0 
241 -0.319588 -0.693203 0 
242 -0.333307 -0.674379 0 
243 -0.365762 -0.641855 0 
244 -0.380231 -0.6129 0 
245 -0.381092 -0.584704 0 
246 -0.382222 -0.553953 0 
247 -0.331259 -0.474363 0 
248 -0.333061 -0.453478 0 
249 -0.351102 -0.402847 0 
250 -0.328157 -0.387652 0 
251 -0.331131 -0.37067 0 
252 -0.338104 -0.361312 0 
253 -0.338216 -0.283698 0 
254 -0.339923 -0.269628 0 
255 -0.339923 0.483729 0 
256 -0.325631 0.530127 0 
257 -0.319594 0.552694 0 
258 -0.326601 0.569627 0 
259 -0.33737 0.618636 0 
260 -0.32436 0.677253 0 
261 -0.316088 0.719899 0 
262 -0.31317 0.761754 0 
263 -0.337363 0.769406 0 
264 -0.344346 0.789275 0 
265 -0.311198 0.872918 0 
266 -0.305364 0.897644 0 
267 -0.340224 0.947752 0 
268 -0.347016 0.96862 0 
269 -0.339923 0.985967 0 
270 -0.304049 -0.987111 0 
271 -0.297453 -0.947011 0 
272 -0.300458 -0.918956 0 
273 -0.297867 -0.867227 0 
274 -0.297848 -0.831811 0 
275 -0.310915 -0.81037 0 
276 -0.357004 -0.775216 0 
277 -0.318837 -0.738956 0 
278 -0.291253 -0.682112 0 
279 -0.343668 -0.644284 0 
280 -0.301203 -0.576308 0 
281 -0.304165 -0.547243 0 
282 -0.296011 -0.511097 0 
283 -0.314431 -0.489959 0 
284 -0.315636 -0.45574 0 
285 -0.334458 -0.408979 0 
286 -0.329645 -0.398916 0 
287 -0.30954 -0.387882 0 
288 -0.305168 -0.322573 0 
289 -0.307698 -0.305457 0 
290 -0.304049 -0.269628 0 
291 -0.304049 -0.233754 0 
292 -0.304049 -0.19788 0 
293 -0.304049 -0.162006 0 
294 -0.304049 -0.126131 0 
295 -0.304049 -0.0902573 0 
296 -0.304049 -0.0543832 0 
297 -0.304049 -0.018509 0 
298 -0.304049 0.0173652 0 
299 -0.304049 0.0532393 0 
300 -0.304049 0.0891134 0 
301 -0.304049 0.124988 0 
302 -0.304049 0.160862 0 
303 -0.304049 0.196736 0 
304 -0.304049 0.23261 0 
305 -0.304049 0.268484 0 
306 -0.304049 0.304358 0 
307 -0.304049 0.340232 0 
308 -0.304049 0.376107 0 
309 -0.304049 0.411981 0 
310 -0.304049 0.447855 0 
311 -0.304049 0.483729 0 
312 -0.280764 0.560229 0 
313 -0.287356 0.573725 0 
314 -0.313546 0.570002 0 
315 -0.307714 0.609666 0 
316 -0.298071 0.694314 0 
317 -0.289299 0.716561 0 
318 -0.278329 0.738526 0 
319 -0.304951 0.78453 0 
320 -0.301728 0.796656 0 
321 -0.304492 0.822489 0 
322 -0.272583 0.870305 0 
323 -0.285037 0.923622 0 
324 -0.288953 0.941668 0 
325 -0.304049 0.985967 0 
326 -0.268174 -0.987111 0 
327 -0.288866 -0.963735 0 
328 -0.251839 -0.91892 0 
329 -0.284093 -0.892582 0 
330 -0.273038 -0.83563 0 
331 -0.308376 -0.798531 0 
332 -0.323625 -0.768811 0 
333 -0.288303 -0.736335 0 
334 -0.260226 -0.665266 0 
335 -0.281702 -0.654014 0 
336 -0.299504 -0.632189 0 
337 -0.264848 -0.549831 0 
338 -0.28977 -0.534164 0 
339 -0.264631 -0.499387 0 
340 -0.304881 -0.464552 0 
341 -0.290064 -0.440108 0 
342 -0.285703 -0.405618 0 
343 -0.281678 -0.38631 0 
344 -0.287749 -0.321536 0 
345 -0.258369 -0.295723 0 
346 -0.27917 -0.281011 0 
347 -0.256652 -0.206528 0 
348 -0.284695 -0.198255 0 
349 -0.244293 -0.153328 0 
350 -0.246393 -0.107256 0 
351 -0.25968 -0.0901135 0 
352 -0.267652 -0.0765101 0 
353 -0.28567 -0.0251078 0 
354 -0.255076 0.0644132 0 
355 -0.251838 0.0988208 0 
356 -0.254983 0.124503 0 
357 -0.266631 0.146416 0 
358 -0.258554 0.169763 0 
359 -0.264512 0.186075 0 
360 -0.267536 0.247587 0 
361 -0.249432 0.301815 0 
362 -0.229571 0.350164 0 
363 -0.242393 0.371695 0 
364 -0.290052 0.374785 0 
365 -0.261904 0.425793 0 
366 -0.29131 0.435867 0 
367 -0.28054 0.49318 0 
368 -0.266477 0.537914 0 
369 -0.270384 0.565775 0 
370 -0.284437 0.59288 0 
371 -0.272722 0.648124 0 
372 -0.275772 0.6629 0 
373 -0.274878 0.705057 0 
374 -0.238308 0.732681 0 
375 -0.286217 0.781874 0 
376 -0.269896 0.792868 0 
377 -0.222057 0.867106 0 
378 -0.228111 0.887726 0 
379 -0.239718 0.893955 0 
380 -0.263055 0.975631 0 
381 -0.268174 0.985967 0 
382 -0.2323 -0.987111 0 
383 -0.198347 -0.930612 0 
384 -0.221797 -0.908782 0 
385 -0.269623 -0.892126 0 
386 -0.252922 -0.827799 0 
387 -0.23166 -0.79344 0 
388 -0.223314 -0.761337 0 
389 -0.260717 -0.732217 0 
390 -0.255899 -0.717643 0 
391 -0.229345 -0.643376 0 
392 -0.226026 -0.624966 0 
393 -0.236655 -0.603355 0 
394 -0.241552 -0.523865 0 
395 -0.242874 -0.494197 0 
396 -0.251971 -0.475639 0 
397 -0.240652 -0.418345 0 
398 -0.267077 -0.405669 0 
399 -0.225336 -0.356427 0 
400 -0.230519 -0.32427 0 
401 -0.246002 -0.297597 0 
402 -0.221217 -0.271209 0 
403 -0.231458 -0.248575 0 
404 -0.230677 -0.173851 0 
405 -0.227327 -0.156111 0 
406 -0.234026 -0.105823 0 
407 -0.239426 -0.0984737 0 
408 -0.26242 -0.0391902 0 
409 -0.271769 -0.0259631 0 
410 -0.238424 0.00501955 0 
411 -0.21945 0.0902017 0 
412 -0.231453 0.114234 0 
413 -0.227705 0.131982 0 
414 -0.252855 0.160441 0 
415 -0.21338 0.188649 0 
416 -0.242963 0.206588 0 
417 -0.214265 0.319668 0 
418 -0.225644 0.326967 0 
419 -0.212966 0.361293 0 
420 -0.218922 0.404554 0 
421 -0.249704 0.418311 0 
422 -0.255254 0.443903 0 
423 -0.23787 0.511077 0 
424 -0.218499 0.538666 0 
425 -0.216732 0.567162 0 
426 -0.217969 0.608978 0 
427 -0.260087 0.624908 0 
428 -0.21015 0.67719 0 
429 -0.252657 0.687307 0 
430 -0.211485 0.731722 0 
431 -0.188458 0.748487 0 
432 -0.226625 0.787676 0 
433 -0.226742 0.806175 0 
434 -0.190778 0.875417 0 
435 -0.219649 0.937721 0 
436 -0.226864 0.96353 0 
437 -0.2323 0.985967 0 
438 -0.196426 -0.987111 0 
439 -0.191155 -0.950236 0 
440 -0.173926 -0.90479 0 
441 -0.180743 -0.849608 0 
442 -0.220313 -0.830129 0 
443 -0.217988 -0.805917 0 
444 -0.218648 -0.784313 0 
445 -0.200753 -0.739067 0 
446 -0.222767 -0.705098 0 
447 -0.182515 -0.629431 0 
448 -0.204773 -0.615427 0 
449 -0.194504 -0.55896 0 
450 -0.221094 -0.558265 0 
451 -0.22526 -0.491761 0 
452 -0.185756 -0.452993 0 
453 -0.228548 -0.437911 0 
454 -0.196147 -0.37315 0 
455 -0.195282 -0.350302 0 
456 -0.192472 -0.322361 0 
457 -0.170602 -0.311337 0 
458 -0.198881 -0.276067 0 
459 -0.214005 -0.219929 0 
460 -0.212868 -0.205061 0 
461 -0.198547 -0.145762 0 
462 -0.198233 -0.131349 0 
463 -0.227338 -0.0731902 0 
464 -0.232396 -0.0593926 0 
465 -0.232777 -0.0236265 0 
466 -0.223432 0.00145786 0 
467 -0.203105 0.0370769 0 
468 -0.158769 0.105263 0 
469 -0.169159 0.129524 0 
470 -0.177328 0.160339 0 
471 -0.17847 0.188027 0 
472 -0.197328 0.253473 0 
473 -0.195576 0.291661 0 
474 -0.192629 0.344023 0 
475 -0.203602 0.351109 0 
476 -0.201312 0.393733 0 
477 -0.180844 0.454428 0 
478 -0.206845 0.463518 0 
479 -0.208565 0.483303 0 
480 -0.200207 0.507929 0 
481 -0.19225 0.543621 0 
482 -0.190295 0.556112 0 
483 -0.181676 0.652683 0 
484 -0.186421 0.669401 0 
485 -0.201673 0.697678 0 
486 -0.177408 0.735532 0 
487 -0.178219 0.744491 0 
488 -0.17472 0.779394 0 
489 -0.171326 0.838384 0 
490 -0.172378 0.865765 0 
491 -0.1739 0.904498 0 
492 -0.171712 0.928094 0 
493 -0.196426 0.985967 0 
494 -0.160552 -0.987111 0 
495 -0.157119 -0.950026 0 
496 -0.146454 -0.920669 0 
497 -0.167995 -0.845339 0 
498 -0.149517 -0.821804 0 
499 -0.195458 -0.801816 0 
500 -0.156529 -0.757791 0 
501 -0.183853 -0.744401 0 
502 -0.147384 -0.674666 0 
503 -0.152698 -0.625491 0 
504 -0.190436 -0.615418 0 
505 -0.169862 -0.578991 0 
506 -0.193496 -0.537363 0 
507 -0.195158 -0.511656 0 
508 -0.164235 -0.454998 0 
509 -0.17011 -0.393897 0 
510 -0.176641 -0.372795 0 
511 -0.1523 -0.361545 0 
512 -0.177481 -0.33086 0 
513 -0.13069 -0.314397 0 
514 -0.16647 -0.278833 0 
515 -0.165977 -0.258468 0 
516 -0.166626 -0.23457 0 
517 -0.175007 -0.210888 0 
518 -0.152261 -0.10843 0 
519 -0.185019 -0.0987724 0 
520 -0.204211 -0.065903 0 
521 -0.185808 -0.0422322 0 
522 -0.185539 -0.0283311 0 
523 -0.140057 0.0570471 0 
524 -0.103428 0.0981648 0 
525 -0.155631 0.166526 0 
526 -0.1645 0.180187 0 
527 -0.162076 0.211882 0 
528 -0.17031 0.234359 0 
529 -0.185845 0.289328 0 
530 -0.16382 0.334992 0 
531 -0.179659 0.356369 0 
532 -0.156059 0.439914 0 
533 -0.161869 0.45686 0 
534 -0.183063 0.467524 0 
535 -0.194249 0.486579 0 
536 -0.178868 0.515632 0 
537 -0.162165 0.546898 0 
538 -0.168911 0.558025 0 
539 -0.151697 0.618353 0 
540 -0.164908 0.676828 0 
541 -0.150149 0.717478 0 
542 -0.168904 0.724813 0 
543 -0.151643 0.764301 0 
544 -0.140479 0.822776 0 
545 -0.154055 0.82207 0 
546 -0.153818 0.871831 0 
547 -0.14568 0.909899 0 
548 -0.154899 0.923958 0 
549 -0.160552 0.985967 0 
550 -0.124678 -0.987111 0 
551 -0.146803 -0.969008 0 
552 -0.129813 -0.912446 0 
553 -0.148604 -0.847887 0 
554 -0.11106 -0.828763 0 
555 -0.142859 -0.797462 0 
556 -0.123345 -0.771296 0 
557 -0.130415 -0.740155 0 
558 -0.150118 -0.727031 0 
559 -0.101809 -0.662526 0 
560 -0.125122 -0.599898 0 
561 -0.105725 -0.565455 0 
562 -0.122277 -0.54774 0 
563 -0.137549 -0.515422 0 
564 -0.159941 -0.481071 0 
565 -0.109371 -0.441908 0 
566 -0.119177 -0.386521 0 
567 -0.134532 -0.360374 0 
568 -0.105944 -0.342458 0 
569 -0.114668 -0.321623 0 
570 -0.119713 -0.291287 0 
571 -0.11342 -0.218081 0 
572 -0.129759 -0.207243 0 
573 -0.110681 -0.149153 0 
574 -0.1313 -0.139927 0 
575 -0.120111 -0.0688258 0 
576 -0.115994 -0.0470796 0 
577 -0.12526 -0.0259754 0 
578 -0.146299 -0.0116699 0 
579 -0.120659 0.0495619 0 
580 -0.084412 0.0988627 0 
581 -0.0862665 0.137121 0 
582 -0.134571 0.192129 0 
583 -0.144469 0.21953 0 
584 -0.123941 0.279186 0 
585 -0.121905 0.312422 0 
586 -0.134693 0.331259 0 
587 -0.0932821 0.384801 0 
588 -0.139461 0.402555 0 
589 -0.135054 0.462583 0 
590 -0.122654 0.487639 0 
591 -0.146421 0.495962 0 
592 -0.108674 0.545134 0 
593 -0.142038 0.552513 0 
594 -0.121538 0.596606 0 
595 -0.12876 0.608552 0 
596 -0.124678 0.6631 0 
597 -0.124678 0.698974 0 
598 -0.124678 0.734848 0 
599 -0.124678 0.770722 0 
600 -0.124678 0.806596 0 
601 -0.124678 0.842471 0 
602 -0.124678 0.878345 0 
603 -0.124678 0.914219 0 
604 -0.124678 0.950093 0 
605 -0.124678 0.985967 0 
606 -0.0888038 -0.987111 0 
607 -0.0846658 -0.94422 0 
608 -0.0811855 -0.915573 0 
609 -0.112268 -0.878296 0 
610 -0.0816805 -0.83866 0 
611 -0.0875191 -0.803311 0 
612 -0.0843944 -0.756324 0 
613 -0.0846832 -0.734311 0 
614 -0.0756821 -0.691477 0 
615 -0.0783882 -0.669284 0 
616 -0.0986353 -0.60638 0 
617 -0.110568 -0.595485 0 
618 -0.0888038 -0.556621 0 
619 -0.0888038 -0.520747 0 
620 -0.0888038 -0.484873 0 
621 -0.0888038 -0.448999 0 
622 -0.0888038 -0.413125 0 
623 -0.0888038 -0.37725 0 
624 -0.0888038 -0.341376 0 
625 -0.0888038 -0.305502 0 
626 -0.0758133 -0.268518 0 
627 -0.0950243 -0.222726 0 
628 -0.1049 -0.188091 0 
629 -0.0967769 -0.163343 0 
630 -0.103883 -0.123603 0 
631 -0.0996331 -0.107577 0 
632 -0.0980906 -0.045048 0 
633 -0.104115 -0.0317243 0 
634 -0.06908 0.0333644 0 
635 -0.110869 0.0362915 0 
636 -0.074332 0.090087 0 
637 -0.0662493 0.13915 0 
638 -0.115675 0.190376 0 
639 -0.068075 0.224477 0 
640 -0.0868518 0.254163 0 
641 -0.102971 0.31594 0 
642 -0.0639491 0.366298 0 
643 -0.069658 0.387133 0 
644 -0.0925873 0.410722 0 
645 -0.119762 0.444165 0 
646 -0.073775 0.457377 0 
647 -0.0887277 0.525798 0 
648 -0.0863481 0.544087 0 
649 -0.096256 0.564003 0 
650 -0.0879769 0.596765 0 
651 -0.0861784 0.64894 0 
652 -0.0888038 0.6631 0 
653 -0.0529296 -0.987111 0 
654 -0.058565 -0.905897 0 
655 -0.0669174 -0.895605 0 
656 -0.0896282 -0.879093 0 
657 -0.0581757 -0.830853 0 
658 -0.0702307 -0.78711 0 
659 -0.073312 -0.766604 0 
660 -0.0707896 -0.733789 0 
661 -0.0600089 -0.679041 0 
662 -0.061828 -0.636146 0 
663 -0.0712698 -0.623315 0 
664 -0.0370145 -0.577494 0 
665 -0.0529296 -0.556621 0 
666 -0.0529296 -0.305502 0 
667 -0.0708017 -0.285961 0 
668 -0.0460364 -0.256067 0 
669 -0.0671604 -0.189407 0 
670 -0.0574733 -0.17009 0 
671 -0.0939195 -0.124566 0 
672 -0.0764592 -0.103961 0 
673 -0.0819908 -0.0475991 0 
674 -0.0662337 -0.0370458 0 
675 -0.0576865 -0.00785097 0 
676 -0.0343185 0.07517 0 
677 -0.0317072 0.10429 0 
678 -0.0419047 0.159007 0 
679 -0.043748 0.17559 0 
680 -0.0583303 0.217026 0 
681 -0.0549572 0.253398 0 
682 -0.0533897 0.277509 0 
683 -0.0618912 0.323917 0 
684 -0.0190896 0.384505 0 
685 -0.0484036 0.41117 0 
686 -0.0256532 0.424102 0 
687 -0.034457 0.448967 0 
688 -0.0348355 0.46223 0 
689 -0.0487876 0.519519 0 
690 -0.0672628 0.582841 0 
691 -0.0498508 0.635441 0 
692 -0.0507148 0.650544 0 
693 -0.0529296 0.6631 0 
694 -0.0170555 -0.987111 0 
695 -0.022656 -0.952076 0 
696 -0.0338772 -0.882425 0 
697 -0.0614257 -0.879448 0 
698 -0.0513588 -0.844792 0 
699 -0.0435818 -0.810485 0 
700 -0.0399453 -0.723619 0 
701 -0.034037 -0.686139 0 
702 -0.0405437 -0.671024 0 
703 -0.0242269 -0.65411 0 
704 0.00566954 -0.603635 0 
705 -0.00488398 -0.586589 0 
706 -0.0170555 -0.556621 0 
707 -0.0170555 -0.305502 0 
708 0.0209544 -0.258434 0 
709 0.0067715 -0.237853 0 
710 -0.0429667 -0.200069 0 
711 -0.0252489 -0.148643 0 
712 -0.0134626 -0.126374 0 
713 -0.00338872 -0.100208 0 
714 -0.0275926 -0.0658929 0 
715 -0.0446563 -0.0421853 0 
716 -0.0136851 0.0291537 0 
717 -0.0170233 0.0415563 0 
718 -0.0170555 0.0891134 0 
719 -0.0170555 0.124988 0 
720 -0.0170555 0.160862 0 
721 -0.0170555 0.196736 0 
722 -0.0170555 0.23261 0 
723 -0.0170555 0.268484 0 
724 -0.0170555 0.304358 0 
725 0.00202191 0.378944 0 
726 -0.0224472 0.414144 0 
727 -0.00544182 0.42487 0 
728 -0.0242991 0.452075 0 
729 -0.0190786 0.467541 0 
730 -0.0221672 0.504383 0 
731 -0.0389424 0.578679 0 
732 -0.0215097 0.592309 0 
733 -0.0177925 0.616977 0 
734 -0.0170555 0.6631 0 
735 0.0188187 -0.987111 0 
736 0.0433818 -0.964767 0 
737 -0.0171759 -0.8886 0 
738 -0.0150504 -0.833185 0 
739 -0.0262064 -0.818437 0 
740 -0.0161919 -0.779089 0 
741 -0.0192401 -0.723669 0 
742 -0.025338 -0.696231 0 
743 0.0230762 -0.665784 0 
744 0.0404388 -0.648317 0 
745 0.0140609 -0.628947 0 
746 0.0558596 -0.582171 0 
747 0.0188187 -0.556621 0 
748 0.0188187 -0.520747 0 
749 0.0188187 -0.484873 0 
750 0.0188187 -0.448999 0 
751 0.0188187 -0.413125 0 
752 0.0188187 -0.37725 0 
753 0.0188187 -0.341376 0 
754 0.0188187 -0.305502 0 
755 0.0261257 -0.274875 0 
756 0.0473961 -0.251658 0 
757 0.0213451 -0.200607 0 
758 0.000819273 -0.143869 0 
759 0.0382445 -0.102135 0 
760 0.0256284 -0.0744846 0 
761 0.00856009 -0.0449657 0 
762 -0.00995793 -0.0182833 0 
763 0.0163849 0.0411801 0 
764 0.030753 0.0720019 0 
765 0.0188187 0.0891134 0 
766 0.0188187 0.304358 0 
767 0.0185253 0.375617 0 
768 0.0409654 0.391059 0 
769 0.0226223 0.425207 0 
770 0.0252975 0.433317 0 
771 0.0181512 0.450375 0 
772 -0.00408906 0.552251 0 
773 -0.0129949 0.576502 0 
774 -0.000448972 0.591246 0 
775 0.0232012 0.652518 0 
776 0.0188187 0.6631 0 
777 0.0546928 -0.987111 0 
778 0.058938 -0.96385 0 
779 0.0326894 -0.905456 0 
780 0.00751443 -0.862364 0 
781 0.00061724 -0.814091 0 
782 0.0243709 -0.778382 0 
783 -0.00281728 -0.739097 0 
784 0.0811437 -0.705047 0 
785 0.0499219 -0.667321 0 
786 0.0546814 -0.651845 0 
787 0.0450378 -0.627042 0 
788 0.0888092 -0.573531 0 
789 0.0866974 -0.561544 0 
790 0.0827852 -0.542682 0 
791 0.0673253 -0.478909 0 
792 0.0284163 -0.464998 0 
793 0.0683847 -0.405846 0 
794 0.0300281 -0.385814 0 
795 0.0375677 -0.338739 0 
796 0.0382997 -0.294299 0 
797 0.0380204 -0.277798 0 
798 0.0667039 -0.249347 0 
799 0.0439817 -0.207393 0 
800 0.0295185 -0.13533 0 
801 0.0550454 -0.110179 0 
802 0.0412029 -0.0830647 0 
803 0.0807432 -0.0743845 0 
804 0.0681052 -0.040251 0 
805 0.0259757 0.00421178 0 
806 0.0420805 0.050907 0 
807 0.0546928 0.0891134 0 
808 0.0546928 0.124988 0 
809 0.0546928 0.160862 0 
810 0.0546928 0.196736 0 
811 0.0546928 0.23261 0 
812 0.0546928 0.268484 0 
813 0.0546928 0.304358 0 
814 0.0635225 0.323642 0 
815 0.0448568 0.380232 0 
816 0.0673805 0.394676 0 
817 0.0449843 0.445789 0 
818 0.0474223 0.508572 0 
819 0.0369951 0.536627 0 
820 0.0856448 0.558513 0 
821 0.0748797 0.584703 0 
822 0.0415768 0.61763 0 
823 0.0546928 0.6631 0 
824 0.090567 -0.987111 0 
825 0.0830864 -0.938736 0 
826 0.0673266 -0.925373 0 
827 0.0323288 -0.853213 0 
828 0.059031 -0.820847 0 
829 0.0279013 -0.792968 0 
830 0.078868 -0.763774 0 
831 0.0818777 -0.73641 0 
832 0.117172 -0.687199 0 
833 0.119611 -0.654829 0 
834 0.132409 -0.624546 0 
835 0.103982 -0.593936 0 
836 0.101564 -0.548365 0 
837 0.0996032 -0.535805 0 
838 0.102073 -0.514217 0 
839 0.0882812 -0.432996 0 
840 0.102122 -0.399124 0 
841 0.105973 -0.381684 0 
842 0.0505387 -0.354207 0 
843 0.0655757 -0.297383 0 
844 0.108093 -0.273521 0 
845 0.0923872 -0.253571 0 
846 0.0597216 -0.207455 0 
847 0.0747419 -0.185266 0 
848 0.0662323 -0.116865 0 
849 0.0994668 -0.109822 0 
850 0.0999693 -0.0848637 0 
851 0.0943831 -0.0287465 0 
852 0.0986351 -0.00505304 0 
853 0.0519865 0.0329535 0 
854 0.0979567 0.0648357 0 
855 0.0834937 0.131854 0 
856 0.116731 0.167133 0 
857 0.10678 0.189766 0 
858 0.101039 0.216509 0 
859 0.0892053 0.249525 0 
860 0.0687829 0.287976 0 
861 0.0746827 0.315086 0 
862 0.0894975 0.342034 0 
863 0.0813624 0.388444 0 
864 0.0724301 0.43323 0 
865 0.0700626 0.469439 0 
866 0.102569 0.533888 0 
867 0.110453 0.548592 0 
868 0.0874738 0.586947 0 
869 0.103555 0.604067 0 
870 0.090567 0.6631 0 
871 0.126441 -0.987111 0 
872 0.12086 -0.97223 0 
873 0.110391 -0.89674 0 
874 0.111448 -0.875457 0 
875 0.070952 -0.827056 0 
876 0.112038 -0.784363 0 
877 0.130647 -0.759549 0 
878 0.126868 -0.707428 0 
879 0.138185 -0.682699 0 
880 0.134747 -0.667528 0 
881 0.151544 -0.616601 0 
882 0.151931 -0.606233 0 
883 0.121507 -0.572051 0 
884 0.125513 -0.552484 0 
885 0.117813 -0.529843 0 
886 0.126614 -0.455383 0 
887 0.120072 -0.431811 0 
888 0.123594 -0.366391 0 
889 0.117342 -0.329547 0 
890 0.106232 -0.313732 0 
891 0.0989879 -0.29827 0 
892 0.139852 -0.269488 0 
893 0.0928811 -0.211359 0 
894 0.149145 -0.18117 0 
895 0.099816 -0.155367 0 
896 0.110588 -0.129567 0 
897 0.112186 -0.107179 0 
898 0.139226 -0.0685606 0 
899 0.119868 0.0241357 0 
900 0.119563 0.0464106 0 
901 0.162017 0.0800866 0 
902 0.153421 0.0978032 0 
903 0.123306 0.155811 0 
904 0.133318 0.185756 0 
905 0.11636 0.239463 0 
906 0.118126 0.285284 0 
907 0.113598 0.312151 0 
908 0.12866 0.344708 0 
909 0.102938 0.347243 0 
910 0.106174 0.374865 0 
911 0.112317 0.471541 0 
912 0.112748 0.498106 0 
913 0.116515 0.516467 0 
914 0.119996 0.554792 0 
915 0.123259 0.573638 0 
916 0.117954 0.59337 0 
917 0.126441 0.6631 0 
918 0.162315 -0.987111 0 
919 0.134725 -0.970481 0 
920 0.131801 -0.916741 0 
921 0.129278 -0.874813 0 
922 0.158204 -0.84852 0 
923 0.121524 -0.801004 0 
924 0.169655 -0.741786 0 
925 0.163432 -0.731432 0 
926 0.146505 -0.688638 0 
927 0.179673 -0.683682 0 
928 0.163616 -0.649583 0 
929 0.17895 -0.596163 0 
930 0.172166 -0.586311 0 
931 0.154789 -0.563064 0 
932 0.156361 -0.476699 0 
933 0.144856 -0.463735 0 
934 0.165173 -0.423647 0 
935 0.171243 -0.398986 0 
936 0.172973 -0.383555 0 
937 0.155116 -0.322024 0 
938 0.15899 -0.293938 0 
939 0.149803 -0.27823 0 
940 0.159736 -0.237358 0 
941 0.168138 -0.193417 0 
942 0.185441 -0.115445 0 
943 0.172073 -0.0961335 0 
944 0.17947 -0.0686331 0 
945 0.182141 -0.0453331 0 
946 0.147695 0.0140491 0 
947 0.193824 0.0368953 0 
948 0.185889 0.0595254 0 
949 0.179865 0.10819 0 
950 0.209468 0.139787 0 
951 0.194656 0.178074 0 
952 0.180746 0.205948 0 
953 0.171765 0.244948 0 
954 0.178676 0.281665 0 
955 0.170987 0.309892 0 
956 0.150465 0.386671 0 
957 0.149399 0.407459 0 
958 0.168131 0.449852 0 
959 0.168832 0.46597 0 
960 0.132661 0.536506 0 
961 0.13247 0.546602 0 
962 0.175266 0.587371 0 
963 0.155468 0.628137 0 
964 0.162315 0.6631 0 
965 0.198189 -0.987111 0 
966 0.165177 -0.96957 0 
967 0.147417 -0.938041 0 
968 0.174621 -0.878011 0 
969 0.195397 -0.848702 0 
970 0.172689 -0.806088 0 
971 0.173829 -0.772141 0 
972 0.196409 -0.729951 0 
973 0.187095 -0.710476 0 
974 0.185271 -0.691893 0 
975 0.205221 -0.662468 0 
976 0.200835 -0.606493 0 
977 0.193601 -0.592897 0 
978 0.182957 -0.571726 0 
979 0.188698 -0.526653 0 
980 0.1839 -0.447515 0 
981 0.200148 -0.402274 0 
982 0.187646 -0.388895 0 
983 0.185901 -0.371235 0 
984 0.187337 -0.350345 0 
985 0.181278 -0.328323 0 
986 0.208979 -0.220412 0 
987 0.200683 -0.190648 0 
988 0.207369 -0.147955 0 
989 0.204294 -0.124833 0 
990 0.201005 -0.0932415 0 
991 0.19045 -0.0840153 0 
992 0.215035 -0.0286033 0 
993 0.211666 -0.0180698 0 
994 0.214193 0.0150389 0 
995 0.225459 0.108064 0 
996 0.212457 0.122515 0 
997 0.234667 0.150618 0 
998 0.230629 0.165593 0 
999 0.206495 0.248569 0 
1000 0.194851 0.272916 0 
1001 0.197234 0.298791 0 
1002 0.18577 0.35199 0 
1003 0.177318 0.366809 0 
1004 0.221869 0.406913 0 
1005 0.180785 0.434343 0 
1006 0.192021 0.48743 0 
1007 0.187592 0.501483 0 
1008 0.172123 0.559464 0 
1009 0.188897 0.578772 0 
1010 0.188798 0.603637 0 
1011 0.198189 0.6631 0 
1012 0.234064 -0.987111 0 
1013 0.225068 -0.954563 0 
1014 0.249412 -0.895626 0 
1015 0.223106 -0.864282 0 
1016 0.204205 -0.851075 0 
1017 0.207246 -0.823633 0 
1018 0.190862 -0.776686 0 
1019 0.235273 -0.717449 0 
1020 0.263941 -0.693358 0 
1021 0.248093 -0.665061 0 
1022 0.245295 -0.638936 0 
1023 0.224373 -0.595093 0 
1024 0.242021 -0.569588 0 
1025 0.200889 -0.563303 0 
1026 0.209423 -0.495241 0 
1027 0.206666 -0.429141 0 
1028 0.219236 -0.402059 0 
1029 0.254925 -0.37011 0 
1030 0.25669 -0.350871 0 
1031 0.264875 -0.32203 0 
1032 0.249649 -0.268981 0 
1033 0.234485 -0.252221 0 
1034 0.246882 -0.230043 0 
1035 0.219915 -0.161878 0 
1036 0.274852 -0.158136 0 
1037 0.237719 -0.0996931 0 
1038 0.212687 -0.0782501 0 
1039 0.239857 -0.0136823 0 
1040 0.237419 0.00940647 0 
1041 0.240899 0.0427863 0 
1042 0.252094 0.0832876 0 
1043 0.234829 0.128987 0 
1044 0.260078 0.154499 0 
1045 0.241057 0.185145 0 
1046 0.238424 0.217085 0 
1047 0.235576 0.276273 0 
1048 0.245684 0.291805 0 
1049 0.246159 0.308292 0 
1050 0.21686 0.375474 0 
1051 0.23132 0.391226 0 
1052 0.252467 0.442591 0 
1053 0.203744 0.46542 0 
1054 0.224101 0.501155 0 
1055 0.255758 0.526492 0 
1056 0.239041 0.566935 0 
1057 0.233488 0.643849 0 
1058 0.234064 0.6631 0 
1059 0.269938 -0.987111 0 
1060 0.23893 -0.9647 0 
1061 0.255529 -0.930254 0 
1062 0.300494 -0.878035 0 
1063 0.254675 -0.804514 0 
1064 0.243999 -0.781038 0 
1065 0.233876 -0.756185 0 
1066 0.243953 -0.737343 0 
1067 0.283355 -0.700229 0 
1068 0.265637 -0.647588 0 
1069 0.255748 -0.622181 0 
1070 0.25527 -0.608375 0 
1071 0.255696 -0.567011 0 
1072 0.227224 -0.545789 0 
1073 0.227682 -0.522274 0 
1074 0.249286 -0.453308 0 
1075 0.24907 -0.438976 0 
1076 0.261509 -0.407985 0 
1077 0.300184 -0.340448 0 
1078 0.291983 -0.330417 0 
1079 0.26515 -0.270838 0 
1080 0.289398 -0.250827 0 
1081 0.261003 -0.227502 0 
1082 0.282286 -0.206871 0 
1083 0.287759 -0.172951 0 
1084 0.302427 -0.137079 0 
1085 0.272484 -0.0820343 0 
1086 0.246489 -0.0621996 0 
1087 0.320306 0.0348223 0 
1088 0.259828 0.0478406 0 
1089 0.283348 0.109384 0 
1090 0.280592 0.125498 0 
1091 0.289191 0.147931 0 
1092 0.253114 0.180813 0 
1093 0.299829 0.241234 0 
1094 0.252066 0.274814 0 
1095 0.27781 0.298215 0 
1096 0.257457 0.325929 0 
1097 0.241471 0.369809 0 
1098 0.278188 0.390628 0 
1099 0.258054 0.404739 0 
1100 0.301154 0.477885 0 
1101 0.299212 0.502107 0 
1102 0.293223 0.520785 0 
1103 0.278258 0.539498 0 
1104 0.25355 0.649466 0 
1105 0.269938 0.6631 0 
1106 0.305812 -0.987111 0 
1107 0.299593 -0.948789 0 
1108 0.345438 -0.907433 0 
1109 0.324462 -0.875109 0 
1110 0.329076 -0.842351 0 
1111 0.313867 -0.793674 0 
1112 0.311872 -0.770587 0 
1113 0.324041 -0.750606 0 
1114 0.297212 -0.707162 0 
1115 0.337288 -0.657522 0 
1116 0.306471 -0.600412 0 
1117 0.301008 -0.581809 0 
1118 0.291051 -0.555789 0 
1119 0.341309 -0.491687 0 
1120 0.297286 -0.475378 0 
1121 0.268278 -0.458877 0 
1122 0.304322 -0.429689 0 
1123 0.293633 -0.39122 0 
1124 0.32239 -0.344947 0 
1125 0.327102 -0.287538 0 
1126 0.318702 -0.277907 0 
1127 0.324685 -0.246834 0 
1128 0.279026 -0.226582 0 
1129 0.308096 -0.199375 0 
1130 0.305766 -0.188532 0 
1131 0.336698 -0.10883 0 
1132 0.312144 -0.105028 0 
1133 0.351303 -0.0137388 0 
1134 0.34153 0.0120166 0 
1135 0.333865 0.0731341 0 
1136 0.305812 0.0891134 0 
1137 0.305812 0.124988 0 
1138 0.305812 0.160862 0 
1139 0.305812 0.196736 0 
1140 0.305812 0.23261 0 
1141 0.305812 0.268484 0 
1142 0.305812 0.304358 0 
1143 0.294908 0.311426 0 
1144 0.307602 0.369775 0 
1145 0.293682 0.385213 0 
1146 0.299584 0.425458 0 
1147 0.309008 0.445708 0 
1148 0.319851 0.486852 0 
1149 0.331083 0.565303 0 
1150 0.342217 0.611312 0 
1151 0.319901 0.625891 0 
1152 0.305812 0.6631 0 
1153 0.341686 -0.987111 0 
1154 0.352753 -0.936 0 
1155 0.357542 -0.914775 0 
1156 0.363121 -0.873437 0 
1157 0.345006 -0.814679 0 
1158 0.336927 -0.798085 0 
1159 0.323115 -0.783088 0 
1160 0.362073 -0.728902 0 
1161 0.334143 -0.723401 0 
1162 0.353228 -0.663846 0 
1163 0.366367 -0.631668 0 
1164 0.335834 -0.576231 0 
1165 0.311455 -0.556934 0 
1166 0.356262 -0.513046 0 
1167 0.361083 -0.458121 0 
1168 0.360338 -0.437336 0 
1169 0.359485 -0.414952 0 
1170 0.314493 -0.405921 0 
1171 0.341775 -0.343396 0 
1172 0.356413 -0.319363 0 
1173 0.348377 -0.254973 0 
1174 0.337056 -0.249802 0 
1175 0.369875 -0.214596 0 
1176 0.343121 -0.193896 0 
1177 0.346839 -0.17129 0 
1178 0.350885 -0.140273 0 
1179 0.363378 -0.0749569 0 
1180 0.37559 -0.0414169 0 
1181 0.370639 -0.0132758 0 
1182 0.359824 0.0726689 0 
1183 0.341686 0.0891134 0 
1184 0.341686 0.304358 0 
1185 0.317006 0.329381 0 
1186 0.32725 0.373567 0 
1187 0.307132 0.391621 0 
1188 0.315616 0.430832 0 
1189 0.33494 0.463907 0 
1190 0.343986 0.508401 0 
1191 0.34915 0.565075 0 
1192 0.361001 0.605933 0 
1193 0.34821 0.631195 0 
1194 0.341686 0.6631 0 
1195 0.37756 -0.987111 0 
1196 0.37756 -0.951237 0 
1197 0.37756 -0.915363 0 
1198 0.37756 -0.879489 0 
1199 0.37756 -0.843614 0 
1200 0.37756 -0.80774 0 
1201 0.37756 -0.771866 0 
1202 0.37756 -0.735992 0 
1203 0.37756 -0.700118 0 
1204 0.37756 -0.664244 0 
1205 0.37756 -0.62837 0 
1206 0.37756 -0.592495 0 
1207 0.37756 -0.556621 0 
1208 0.37756 -0.520747 0 
1209 0.37756 -0.484873 0 
1210 0.37756 -0.448999 0 
1211 0.37756 -0.413125 0 
1212 0.37756 -0.37725 0 
1213 0.37756 -0.341376 0 
1214 0.37756 -0.305502 0 
1215 0.37756 -0.269628 0 
1216 0.360188 -0.24516 0 
1217 0.389725 -0.21383 0 
1218 0.370127 -0.198995 0 
1219 0.4269 -0.149762 0 
1220 0.369944 -0.130349 0 
1221 0.384239 -0.0716111 0 
1222 0.3953 -0.0272603 0 
1223 0.397944 0.044943 0 
1224 0.391641 0.0660158 0 
1225 0.37756 0.0891134 0 
1226 0.37756 0.304358 0 
1227 0.386668 0.342824 0 
1228 0.390846 0.386627 0 
1229 0.353274 0.396964 0 
1230 0.409026 0.462262 0 
1231 0.369763 0.481055 0 
1232 0.374951 0.50697 0 
1233 0.364071 0.528981 0 
1234 0.387958 0.626591 0 
1235 0.372312 0.641874 0 
1236 0.37756 0.6631 0 
1237 0.413434 -0.269628 0 
1238 0.437955 -0.25185 0 
1239 0.435227 -0.228284 0 
1240 0.405202 -0.198113 0 
1241 0.43721 -0.163833 0 
1242 0.457501 -0.11453 0 
1243 0.409762 -0.0827124 0 
1244 0.434917 -0.0652964 0 
1245 0.417655 0.0389414 0 
1246 0.422462 0.0607577 0 
1247 0.413434 0.0891134 0 
1248 0.413434 0.124988 0 
1249 0.413434 0.160862 0 
1250 0.413434 0.196736 0 
1251 0.413434 0.23261 0 
1252 0.413434 0.268484 0 
1253 0.413434 0.304358 0 
1254 0.410315 0.334818 0 
1255 0.433146 0.408252 0 
1256 0.434259 0.422127 0 
1257 0.410999 0.43311 0 
1258 0.444943 0.485028 0 
1259 0.40871 0.539068 0 
1260 0.419718 0.593633 0 
1261 0.413956 0.630659 0 
1262 0.428511 0.644122 0 
1263 0.413434 0.6631 0 
1264 0.449308 -0.269628 0 
1265 0.455945 -0.254767 0 
1266 0.479268 -0.186646 0 
1267 0.473846 -0.170877 0 
1268 0.465024 -0.155025 0 
1269 0.487432 -0.0967597 0 
1270 0.478496 -0.0889278 0 
1271 0.469307 -0.0703786 0 
1272 0.452277 0.0100622 0 
1273 0.440493 0.0579013 0 
1274 0.454598 0.103633 0 
1275 0.435848 0.112283 0 
1276 0.474078 0.175872 0 
1277 0.45677 0.196827 0 
1278 0.482156 0.265102 0 
1279 0.468576 0.291624 0 
1280 0.439463 0.304396 0 
1281 0.472304 0.340437 0 
1282 0.44709 0.35418 0 
1283 0.46953 0.447927 0 
1284 0.449422 0.448616 0 
1285 0.467499 0.485271 0 
1286 0.422619 0.548097 0 
1287 0.431738 0.587771 0 
1288 0.437781 0.602636 0 
1289 0.435543 0.623585 0 
1290 0.449308 0.6631 0 
1291 0.485183 -0.269628 0 
1292 0.474134 -0.257291 0 
1293 0.49612 -0.187945 0 
1294 0.498672 -0.179697 0 
1295 0.494322 -0.143296 0 
1296 0.497299 -0.11639 0 
1297 0.500562 -0.0895875 0 
1298 0.503027 -0.0121211 0 
1299 0.482694 -0.010516 0 
1300 0.45728 0.0632209 0 
1301 0.466001 0.0949793 0 
1302 0.468491 0.128554 0 
1303 0.49931 0.178062 0 
1304 0.475886 0.204296 0 
1305 0.486856 0.220669 0 
1306 0.509884 0.271295 0 
1307 0.504395 0.309631 0 
1308 0.49466 0.326918 0 
1309 0.479336 0.372931 0 
1310 0.496752 0.447171 0 
1311 0.487839 0.473224 0 
1312 0.497665 0.501266 0 
1313 0.473616 0.517994 0 
1314 0.436964 0.567214 0 
1315 0.469812 0.600853 0 
1316 0.479699 0.623138 0 
1317 0.485183 0.6631 0 
1318 0.521057 -0.269628 0 
1319 0.506351 -0.227032 0 
1320 0.50669 -0.21051 0 
1321 0.513129 -0.193844 0 
1322 0.526349 -0.136612 0 
1323 0.51413 -0.129509 0 
1324 0.534235 -0.0519131 0 
1325 0.537457 -0.0150729 0 
1326 0.497614 0.013725 0 
1327 0.484583 0.0483291 0 
1328 0.518777 0.103919 0 
1329 0.547656 0.124826 0 
1330 0.535217 0.153007 0 
1331 0.535968 0.20247 0 
1332 0.528775 0.225382 0 
1333 0.528862 0.26071 0 
1334 0.545618 0.363116 0 
1335 0.515517 0.372461 0 
1336 0.502746 0.392153 0 
1337 0.508422 0.415066 0 
1338 0.51161 0.460014 0 
1339 0.513421 0.502747 0 
1340 0.512643 0.517427 0 
1341 0.455422 0.56515 0 
1342 0.490726 0.598907 0 
1343 0.509206 0.634509 0 
1344 0.521057 0.6631 0 
1345 0.556931 -0.269628 0 
1346 0.51966 -0.229537 0 
1347 0.554421 -0.189664 0 
1348 0.550858 -0.1757 0 
1349 0.570413 -0.134034 0 
1350 0.537786 -0.112602 0 
1351 0.556724 -0.0511368 0 
1352 0.54916 -0.0418884 0 
1353 0.572648 0.0190841 0 
1354 0.598773 0.0426448 0 
1355 0.531187 0.094511 0 
1356 0.59122 0.125285 0 
1357 0.572299 0.142358 0 
1358 0.559019 0.163643 0 
1359 0.567005 0.268749 0 
1360 0.561207 0.288616 0 
1361 0.560981 0.31018 0 
1362 0.582414 0.392976 0 
1363 0.571143 0.407006 0 
1364 0.557162 0.420229 0 
1365 0.521386 0.434678 0 
1366 0.532714 0.48109 0 
1367 0.533654 0.532246 0 
1368 0.535889 0.577071 0 
1369 0.521905 0.598988 0 
1370 0.571936 0.650761 0 
1371 0.556931 0.6631 0 
1372 0.592805 -0.269628 0 
1373 0.54142 -0.231836 0 
1374 0.587136 -0.207132 0 
1375 0.574085 -0.184189 0 
1376 0.606355 -0.1069 0 
1377 0.598025 -0.0982434 0 
1378 0.596253 -0.0788117 0 
1379 0.571283 -0.0262908 0 
1380 0.584292 0.0107872 0 
1381 0.620466 0.0483783 0 
1382 0.623719 0.0898538 0 
1383 0.608997 0.119757 0 
1384 0.630747 0.206376 0 
1385 0.613399 0.226403 0 
1386 0.589054 0.234426 0 
1387 0.584525 0.29916 0 
1388 0.6035 0.350829 0 
1389 0.601332 0.376005 0 
1390 0.602321 0.399415 0 
1391 0.607194 0.439951 0 
1392 0.62413 0.469945 0 
1393 0.573439 0.510511 0 
1394 0.560207 0.546762 0 
1395 0.568751 0.577104 0 
1396 0.606423 0.61368 0 
1397 0.569913 0.628785 0 
1398 0.592805 0.6631 0 
1399 0.628679 -0.269628 0 
1400 0.638418 -0.237882 0 
1401 0.633349 -0.209518 0 
1402 0.65138 -0.149987 0 
1403 0.623258 -0.122135 0 
1404 0.61716 -0.101866 0 
1405 0.64184 -0.0474043 0 
1406 0.633417 -0.0298527 0 
1407 0.59085 -0.00140425 0 
1408 0.643919 0.0400425 0 
1409 0.636743 0.0679961 0 
1410 0.665186 0.144146 0 
1411 0.648398 0.16474 0 
1412 0.666565 0.219114 0 
1413 0.624028 0.262912 0 
1414 0.608997 0.284916 0 
1415 0.609479 0.30469 0 
1416 0.625692 0.340758 0 
1417 0.641583 0.374073 0 
1418 0.654706 0.427061 0 
1419 0.626498 0.450323 0 
1420 0.648988 0.48879 0 
1421 0.659796 0.507256 0 
1422 0.662874 0.530619 0 
1423 0.60367 0.59315 0 
1424 0.63957 0.632481 0 
1425 0.628679 0.6631 0 
1426 0.664553 -0.269628 0 
1427 0.678856 -0.216643 0 
1428 0.677961 -0.174511 0 
1429 0.677931 -0.128435 0 
1430 0.66912 -0.117199 0 
1431 0.686639 -0.0943689 0 
1432 0.648433 -0.0773281 0 
1433 0.688927 5.50785e-05 0 
1434 0.682183 0.0186405 0 
1435 0.687958 0.0498667 0 
1436 0.660888 0.0636341 0 
1437 0.683583 0.144709 0 
1438 0.683879 0.155617 0 
1439 0.67987 0.214948 0 
1440 0.69019 0.244607 0 
1441 0.688691 0.278066 0 
1442 0.69082 0.298136 0 
1443 0.688114 0.337952 0 
1444 0.680622 0.353148 0 
1445 0.667066 0.414374 0 
1446 0.689356 0.470379 0 
1447 0.674841 0.481794 0 
1448 0.685686 0.519077 0 
1449 0.684608 0.552329 0 
1450 0.674436 0.573635 0 
1451 0.667135 0.601956 0 
1452 0.664553 0.6631 0 
1453 0.700427 -0.269628 0 
1454 0.700427 -0.233754 0 
1455 0.700427 -0.19788 0 
1456 0.700427 -0.162006 0 
1457 0.700427 -0.126131 0 
1458 0.700427 -0.0902573 0 
1459 0.700427 -0.0543832 0 
1460 0.700427 -0.018509 0 
1461 0.700427 0.0173652 0 
1462 0.700427 0.0532393 0 
1463 0.700427 0.0891134 0 
1464 0.700427 0.124988 0 
1465 0.700427 0.160862 0 
1466 0.700427 0.196736 0 
1467 0.700427 0.23261 0 
1468 0.700427 0.268484 0 
1469 0.700427 0.304358 0 
1470 0.700427 0.340232 0 
1471 0.700427 0.376107 0 
1472 0.700427 0.411981 0 
1473 0.700427 0.447855 0 
1474 0.700427 0.483729 0 
1475 0.700427 0.519603 0 
1476 0.700427 0.555477 0 
1477 0.700427 0.591352 0 
1478 0.700427 0.627226 0 
1479 0.700427 0.6631 0 
