0 -0.718592 -0.646612 0 
1 -0.718592 -0.610952 0 
2 -0.718592 -0.575292 0 
3 -0.718592 -0.539632 0 
4 -0.718592 -0.503972 0 
5 -0.718592 -0.468312 0 
6 -0.718592 -0.432652 0 
7 -0.718592 -0.396992 0 
8 -0.718592 -0.361332 0 
9 -0.718592 -0.325672 0 
10 -0.718592 -0.290012 0 
11 -0.718592 -0.254352 0 
12 -0.718592 -0.218692 0 
13 -0.718592 -0.183032 0 
14 -0.718592 -0.147372 0 
15 -0.718592 -0.111712 0 
16 -0.718592 -0.0760524 0 
17 -0.718592 -0.0403924 0 
18 -0.718592 -0.00473244 0 
19 -0.718592 0.0309276 0 
20 -0.718592 0.0665876 0 
21 -0.718592 0.102248 0 
22 -0.718592 0.137908 0 
23 -0.718592 0.173568 0 
24 -0.718592 0.209228 0 
25 -0.718592 0.244888 0 
26 -0.718592 0.280547 0 
27 -0.682932 -0.646612 0 
28 -0.639952 -0.572325 0 
29 -0.655226 -0.509313 0 
30 -0.676621 -0.473665 0 
31 -0.68672 -0.446562 0 
32 -0.689686 -0.41807 0 
33 -0.687015 -0.385616 0 
34 -0.679703 -0.351356 0 
35 -0.668484 -0.316062 0 
36 -0.655896 -0.282879 0 
37 -0.645151 -0.253583 0 
38 -0.636522 -0.228995 0 
39 -0.631933 -0.207282 0 
40 -0.628707 -0.187549 0 
41 -0.626083 -0.167094 0 
42 -0.623687 -0.144326 0 
43 -0.622824 -0.115512 0 
44 -0.625559 -0.0797086 0 
45 -0.628319 -0.0325306 0 
46 -0.629468 0.0145058 0 
47 -0.630727 0.0598126 0 
48 -0.637014 0.0980724 0 
49 -0.643326 0.125452 0 
50 -0.634987 0.146164 0 
51 -0.626296 0.167534 0 
52 -0.666487 0.212622 0 
53 -0.682932 0.280547 0 
54 -0.647272 -0.646612 0 
55 -0.576463 -0.584709 0 
56 -0.579269 -0.519774 0 
57 -0.611018 -0.481011 0 
58 -0.629267 -0.456217 0 
59 -0.636166 -0.427582 0 
60 -0.636128 -0.396126 0 
61 -0.631632 -0.362829 0 
62 -0.624122 -0.328984 0 
63 -0.615338 -0.295998 0 
64 -0.607012 -0.264975 0 
65 -0.600073 -0.236195 0 
66 -0.595283 -0.20915 0 
67 -0.592373 -0.182968 0 
68 -0.591017 -0.156502 0 
69 -0.591044 -0.12866 0 
70 -0.592475 -0.0979258 0 
71 -0.595207 -0.0635369 0 
72 -0.597325 -0.0237099 0 
73 -0.598303 0.0164523 0 
74 -0.598342 0.0550611 0 
75 -0.597897 0.0895131 0 
76 -0.59386 0.118376 0 
77 -0.585225 0.145161 0 
78 -0.582728 0.175179 0 
79 -0.616464 0.216194 0 
80 -0.647272 0.280547 0 
81 -0.611612 -0.646612 0 
82 -0.538527 -0.599554 0 
83 -0.552308 -0.540725 0 
84 -0.557548 -0.490399 0 
85 -0.580772 -0.464249 0 
86 -0.589892 -0.434711 0 
87 -0.591558 -0.403089 0 
88 -0.588775 -0.370053 0 
89 -0.583407 -0.336481 0 
90 -0.576838 -0.303169 0 
91 -0.570342 -0.27087 0 
92 -0.564859 -0.239692 0 
93 -0.560913 -0.209372 0 
94 -0.558665 -0.179613 0 
95 -0.558058 -0.149829 0 
96 -0.558916 -0.119426 0 
97 -0.560824 -0.0876515 0 
98 -0.563169 -0.0540111 0 
99 -0.56479 -0.0180176 0 
100 -0.565308 0.0183468 0 
101 -0.564353 0.0536711 0 
102 -0.561409 0.0867235 0 
103 -0.55471 0.116575 0 
104 -0.545776 0.144244 0 
105 -0.544391 0.172836 0 
106 -0.568586 0.220528 0 
107 -0.611612 0.280547 0 
108 -0.575952 -0.646612 0 
109 -0.511576 -0.615698 0 
110 -0.525895 -0.557011 0 
111 -0.533948 -0.509709 0 
112 -0.543752 -0.473187 0 
113 -0.5502 -0.440367 0 
114 -0.551647 -0.407619 0 
115 -0.549586 -0.374221 0 
116 -0.545353 -0.340561 0 
117 -0.540164 -0.306941 0 
118 -0.53505 -0.27375 0 
119 -0.530661 -0.241151 0 
120 -0.527533 -0.209073 0 
121 -0.525836 -0.177328 0 
122 -0.525625 -0.145788 0 
123 -0.526614 -0.113988 0 
124 -0.528397 -0.0815903 0 
125 -0.530293 -0.0484461 0 
126 -0.531499 -0.0142252 0 
127 -0.531676 0.0201255 0 
128 -0.530359 0.0540278 0 
129 -0.527136 0.0867703 0 
130 -0.521168 0.117871 0 
131 -0.511542 0.146392 0 
132 -0.506554 0.176573 0 
133 -0.525414 0.225222 0 
134 -0.575952 0.280547 0 
135 -0.540292 -0.646612 0 
136 -0.486197 -0.621379 0 
137 -0.49879 -0.564861 0 
138 -0.505898 -0.518274 0 
139 -0.511256 -0.479147 0 
140 -0.514431 -0.443936 0 
141 -0.514797 -0.410022 0 
142 -0.512722 -0.376197 0 
143 -0.509119 -0.342338 0 
144 -0.504883 -0.308488 0 
145 -0.500687 -0.274877 0 
146 -0.497139 -0.241605 0 
147 -0.494612 -0.208552 0 
148 -0.49332 -0.1758 0 
149 -0.493243 -0.143313 0 
150 -0.494118 -0.110788 0 
151 -0.49557 -0.0780936 0 
152 -0.497029 -0.0451169 0 
153 -0.497981 -0.0117406 0 
154 -0.498008 0.0217777 0 
155 -0.496805 0.055131 0 
156 -0.4941 0.0881759 0 
157 -0.489657 0.120819 0 
158 -0.483864 0.153218 0 
159 -0.478865 0.187194 0 
160 -0.490607 0.234821 0 
161 -0.540292 0.280547 0 
162 -0.504632 -0.646612 0 
163 -0.462314 -0.624406 0 
164 -0.47102 -0.566725 0 
165 -0.47601 -0.520492 0 
166 -0.478924 -0.480888 0 
167 -0.480094 -0.444843 0 
168 -0.479419 -0.41043 0 
169 -0.477225 -0.37636 0 
170 -0.473999 -0.342511 0 
171 -0.470345 -0.308657 0 
172 -0.466833 -0.274911 0 
173 -0.463909 -0.24138 0 
174 -0.461846 -0.207956 0 
175 -0.460826 -0.174764 0 
176 -0.460751 -0.14181 0 
177 -0.46143 -0.108905 0 
178 -0.462543 -0.0760858 0 
179 -0.463709 -0.0431326 0 
180 -0.464445 -0.0100967 0 
181 -0.464468 0.0230749 0 
182 -0.463498 0.0563833 0 
183 -0.461417 0.0898619 0 
184 -0.458204 0.123909 0 
185 -0.454149 0.158769 0 
186 -0.450856 0.196089 0 
187 -0.452912 0.240047 0 
188 -0.504632 0.280547 0 
189 -0.468972 -0.646612 0 
190 -0.438622 -0.622969 0 
191 -0.442042 -0.563687 0 
192 -0.444636 -0.51826 0 
193 -0.445951 -0.479255 0 
194 -0.445909 -0.443484 0 
195 -0.444631 -0.409099 0 
196 -0.442297 -0.375249 0 
197 -0.439368 -0.341567 0 
198 -0.436218 -0.307877 0 
199 -0.433258 -0.274233 0 
200 -0.430816 -0.240734 0 
201 -0.429118 -0.207259 0 
202 -0.428203 -0.173984 0 
203 -0.428105 -0.140826 0 
204 -0.428591 -0.107862 0 
205 -0.429487 -0.0749361 0 
206 -0.430387 -0.042056 0 
207 -0.430999 -0.0091058 0 
208 -0.431051 0.0239791 0 
209 -0.430397 0.0573525 0 
210 -0.428854 0.0911871 0 
211 -0.42635 0.126087 0 
212 -0.422752 0.16267 0 
213 -0.418252 0.201522 0 
214 -0.414537 0.241491 0 
215 -0.468972 0.280547 0 
216 -0.433312 -0.646612 0 
217 -0.409833 -0.611208 0 
218 -0.410904 -0.55548 0 
219 -0.411897 -0.512749 0 
220 -0.412121 -0.475371 0 
221 -0.411429 -0.44045 0 
222 -0.409858 -0.406673 0 
223 -0.407614 -0.373216 0 
224 -0.404971 -0.339922 0 
225 -0.40226 -0.306548 0 
226 -0.399761 -0.273188 0 
227 -0.397703 -0.239875 0 
228 -0.396273 -0.206521 0 
229 -0.39549 -0.173293 0 
230 -0.395363 -0.140202 0 
231 -0.395744 -0.107217 0 
232 -0.396391 -0.0743234 0 
233 -0.397082 -0.0415323 0 
234 -0.397629 -0.00853905 0 
235 -0.397756 0.0244936 0 
236 -0.397324 0.05787 0 
237 -0.396283 0.0918352 0 
238 -0.394454 0.126989 0 
239 -0.391264 0.164465 0 
240 -0.383702 0.207245 0 
241 -0.381951 0.241202 0 
242 -0.433312 0.280547 0 
243 -0.397652 -0.646612 0 
244 -0.37786 -0.589355 0 
245 -0.378388 -0.543055 0 
246 -0.378269 -0.505037 0 
247 -0.377731 -0.470124 0 
248 -0.376685 -0.4366 0 
249 -0.37508 -0.403578 0 
250 -0.373003 -0.37078 0 
251 -0.370677 -0.337932 0 
252 -0.368353 -0.305015 0 
253 -0.366253 -0.271992 0 
254 -0.364539 -0.238878 0 
255 -0.363312 -0.205794 0 
256 -0.362654 -0.17274 0 
257 -0.362539 -0.139739 0 
258 -0.362782 -0.106866 0 
259 -0.363303 -0.0740139 0 
260 -0.363862 -0.0412569 0 
261 -0.364313 -0.00836681 0 
262 -0.364522 0.0246401 0 
263 -0.364325 0.0579324 0 
264 -0.363697 0.0917398 0 
265 -0.362658 0.126471 0 
266 -0.361315 0.162912 0 
267 -0.36021 0.202907 0 
268 -0.365537 0.249938 0 
269 -0.397652 0.280547 0 
270 -0.397652 0.316207 0 
271 -0.397652 0.351867 0 
272 -0.397652 0.387527 0 
273 -0.397652 0.423187 0 
274 -0.397652 0.458847 0 
275 -0.397652 0.494507 0 
276 -0.397652 0.530168 0 
277 -0.397652 0.565827 0 
278 -0.397652 0.601488 0 
279 -0.397652 0.637147 0 
280 -0.397652 0.672808 0 
281 -0.397652 0.708467 0 
282 -0.397652 0.744128 0 
283 -0.397652 0.779787 0 
284 -0.397652 0.815448 0 
285 -0.397652 0.851107 0 
286 -0.397652 0.886768 0 
287 -0.397652 0.922427 0 
288 -0.397652 0.958088 0 
289 -0.361992 -0.646612 0 
290 -0.350113 -0.561799 0 
291 -0.346115 -0.529154 0 
292 -0.344382 -0.496883 0 
293 -0.343219 -0.464688 0 
294 -0.341905 -0.432605 0 
295 -0.340286 -0.400491 0 
296 -0.338418 -0.368306 0 
297 -0.336403 -0.335912 0 
298 -0.334457 -0.303404 0 
299 -0.332708 -0.27074 0 
300 -0.331297 -0.237933 0 
301 -0.330305 -0.205078 0 
302 -0.329735 -0.172235 0 
303 -0.329603 -0.139457 0 
304 -0.329799 -0.106655 0 
305 -0.330228 -0.073893 0 
306 -0.330733 -0.0411458 0 
307 -0.331147 -0.00835913 0 
308 -0.331358 0.0245502 0 
309 -0.331343 0.0577585 0 
310 -0.331007 0.0912291 0 
311 -0.330383 0.125263 0 
312 -0.329622 0.159995 0 
313 -0.329022 0.195596 0 
314 -0.329106 0.231301 0 
315 -0.32886 0.265149 0 
316 -0.333581 0.288539 0 
317 -0.319922 0.324505 0 
318 -0.318152 0.364632 0 
319 -0.322286 0.404744 0 
320 -0.329507 0.444264 0 
321 -0.338607 0.483222 0 
322 -0.348886 0.521782 0 
323 -0.35966 0.559481 0 
324 -0.371679 0.597481 0 
325 -0.383988 0.633755 0 
326 -0.390296 0.668263 0 
327 -0.394364 0.698499 0 
328 -0.397465 0.724078 0 
329 -0.396627 0.744478 0 
330 -0.38885 0.759797 0 
331 -0.372226 0.778473 0 
332 -0.349514 0.800182 0 
333 -0.339484 0.910756 0 
334 -0.361992 0.958088 0 
335 -0.326332 -0.646612 0 
336 -0.319683 -0.542772 0 
337 -0.313124 -0.518648 0 
338 -0.310313 -0.490282 0 
339 -0.308669 -0.46012 0 
340 -0.307214 -0.429145 0 
341 -0.30566 -0.39781 0 
342 -0.303975 -0.366103 0 
343 -0.302279 -0.334141 0 
344 -0.300668 -0.301972 0 
345 -0.299222 -0.26959 0 
346 -0.298041 -0.237046 0 
347 -0.297209 -0.20442 0 
348 -0.296768 -0.171782 0 
349 -0.29665 -0.139171 0 
350 -0.296881 -0.106475 0 
351 -0.297209 -0.0738757 0 
352 -0.297662 -0.0411976 0 
353 -0.298079 -0.00839931 0 
354 -0.298353 0.024416 0 
355 -0.29842 0.0575129 0 
356 -0.298275 0.0907603 0 
357 -0.297897 0.124207 0 
358 -0.29745 0.157789 0 
359 -0.297135 0.190776 0 
360 -0.297427 0.221863 0 
361 -0.298956 0.247953 0 
362 -0.303846 0.26271 0 
363 -0.29388 0.318458 0 
364 -0.291826 0.364001 0 
365 -0.294238 0.405824 0 
366 -0.299523 0.445831 0 
367 -0.306817 0.484653 0 
368 -0.315415 0.522053 0 
369 -0.325042 0.557737 0 
370 -0.335426 0.590885 0 
371 -0.346338 0.619311 0 
372 -0.35465 0.643316 0 
373 -0.35728 0.668784 0 
374 -0.355812 0.691 0 
375 -0.349406 0.709508 0 
376 -0.336442 0.725637 0 
377 -0.303939 0.743028 0 
378 -0.295263 0.790258 0 
379 -0.268093 0.884184 0 
380 -0.326332 0.958088 0 
381 -0.290672 -0.646612 0 
382 -0.283339 -0.536551 0 
383 -0.278307 -0.513473 0 
384 -0.275776 -0.486289 0 
385 -0.274142 -0.457003 0 
386 -0.272681 -0.42666 0 
387 -0.271219 -0.395759 0 
388 -0.269752 -0.364365 0 
389 -0.268313 -0.332764 0 
390 -0.266953 -0.3008 0 
391 -0.265757 -0.268656 0 
392 -0.264815 -0.236289 0 
393 -0.264151 -0.203904 0 
394 -0.263824 -0.171448 0 
395 -0.263788 -0.138903 0 
396 -0.263962 -0.10643 0 
397 -0.264342 -0.0738339 0 
398 -0.264777 -0.0412173 0 
399 -0.265201 -0.00850716 0 
400 -0.265533 0.0243485 0 
401 -0.26568 0.0573697 0 
402 -0.265697 0.0905413 0 
403 -0.265505 0.123853 0 
404 -0.265235 0.157117 0 
405 -0.265068 0.189887 0 
406 -0.265173 0.221672 0 
407 -0.265736 0.252042 0 
408 -0.266312 0.282527 0 
409 -0.263014 0.325903 0 
410 -0.262625 0.367949 0 
411 -0.264787 0.4086 0 
412 -0.269084 0.44787 0 
413 -0.275103 0.485754 0 
414 -0.282297 0.521722 0 
415 -0.290374 0.555104 0 
416 -0.298926 0.584807 0 
417 -0.307557 0.608967 0 
418 -0.314332 0.627524 0 
419 -0.314884 0.647432 0 
420 -0.310284 0.664614 0 
421 -0.299855 0.681674 0 
422 -0.283676 0.702275 0 
423 -0.275755 0.729952 0 
424 -0.246647 0.7808 0 
425 -0.205812 0.853394 0 
426 -0.290672 0.958088 0 
427 -0.255012 -0.646612 0 
428 -0.24326 -0.537547 0 
429 -0.242324 -0.512425 0 
430 -0.241147 -0.484675 0 
431 -0.239804 -0.455449 0 
432 -0.238445 -0.425248 0 
433 -0.237104 -0.394478 0 
434 -0.23579 -0.363269 0 
435 -0.234563 -0.331785 0 
436 -0.233431 -0.299929 0 
437 -0.232462 -0.267909 0 
438 -0.231689 -0.23569 0 
439 -0.231188 -0.203474 0 
440 -0.230961 -0.171153 0 
441 -0.230974 -0.138772 0 
442 -0.2312 -0.106306 0 
443 -0.231593 -0.0738302 0 
444 -0.23206 -0.04125 0 
445 -0.232525 -0.00851878 0 
446 -0.232957 0.0243447 0 
447 -0.233237 0.0574569 0 
448 -0.233354 0.090749 0 
449 -0.233344 0.124214 0 
450 -0.233244 0.157643 0 
451 -0.23315 0.191136 0 
452 -0.233114 0.22449 0 
453 -0.233156 0.257994 0 
454 -0.233038 0.293056 0 
455 -0.232129 0.332587 0 
456 -0.232578 0.372535 0 
457 -0.234678 0.411912 0 
458 -0.238292 0.450145 0 
459 -0.24326 0.486936 0 
460 -0.249174 0.521564 0 
461 -0.255636 0.553295 0 
462 -0.262264 0.581242 0 
463 -0.268266 0.604011 0 
464 -0.272599 0.620047 0 
465 -0.271422 0.637031 0 
466 -0.265136 0.653738 0 
467 -0.254686 0.673998 0 
468 -0.242098 0.699092 0 
469 -0.23351 0.736576 0 
470 -0.212018 0.789344 0 
471 -0.16778 0.848635 0 
472 -0.255012 0.958088 0 
473 -0.219352 -0.646612 0 
474 -0.203933 -0.540969 0 
475 -0.207108 -0.513894 0 
476 -0.207064 -0.484974 0 
477 -0.205933 -0.45525 0 
478 -0.204598 -0.424884 0 
479 -0.203332 -0.393989 0 
480 -0.202157 -0.362811 0 
481 -0.201092 -0.331248 0 
482 -0.200144 -0.299386 0 
483 -0.199345 -0.267403 0 
484 -0.198771 -0.235277 0 
485 -0.198367 -0.203149 0 
486 -0.198226 -0.170914 0 
487 -0.198312 -0.138614 0 
488 -0.198595 -0.106218 0 
489 -0.199026 -0.0738328 0 
490 -0.199545 -0.0412572 0 
491 -0.20013 -0.00845252 0 
492 -0.20062 0.0244779 0 
493 -0.201069 0.0577236 0 
494 -0.201378 0.0912659 0 
495 -0.201539 0.124998 0 
496 -0.201572 0.158971 0 
497 -0.201579 0.193363 0 
498 -0.201528 0.22796 0 
499 -0.201531 0.263224 0 
500 -0.201479 0.299717 0 
501 -0.201455 0.338031 0 
502 -0.202265 0.376811 0 
503 -0.204222 0.415191 0 
504 -0.20727 0.452585 0 
505 -0.211312 0.48842 0 
506 -0.216027 0.522065 0 
507 -0.221065 0.552979 0 
508 -0.225903 0.580456 0 
509 -0.229783 0.603715 0 
510 -0.231623 0.622359 0 
511 -0.229992 0.639012 0 
512 -0.224892 0.656927 0 
513 -0.21565 0.679337 0 
514 -0.203222 0.708159 0 
515 -0.189877 0.748209 0 
516 -0.1687 0.798783 0 
517 -0.131804 0.852585 0 
518 -0.219352 0.958088 0 
519 -0.183692 -0.646612 0 
520 -0.170466 -0.549898 0 
521 -0.174824 -0.517468 0 
522 -0.174298 -0.48667 0 
523 -0.172755 -0.456196 0 
524 -0.171248 -0.425438 0 
525 -0.169938 -0.39427 0 
526 -0.168894 -0.362884 0 
527 -0.167983 -0.33108 0 
528 -0.167165 -0.29915 0 
529 -0.16651 -0.26709 0 
530 -0.166017 -0.235014 0 
531 -0.165761 -0.202844 0 
532 -0.165684 -0.170714 0 
533 -0.165831 -0.138458 0 
534 -0.166157 -0.106201 0 
535 -0.166708 -0.0737842 0 
536 -0.167334 -0.0412124 0 
537 -0.167995 -0.00839872 0 
538 -0.168661 0.0246831 0 
539 -0.169255 0.058119 0 
540 -0.169751 0.0919014 0 
541 -0.170091 0.126078 0 
542 -0.17031 0.160675 0 
543 -0.170425 0.19572 0 
544 -0.170487 0.231305 0 
545 -0.17057 0.267576 0 
546 -0.170635 0.304635 0 
547 -0.170978 0.34261 0 
548 -0.171881 0.380743 0 
549 -0.173554 0.418426 0 
550 -0.17604 0.455115 0 
551 -0.179241 0.490245 0 
552 -0.182914 0.523409 0 
553 -0.186695 0.554063 0 
554 -0.19014 0.581803 0 
555 -0.192657 0.606421 0 
556 -0.193466 0.628141 0 
557 -0.191878 0.648278 0 
558 -0.187407 0.668283 0 
559 -0.179296 0.692098 0 
560 -0.167803 0.72267 0 
561 -0.151984 0.761369 0 
562 -0.128443 0.810203 0 
563 -0.100609 0.87002 0 
564 -0.183692 0.958088 0 
565 -0.148032 -0.646612 0 
566 -0.145878 -0.560029 0 
567 -0.145909 -0.521504 0 
568 -0.142867 -0.489096 0 
569 -0.140245 -0.45791 0 
570 -0.138393 -0.426713 0 
571 -0.137049 -0.395184 0 
572 -0.136058 -0.363374 0 
573 -0.135238 -0.33129 0 
574 -0.134537 -0.299158 0 
575 -0.133995 -0.26696 0 
576 -0.133591 -0.234777 0 
577 -0.133387 -0.202622 0 
578 -0.133366 -0.170512 0 
579 -0.133586 -0.138323 0 
580 -0.134005 -0.106078 0 
581 -0.134633 -0.0737243 0 
582 -0.135371 -0.0411456 0 
583 -0.136204 -0.00828108 0 
584 -0.137042 0.0249224 0 
585 -0.137826 0.0585108 0 
586 -0.138511 0.0926127 0 
587 -0.139047 0.127176 0 
588 -0.139467 0.162395 0 
589 -0.139723 0.198039 0 
590 -0.139887 0.234345 0 
591 -0.140005 0.271235 0 
592 -0.140178 0.3087 0 
593 -0.140557 0.346523 0 
594 -0.141378 0.384336 0 
595 -0.142724 0.421569 0 
596 -0.14465 0.457766 0 
597 -0.147074 0.49247 0 
598 -0.149784 0.525422 0 
599 -0.152534 0.556115 0 
600 -0.154924 0.584512 0 
601 -0.156456 0.610565 0 
602 -0.156595 0.634623 0 
603 -0.154824 0.657774 0 
604 -0.150656 0.681388 0 
605 -0.143615 0.707575 0 
606 -0.13297 0.738707 0 
607 -0.116829 0.776673 0 
608 -0.0963376 0.826581 0 
609 -0.072561 0.887018 0 
610 -0.148032 0.958088 0 
611 -0.112372 -0.646612 0 
612 -0.127709 -0.558951 0 
613 -0.119224 -0.523392 0 
614 -0.111996 -0.491378 0 
615 -0.108108 -0.460054 0 
616 -0.105881 -0.428505 0 
617 -0.10455 -0.396459 0 
618 -0.103651 -0.364202 0 
619 -0.102939 -0.331766 0 
620 -0.102333 -0.299266 0 
621 -0.101831 -0.266858 0 
622 -0.10145 -0.234572 0 
623 -0.101275 -0.202352 0 
624 -0.101322 -0.170232 0 
625 -0.101587 -0.138142 0 
626 -0.1021 -0.105948 0 
627 -0.102836 -0.0736167 0 
628 -0.103716 -0.0410513 0 
629 -0.104746 -0.00820023 0 
630 -0.105784 0.0250971 0 
631 -0.106783 0.0588835 0 
632 -0.107703 0.0932779 0 
633 -0.108437 0.128226 0 
634 -0.108993 0.163896 0 
635 -0.109392 0.200196 0 
636 -0.10961 0.237022 0 
637 -0.109721 0.27438 0 
638 -0.109871 0.312168 0 
639 -0.11016 0.350002 0 
640 -0.110703 0.387664 0 
641 -0.111684 0.424627 0 
642 -0.11305 0.460549 0 
643 -0.114731 0.495007 0 
644 -0.116688 0.527868 0 
645 -0.118543 0.55888 0 
646 -0.120069 0.587918 0 
647 -0.12087 0.615175 0 
648 -0.120547 0.641066 0 
649 -0.118645 0.666374 0 
650 -0.114769 0.692252 0 
651 -0.108456 0.720221 0 
652 -0.0990311 0.751953 0 
653 -0.0852489 0.789298 0 
654 -0.0648653 0.835362 0 
655 -0.0489616 0.892268 0 
656 -0.112372 0.958088 0 
657 -0.0767119 -0.646612 0 
658 -0.102549 -0.552724 0 
659 -0.0876736 -0.523251 0 
660 -0.0795837 -0.493337 0 
661 -0.0755593 -0.462374 0 
662 -0.0735084 -0.4305 0 
663 -0.0724058 -0.397992 0 
664 -0.0716405 -0.365173 0 
665 -0.0710381 -0.332284 0 
666 -0.0705135 -0.299469 0 
667 -0.0700509 -0.26675 0 
668 -0.0697259 -0.234253 0 
669 -0.0695261 -0.202031 0 
670 -0.0695897 -0.169885 0 
671 -0.0699199 -0.13785 0 
672 -0.0705363 -0.105732 0 
673 -0.0713645 -0.0734959 0 
674 -0.072449 -0.0409555 0 
675 -0.0736461 -0.00812627 0 
676 -0.0749032 0.0252443 0 
677 -0.076133 0.05917 0 
678 -0.0772501 0.0937698 0 
679 -0.0781957 0.129172 0 
680 -0.0789117 0.165243 0 
681 -0.0793738 0.202032 0 
682 -0.0795759 0.23947 0 
683 -0.0796289 0.277251 0 
684 -0.0795944 0.315325 0 
685 -0.079644 0.353225 0 
686 -0.079861 0.390819 0 
687 -0.0803856 0.427637 0 
688 -0.0811921 0.463365 0 
689 -0.0822716 0.497753 0 
690 -0.0834613 0.530628 0 
691 -0.084609 0.561931 0 
692 -0.0854208 0.591547 0 
693 -0.0856699 0.619812 0 
694 -0.0849773 0.647025 0 
695 -0.0830097 0.673796 0 
696 -0.0794318 0.701059 0 
697 -0.0739082 0.72989 0 
698 -0.0659857 0.761591 0 
699 -0.0553128 0.797462 0 
700 -0.0420097 0.839531 0 
701 -0.0300343 0.890635 0 
702 -0.0767119 0.958088 0 
703 -0.0410519 -0.646612 0 
704 -0.0618339 -0.54973 0 
705 -0.0503336 -0.524083 0 
706 -0.0447688 -0.495661 0 
707 -0.0422033 -0.464909 0 
708 -0.0410837 -0.432704 0 
709 -0.0404907 -0.399561 0 
710 -0.0400725 -0.366152 0 
711 -0.0396297 -0.332718 0 
712 -0.0391772 -0.299525 0 
713 -0.0387079 -0.266517 0 
714 -0.0383222 -0.233901 0 
715 -0.0381283 -0.201531 0 
716 -0.0381981 -0.169434 0 
717 -0.038586 -0.137451 0 
718 -0.0392679 -0.10542 0 
719 -0.040275 -0.0732829 0 
720 -0.0415229 -0.0408822 0 
721 -0.0429391 -0.00808494 0 
722 -0.0444034 0.0253301 0 
723 -0.0458784 0.059365 0 
724 -0.0472034 0.0941765 0 
725 -0.0483218 0.12984 0 
726 -0.0491337 0.166381 0 
727 -0.0495698 0.203643 0 
728 -0.0497067 0.241634 0 
729 -0.0495461 0.279868 0 
730 -0.0492277 0.318184 0 
731 -0.0489455 0.356321 0 
732 -0.0487448 0.39388 0 
733 -0.0487547 0.430569 0 
734 -0.0490357 0.466192 0 
735 -0.0495159 0.500535 0 
736 -0.0500716 0.533529 0 
737 -0.0505859 0.565064 0 
738 -0.0508541 0.595169 0 
739 -0.0506335 0.624178 0 
740 -0.0496706 0.652281 0 
741 -0.0476822 0.680021 0 
742 -0.0444533 0.708075 0 
743 -0.0397151 0.737156 0 
744 -0.0333245 0.76831 0 
745 -0.0254288 0.802292 0 
746 -0.0168144 0.840468 0 
747 -0.00989542 0.88531 0 
748 -0.0410519 0.958088 0 
749 -0.00539187 -0.646612 0 
750 -0.0130942 -0.548806 0 
751 -0.00919481 -0.526644 0 
752 -0.00818785 -0.498969 0 
753 -0.00825403 -0.467908 0 
754 -0.00863348 -0.435014 0 
755 -0.00889325 -0.401143 0 
756 -0.00894267 -0.367041 0 
757 -0.00872116 -0.333084 0 
758 -0.00830385 -0.299404 0 
759 -0.00778833 -0.26614 0 
760 -0.00734478 -0.233297 0 
761 -0.00709335 -0.200873 0 
762 -0.00718746 -0.168805 0 
763 -0.00758585 -0.136887 0 
764 -0.00841455 -0.104974 0 
765 -0.009608 -0.0729883 0 
766 -0.0110289 -0.0407366 0 
767 -0.0126354 -0.00803429 0 
768 -0.0143779 0.0253751 0 
769 -0.0160365 0.0594347 0 
770 -0.0175741 0.0944233 0 
771 -0.0188073 0.130358 0 
772 -0.0196476 0.167303 0 
773 -0.0200045 0.205112 0 
774 -0.0198249 0.24355 0 
775 -0.01937 0.282262 0 
776 -0.0186276 0.320957 0 
777 -0.0179003 0.359266 0 
778 -0.0172272 0.396809 0 
779 -0.0167529 0.433524 0 
780 -0.0164764 0.46904 0 
781 -0.0163847 0.503362 0 
782 -0.0164269 0.536363 0 
783 -0.0164061 0.568131 0 
784 -0.0162271 0.598634 0 
785 -0.0156594 0.628113 0 
786 -0.0144811 0.656815 0 
787 -0.0125434 0.685143 0 
788 -0.00964772 0.713538 0 
789 -0.00567045 0.74257 0 
790 -0.000643774 0.77281 0 
791 0.00501954 0.804686 0 
792 0.0103139 0.838666 0 
793 0.0134962 0.874686 0 
794 -0.00539187 0.958088 0 
795 0.0302681 -0.646612 0 
796 0.0457279 -0.558422 0 
797 0.0349865 -0.533678 0 
798 0.0293413 -0.504133 0 
799 0.0258918 -0.47164 0 
800 0.0236595 -0.437588 0 
801 0.0223484 -0.402775 0 
802 0.0217224 -0.367858 0 
803 0.0216911 -0.33324 0 
804 0.0220771 -0.299131 0 
805 0.0226247 -0.265525 0 
806 0.0231693 -0.232532 0 
807 0.0234772 -0.200016 0 
808 0.0234561 -0.167974 0 
809 0.0229495 -0.13613 0 
810 0.0220021 -0.104407 0 
811 0.0206427 -0.0725763 0 
812 0.0190139 -0.0404243 0 
813 0.0171655 -0.00786664 0 
814 0.0152198 0.0253784 0 
815 0.0133184 0.0594185 0 
816 0.0116266 0.0945578 0 
817 0.0103287 0.130725 0 
818 0.00956802 0.168065 0 
819 0.00949162 0.20634 0 
820 0.0100757 0.245392 0 
821 0.0111193 0.284645 0 
822 0.0123737 0.323699 0 
823 0.0137013 0.362073 0 
824 0.0148564 0.399771 0 
825 0.0158382 0.436387 0 
826 0.016586 0.471804 0 
827 0.0171413 0.5061 0 
828 0.0175671 0.539111 0 
829 0.0179926 0.570991 0 
830 0.0185548 0.601755 0 
831 0.0194007 0.631625 0 
832 0.0206821 0.660731 0 
833 0.0225605 0.689331 0 
834 0.0251259 0.717815 0 
835 0.0284411 0.74655 0 
836 0.0323495 0.775807 0 
837 0.0363357 0.805688 0 
838 0.0392698 0.836111 0 
839 0.0390332 0.86646 0 
840 0.0302681 0.958088 0 
841 0.0659281 -1.00321 0 
842 0.0659281 -0.967552 0 
843 0.0659281 -0.931892 0 
844 0.0659281 -0.896232 0 
845 0.0659281 -0.860572 0 
846 0.0659281 -0.824912 0 
847 0.0659281 -0.789252 0 
848 0.0659281 -0.753592 0 
849 0.0659281 -0.717932 0 
850 0.0659281 -0.682272 0 
851 0.0659281 -0.646612 0 
852 0.0909328 -0.581358 0 
853 0.0750791 -0.546786 0 
854 0.065567 -0.512097 0 
855 0.059448 -0.47664 0 
856 0.0554541 -0.440643 0 
857 0.0530224 -0.404494 0 
858 0.0518056 -0.368638 0 
859 0.0514974 -0.333307 0 
860 0.051821 -0.29869 0 
861 0.0524737 -0.264756 0 
862 0.0531696 -0.231559 0 
863 0.0536046 -0.198948 0 
864 0.0535983 -0.16689 0 
865 0.0530247 -0.135193 0 
866 0.0519222 -0.103578 0 
867 0.0503743 -0.0719373 0 
868 0.0484717 -0.0399575 0 
869 0.0464099 -0.00760059 0 
870 0.0442628 0.0254833 0 
871 0.0421477 0.0594219 0 
872 0.0403261 0.0945655 0 
873 0.0390208 0.130995 0 
874 0.0385156 0.168644 0 
875 0.0389908 0.207532 0 
876 0.0403091 0.247242 0 
877 0.0421034 0.28705 0 
878 0.0441159 0.326423 0 
879 0.0460174 0.364989 0 
880 0.0476946 0.402626 0 
881 0.0491267 0.439157 0 
882 0.0502466 0.474427 0 
883 0.0511728 0.508632 0 
884 0.0519364 0.541654 0 
885 0.0526873 0.573613 0 
886 0.0535427 0.604567 0 
887 0.05459 0.634665 0 
888 0.055934 0.663946 0 
889 0.0576662 0.692763 0 
890 0.0599382 0.721238 0 
891 0.0627111 0.749574 0 
892 0.0657987 0.777919 0 
893 0.0687245 0.806086 0 
894 0.070507 0.833752 0 
895 0.0692201 0.860618 0 
896 0.0659281 0.958088 0 
897 0.101588 -1.00321 0 
898 0.132665 -0.910863 0 
899 0.0900311 -0.897027 0 
900 0.0779168 -0.892711 0 
901 0.0776492 -0.871235 0 
902 0.0715115 -0.860134 0 
903 0.0752162 -0.833342 0 
904 0.0970939 -0.792951 0 
905 0.121576 -0.734339 0 
906 0.129693 -0.685439 0 
907 0.125262 -0.655807 0 
908 0.122409 -0.609332 0 
909 0.110706 -0.563225 0 
910 0.0999026 -0.521926 0 
911 0.0919827 -0.482707 0 
912 0.0864376 -0.444229 0 
913 0.0829533 -0.406442 0 
914 0.0811277 -0.369499 0 
915 0.0805562 -0.333404 0 
916 0.0808441 -0.298254 0 
917 0.0816391 -0.263919 0 
918 0.0824979 -0.230473 0 
919 0.0831485 -0.197733 0 
920 0.0832163 -0.165577 0 
921 0.0825737 -0.13392 0 
922 0.0812319 -0.102408 0 
923 0.0794449 -0.0709552 0 
924 0.0773106 -0.0392372 0 
925 0.0749968 -0.00708738 0 
926 0.0726428 0.0257335 0 
927 0.0703546 0.059563 0 
928 0.0684494 0.0946647 0 
929 0.0672419 0.13115 0 
930 0.067234 0.169242 0 
931 0.068689 0.208796 0 
932 0.0711774 0.249193 0 
933 0.0740665 0.289514 0 
934 0.0769111 0.329274 0 
935 0.0794023 0.367866 0 
936 0.0815102 0.405374 0 
937 0.0831974 0.441731 0 
938 0.0846077 0.476812 0 
939 0.0857445 0.510937 0 
940 0.0867771 0.543902 0 
941 0.0877509 0.575915 0 
942 0.0887613 0.606975 0 
943 0.0899031 0.637195 0 
944 0.0912637 0.666709 0 
945 0.0929191 0.695567 0 
946 0.0948948 0.724036 0 
947 0.0971936 0.752051 0 
948 0.099719 0.779609 0 
949 0.10215 0.806417 0 
950 0.103911 0.831813 0 
951 0.103748 0.854902 0 
952 0.101588 0.958088 0 
953 0.137248 -1.00321 0 
954 0.189323 -0.86486 0 
955 0.142501 -0.853096 0 
956 0.124973 -0.844062 0 
957 0.115503 -0.834548 0 
958 0.111449 -0.823383 0 
959 0.113267 -0.804484 0 
960 0.126005 -0.775269 0 
961 0.141944 -0.735854 0 
962 0.150363 -0.695621 0 
963 0.151745 -0.657609 0 
964 0.14856 -0.617052 0 
965 0.14158 -0.573929 0 
966 0.132468 -0.531086 0 
967 0.123604 -0.48917 0 
968 0.116551 -0.448191 0 
969 0.111909 -0.408651 0 
970 0.109468 -0.370571 0 
971 0.108702 -0.333734 0 
972 0.109014 -0.298021 0 
973 0.109964 -0.26325 0 
974 0.11112 -0.229374 0 
975 0.112041 -0.196337 0 
976 0.112229 -0.164005 0 
977 0.111432 -0.132234 0 
978 0.109836 -0.100793 0 
979 0.10772 -0.0695467 0 
980 0.105335 -0.0381604 0 
981 0.102799 -0.00623909 0 
982 0.100225 0.0263507 0 
983 0.0977905 0.0599863 0 
984 0.0957964 0.0950003 0 
985 0.0947872 0.131564 0 
986 0.0956617 0.170041 0 
987 0.0989965 0.210196 0 
988 0.103379 0.251415 0 
989 0.10767 0.292189 0 
990 0.111368 0.332122 0 
991 0.114267 0.370667 0 
992 0.116523 0.407884 0 
993 0.118248 0.443988 0 
994 0.119658 0.478857 0 
995 0.120907 0.51282 0 
996 0.122023 0.545734 0 
997 0.123121 0.577798 0 
998 0.124266 0.608931 0 
999 0.125428 0.639303 0 
1000 0.12677 0.669007 0 
1001 0.128267 0.697958 0 
1002 0.129989 0.726387 0 
1003 0.131895 0.754196 0 
1004 0.134002 0.781266 0 
1005 0.13623 0.807237 0 
1006 0.138526 0.831165 0 
1007 0.14107 0.851318 0 
1008 0.137248 0.958088 0 
1009 0.172908 -1.00321 0 
1010 0.247174 -0.86471 0 
1011 0.201138 -0.843223 0 
1012 0.170211 -0.817864 0 
1013 0.158684 -0.809298 0 
1014 0.151919 -0.799154 0 
1015 0.152232 -0.783151 0 
1016 0.161879 -0.763976 0 
1017 0.171117 -0.733652 0 
1018 0.177729 -0.699358 0 
1019 0.180593 -0.663283 0 
1020 0.179843 -0.624876 0 
1021 0.175433 -0.583729 0 
1022 0.16693 -0.540367 0 
1023 0.155394 -0.495911 0 
1024 0.14573 -0.45244 0 
1025 0.139662 -0.411173 0 
1026 0.136684 -0.372046 0 
1027 0.135783 -0.334626 0 
1028 0.136148 -0.298417 0 
1029 0.137247 -0.263097 0 
1030 0.138713 -0.228586 0 
1031 0.140097 -0.19491 0 
1032 0.140543 -0.162012 0 
1033 0.13958 -0.12999 0 
1034 0.137571 -0.0986231 0 
1035 0.135039 -0.0675898 0 
1036 0.132343 -0.0364892 0 
1037 0.129606 -0.00488461 0 
1038 0.126887 0.027412 0 
1039 0.124229 0.0609595 0 
1040 0.122045 0.0959925 0 
1041 0.121205 0.132615 0 
1042 0.123566 0.171431 0 
1043 0.130889 0.211967 0 
1044 0.138316 0.25384 0 
1045 0.144124 0.295 0 
1046 0.14823 0.334898 0 
1047 0.150973 0.373143 0 
1048 0.152871 0.409933 0 
1049 0.154301 0.445678 0 
1050 0.155463 0.48035 0 
1051 0.156571 0.514163 0 
1052 0.157678 0.547082 0 
1053 0.158821 0.579171 0 
1054 0.159963 0.610447 0 
1055 0.161177 0.640972 0 
1056 0.16242 0.670852 0 
1057 0.163756 0.699964 0 
1058 0.16519 0.728487 0 
1059 0.166762 0.756286 0 
1060 0.16849 0.783258 0 
1061 0.170542 0.808946 0 
1062 0.173303 0.832713 0 
1063 0.177723 0.853723 0 
1064 0.172908 0.958088 0 
1065 0.208568 -1.00321 0 
1066 0.303816 -0.878883 0 
1067 0.258307 -0.84329 0 
1068 0.225036 -0.825235 0 
1069 0.205552 -0.805777 0 
1070 0.196817 -0.792869 0 
1071 0.195444 -0.778598 0 
1072 0.199418 -0.757436 0 
1073 0.204747 -0.731176 0 
1074 0.209543 -0.700975 0 
1075 0.213024 -0.668115 0 
1076 0.214941 -0.632715 0 
1077 0.215073 -0.594145 0 
1078 0.209507 -0.551403 0 
1079 0.189364 -0.503782 0 
1080 0.173657 -0.456866 0 
1081 0.165621 -0.413884 0 
1082 0.162374 -0.374198 0 
1083 0.161713 -0.336527 0 
1084 0.162168 -0.300117 0 
1085 0.163227 -0.264262 0 
1086 0.164805 -0.228582 0 
1087 0.167088 -0.193627 0 
1088 0.168126 -0.159444 0 
1089 0.166837 -0.12687 0 
1090 0.164238 -0.095523 0 
1091 0.161173 -0.064909 0 
1092 0.158134 -0.0342944 0 
1093 0.155229 -0.00290639 0 
1094 0.152369 0.0291309 0 
1095 0.149331 0.0627149 0 
1096 0.146526 0.0983679 0 
1097 0.145503 0.135049 0 
1098 0.150236 0.17465 0 
1099 0.167592 0.213753 0 
1100 0.17887 0.256375 0 
1101 0.185233 0.297648 0 
1102 0.188297 0.337145 0 
1103 0.189734 0.374817 0 
1104 0.190553 0.411207 0 
1105 0.19118 0.446583 0 
1106 0.191878 0.481052 0 
1107 0.192688 0.514792 0 
1108 0.19366 0.547765 0 
1109 0.194712 0.579924 0 
1110 0.195867 0.611422 0 
1111 0.197048 0.642188 0 
1112 0.198252 0.672257 0 
1113 0.199421 0.701678 0 
1114 0.200581 0.730433 0 
1115 0.201738 0.758459 0 
1116 0.203015 0.785608 0 
1117 0.204716 0.811614 0 
1118 0.20749 0.835946 0 
1119 0.212682 0.857962 0 
1120 0.208568 0.958088 0 
1121 0.244228 -1.00321 0 
1122 0.34562 -0.894032 0 
1123 0.303995 -0.85346 0 
1124 0.273673 -0.827576 0 
1125 0.2524 -0.810947 0 
1126 0.241256 -0.793719 0 
1127 0.237126 -0.775489 0 
1128 0.237527 -0.754137 0 
1129 0.240196 -0.729409 0 
1130 0.24364 -0.701785 0 
1131 0.247224 -0.671766 0 
1132 0.251401 -0.63963 0 
1133 0.258763 -0.605071 0 
1134 0.280135 -0.566468 0 
1135 0.228523 -0.515222 0 
1136 0.197473 -0.46138 0 
1137 0.188161 -0.41661 0 
1138 0.186103 -0.377333 0 
1139 0.186546 -0.339896 0 
1140 0.187228 -0.303955 0 
1141 0.187917 -0.268 0 
1142 0.188454 -0.230687 0 
1143 0.192523 -0.192659 0 
1144 0.194952 -0.155637 0 
1145 0.193214 -0.122188 0 
1146 0.189638 -0.0909677 0 
1147 0.185962 -0.0615531 0 
1148 0.182493 -0.0317313 0 
1149 0.17939 -0.000273095 0 
1150 0.176648 0.0313752 0 
1151 0.172989 0.0652699 0 
1152 0.168103 0.103365 0 
1153 0.165901 0.139393 0 
1154 0.17949 0.174598 0 
1155 0.222383 0.211952 0 
1156 0.230954 0.257819 0 
1157 0.233007 0.298977 0 
1158 0.231797 0.338172 0 
1159 0.230277 0.375293 0 
1160 0.229112 0.4112 0 
1161 0.228518 0.44633 0 
1162 0.228505 0.48077 0 
1163 0.228981 0.514509 0 
1164 0.229753 0.547634 0 
1165 0.230794 0.58001 0 
1166 0.231914 0.61176 0 
1167 0.233066 0.642874 0 
1168 0.234162 0.673283 0 
1169 0.235196 0.703075 0 
1170 0.236081 0.732251 0 
1171 0.236825 0.760666 0 
1172 0.237546 0.788391 0 
1173 0.238535 0.815198 0 
1174 0.240592 0.84072 0 
1175 0.245342 0.863809 0 
1176 0.244228 0.958088 0 
1177 0.279888 -1.00321 0 
1178 0.378847 -0.907692 0 
1179 0.342838 -0.865185 0 
1180 0.313946 -0.835339 0 
1181 0.293454 -0.815062 0 
1182 0.281752 -0.794936 0 
1183 0.276276 -0.77434 0 
1184 0.274883 -0.752231 0 
1185 0.275937 -0.728151 0 
1186 0.278264 -0.702078 0 
1187 0.281226 -0.674059 0 
1188 0.285017 -0.644377 0 
1189 0.291164 -0.613298 0 
1190 0.299332 -0.582123 0 
1191 0.279888 -0.503972 0 
1192 0.279888 -0.468312 0 
1193 0.279888 -0.432652 0 
1194 0.279888 -0.396992 0 
1195 0.279888 -0.361332 0 
1196 0.279888 -0.325672 0 
1197 0.279888 -0.290012 0 
1198 0.279888 -0.254352 0 
1199 0.279888 -0.218692 0 
1200 0.279888 -0.183032 0 
1201 0.279888 -0.147372 0 
1202 0.279888 -0.111712 0 
1203 0.279888 -0.0760524 0 
1204 0.279888 -0.0403924 0 
1205 0.279888 -0.00473244 0 
1206 0.279888 0.0309276 0 
1207 0.279888 0.0665876 0 
1208 0.279888 0.102248 0 
1209 0.279888 0.137908 0 
1210 0.279888 0.173568 0 
1211 0.279888 0.209228 0 
1212 0.298299 0.256906 0 
1213 0.286812 0.296969 0 
1214 0.27685 0.336991 0 
1215 0.270969 0.373779 0 
1216 0.267498 0.409514 0 
1217 0.265638 0.444657 0 
1218 0.264974 0.479247 0 
1219 0.26515 0.513217 0 
1220 0.26587 0.546588 0 
1221 0.266883 0.579291 0 
1222 0.268024 0.611422 0 
1223 0.269179 0.642903 0 
1224 0.270216 0.673849 0 
1225 0.271082 0.704144 0 
1226 0.271705 0.733842 0 
1227 0.272019 0.762928 0 
1228 0.272026 0.791503 0 
1229 0.271917 0.819652 0 
1230 0.27242 0.847435 0 
1231 0.275269 0.873903 0 
1232 0.279888 0.958088 0 
1233 0.315548 -1.00321 0 
1234 0.404686 -0.922821 0 
1235 0.37463 -0.87692 0 
1236 0.347271 -0.844964 0 
1237 0.329336 -0.81907 0 
1238 0.318589 -0.795886 0 
1239 0.312993 -0.773466 0 
1240 0.310989 -0.750712 0 
1241 0.311198 -0.726993 0 
1242 0.312623 -0.701947 0 
1243 0.314575 -0.675383 0 
1244 0.316569 -0.64703 0 
1245 0.31825 -0.616156 0 
1246 0.318467 -0.580048 0 
1247 0.315548 -0.503972 0 
1248 0.315548 0.209228 0 
1249 0.340635 0.264342 0 
1250 0.333759 0.299894 0 
1251 0.317693 0.33411 0 
1252 0.30898 0.370058 0 
1253 0.304127 0.405948 0 
1254 0.301644 0.441456 0 
1255 0.300781 0.476442 0 
1256 0.300966 0.510796 0 
1257 0.301817 0.54452 0 
1258 0.302975 0.577623 0 
1259 0.304183 0.610193 0 
1260 0.305297 0.642254 0 
1261 0.306246 0.673846 0 
1262 0.30701 0.704794 0 
1263 0.307438 0.735177 0 
1264 0.307363 0.765031 0 
1265 0.306576 0.794602 0 
1266 0.304951 0.824458 0 
1267 0.302871 0.855834 0 
1268 0.30098 0.890022 0 
1269 0.315548 0.958088 0 
1270 0.351208 -1.00321 0 
1271 0.422511 -0.937253 0 
1272 0.399654 -0.887289 0 
1273 0.375811 -0.850897 0 
1274 0.360977 -0.821244 0 
1275 0.352174 -0.795601 0 
1276 0.347593 -0.771966 0 
1277 0.345837 -0.74894 0 
1278 0.345779 -0.72565 0 
1279 0.34666 -0.701623 0 
1280 0.347712 -0.676535 0 
1281 0.348165 -0.650027 0 
1282 0.347044 -0.621312 0 
1283 0.343235 -0.589276 0 
1284 0.351208 -0.503972 0 
1285 0.351208 0.209228 0 
1286 0.377829 0.24559 0 
1287 0.359496 0.284206 0 
1288 0.348821 0.325141 0 
1289 0.341701 0.3636 0 
1290 0.337645 0.400688 0 
1291 0.33583 0.436959 0 
1292 0.335604 0.472452 0 
1293 0.336363 0.507211 0 
1294 0.337617 0.541282 0 
1295 0.339007 0.574822 0 
1296 0.340282 0.607942 0 
1297 0.341331 0.640683 0 
1298 0.342204 0.673066 0 
1299 0.342869 0.704918 0 
1300 0.343242 0.73624 0 
1301 0.34297 0.766857 0 
1302 0.341433 0.797144 0 
1303 0.338121 0.828286 0 
1304 0.333139 0.863593 0 
1305 0.32772 0.909281 0 
1306 0.351208 0.958088 0 
1307 0.386868 -1.00321 0 
1308 0.434377 -0.947071 0 
1309 0.415924 -0.895839 0 
1310 0.399149 -0.853463 0 
1311 0.388908 -0.820531 0 
1312 0.383155 -0.793276 0 
1313 0.380391 -0.76915 0 
1314 0.379524 -0.746363 0 
1315 0.379834 -0.723912 0 
1316 0.380631 -0.701107 0 
1317 0.38131 -0.677895 0 
1318 0.38104 -0.65416 0 
1319 0.378718 -0.630075 0 
1320 0.373009 -0.606302 0 
1321 0.386868 -0.503972 0 
1322 0.386868 0.209228 0 
1323 0.390283 0.243952 0 
1324 0.38028 0.280465 0 
1325 0.372678 0.318695 0 
1326 0.369441 0.357793 0 
1327 0.367958 0.395318 0 
1328 0.368122 0.431873 0 
1329 0.36945 0.467566 0 
1330 0.371384 0.50246 0 
1331 0.373435 0.536674 0 
1332 0.375128 0.570524 0 
1333 0.376379 0.604261 0 
1334 0.377233 0.63791 0 
1335 0.37784 0.671373 0 
1336 0.378466 0.704471 0 
1337 0.379082 0.736998 0 
1338 0.378955 0.768379 0 
1339 0.376902 0.798731 0 
1340 0.371601 0.829286 0 
1341 0.36268 0.86547 0 
1342 0.350687 0.917268 0 
1343 0.386868 0.958088 0 
1344 0.422528 -1.00321 0 
1345 0.443837 -0.95192 0 
1346 0.427643 -0.895657 0 
1347 0.418281 -0.851113 0 
1348 0.413815 -0.81584 0 
1349 0.412041 -0.788019 0 
1350 0.411864 -0.764444 0 
1351 0.412552 -0.742731 0 
1352 0.413669 -0.721532 0 
1353 0.41483 -0.700235 0 
1354 0.415776 -0.678893 0 
1355 0.416021 -0.657867 0 
1356 0.414498 -0.637927 0 
1357 0.409857 -0.620592 0 
1358 0.422528 -0.503972 0 
1359 0.422528 0.209228 0 
1360 0.401424 0.249529 0 
1361 0.39417 0.285546 0 
1362 0.390995 0.319867 0 
1363 0.393783 0.355139 0 
1364 0.395858 0.391324 0 
1365 0.399115 0.426998 0 
1366 0.403016 0.46207 0 
1367 0.406801 0.496403 0 
1368 0.409813 0.530349 0 
1369 0.411701 0.564197 0 
1370 0.412683 0.598572 0 
1371 0.412936 0.633467 0 
1372 0.412891 0.668509 0 
1373 0.413413 0.703395 0 
1374 0.414743 0.737701 0 
1375 0.415614 0.769987 0 
1376 0.413664 0.799605 0 
1377 0.405916 0.826385 0 
1378 0.388706 0.854205 0 
1379 0.36575 0.911378 0 
1380 0.422528 0.958088 0 
1381 0.458188 -1.00321 0 
1382 0.451827 -0.950908 0 
1383 0.43845 -0.892663 0 
1384 0.433779 -0.843397 0 
1385 0.436447 -0.805988 0 
1386 0.43955 -0.778903 0 
1387 0.442697 -0.757465 0 
1388 0.445471 -0.737923 0 
1389 0.447652 -0.718532 0 
1390 0.449426 -0.698825 0 
1391 0.451155 -0.678958 0 
1392 0.453039 -0.659736 0 
1393 0.455004 -0.642546 0 
1394 0.456751 -0.629173 0 
1395 0.458188 -0.503972 0 
1396 0.458188 0.209228 0 
1397 0.419881 0.274797 0 
1398 0.412714 0.302019 0 
1399 0.413849 0.329017 0 
1400 0.417792 0.356077 0 
1401 0.422596 0.38997 0 
1402 0.430174 0.422985 0 
1403 0.437525 0.456053 0 
1404 0.443874 0.488935 0 
1405 0.447945 0.52163 0 
1406 0.44938 0.554726 0 
1407 0.449406 0.589901 0 
1408 0.448515 0.626798 0 
1409 0.446805 0.663909 0 
1410 0.446783 0.701457 0 
1411 0.449896 0.73888 0 
1412 0.453422 0.772689 0 
1413 0.453238 0.801608 0 
1414 0.443856 0.824363 0 
1415 0.423842 0.837498 0 
1416 0.38964 0.889767 0 
1417 0.458188 0.958088 0 
1418 0.493848 -1.00321 0 
1419 0.460182 -0.947562 0 
1420 0.453258 -0.883831 0 
1421 0.452705 -0.830738 0 
1422 0.459462 -0.792826 0 
1423 0.466996 -0.766842 0 
1424 0.473746 -0.748223 0 
1425 0.479236 -0.732336 0 
1426 0.482372 -0.715358 0 
1427 0.484287 -0.697091 0 
1428 0.486367 -0.677923 0 
1429 0.490191 -0.658919 0 
1430 0.496897 -0.64222 0 
1431 0.506611 -0.627739 0 
1432 0.493848 -0.503972 0 
1433 0.493848 0.209228 0 
1434 0.469418 0.308218 0 
1435 0.448122 0.333562 0 
1436 0.434255 0.351431 0 
1437 0.435652 0.364974 0 
1438 0.449166 0.390968 0 
1439 0.464311 0.420069 0 
1440 0.475049 0.449259 0 
1441 0.485427 0.479767 0 
1442 0.491092 0.509946 0 
1443 0.489191 0.539834 0 
1444 0.486554 0.576284 0 
1445 0.484755 0.617453 0 
1446 0.478964 0.65654 0 
1447 0.476676 0.698325 0 
1448 0.483864 0.741577 0 
1449 0.493246 0.777759 0 
1450 0.498191 0.806539 0 
1451 0.489117 0.829038 0 
1452 0.465456 0.853873 0 
1453 0.433116 0.885032 0 
1454 0.493848 0.958088 0 
1455 0.529508 -1.00321 0 
1456 0.47186 -0.943447 0 
1457 0.472855 -0.872829 0 
1458 0.477812 -0.815462 0 
1459 0.486246 -0.783401 0 
1460 0.497831 -0.759035 0 
1461 0.508083 -0.741193 0 
1462 0.515725 -0.727304 0 
1463 0.518894 -0.713032 0 
1464 0.519274 -0.696007 0 
1465 0.519886 -0.676483 0 
1466 0.523947 -0.655262 0 
1467 0.533295 -0.633796 0 
1468 0.543635 -0.614979 0 
1469 0.529508 -0.503972 0 
1470 0.529508 0.209228 0 
1471 0.529508 0.244888 0 
1472 0.529508 0.280547 0 
1473 0.529508 0.316207 0 
1474 0.529508 0.351867 0 
1475 0.529508 0.387527 0 
1476 0.529508 0.423187 0 
1477 0.529508 0.458847 0 
1478 0.529508 0.494507 0 
1479 0.529508 0.530168 0 
1480 0.529508 0.565827 0 
1481 0.529508 0.601488 0 
1482 0.529508 0.637147 0 
1483 0.529508 0.672808 0 
1484 0.529508 0.708467 0 
1485 0.529508 0.744128 0 
1486 0.529508 0.779787 0 
1487 0.529508 0.815448 0 
1488 0.529508 0.851107 0 
1489 0.529508 0.886768 0 
1490 0.529508 0.922427 0 
1491 0.529508 0.958088 0 
1492 0.565168 -1.00321 0 
1493 0.492628 -0.942212 0 
1494 0.497856 -0.862175 0 
1495 0.508952 -0.8055 0 
1496 0.518293 -0.781843 0 
1497 0.539996 -0.759361 0 
1498 0.553162 -0.743754 0 
1499 0.559373 -0.731314 0 
1500 0.559454 -0.713231 0 
1501 0.554854 -0.697486 0 
1502 0.549892 -0.677152 0 
1503 0.550313 -0.651508 0 
1504 0.556716 -0.622258 0 
1505 0.561442 -0.601091 0 
1506 0.565168 -0.503972 0 
1507 0.600828 -1.00321 0 
1508 0.532955 -0.935723 0 
1509 0.532311 -0.876064 0 
1510 0.554876 -0.826451 0 
1511 0.580992 -0.796403 0 
1512 0.599761 -0.774536 0 
1513 0.60724 -0.757904 0 
1514 0.609492 -0.741084 0 
1515 0.605033 -0.722506 0 
1516 0.59292 -0.704344 0 
1517 0.575113 -0.68494 0 
1518 0.567726 -0.653852 0 
1519 0.572688 -0.61587 0 
1520 0.583805 -0.592979 0 
1521 0.600828 -0.503972 0 
1522 0.636488 -1.00321 0 
1523 0.610162 -0.975712 0 
1524 0.619646 -0.89319 0 
1525 0.628203 -0.838484 0 
1526 0.644968 -0.8048 0 
1527 0.664346 -0.788284 0 
1528 0.668771 -0.766233 0 
1529 0.666361 -0.746549 0 
1530 0.654507 -0.727148 0 
1531 0.63601 -0.70676 0 
1532 0.614936 -0.686711 0 
1533 0.594857 -0.66639 0 
1534 0.590928 -0.643123 0 
1535 0.599298 -0.606486 0 
1536 0.636488 -0.503972 0 
1537 0.672148 -1.00321 0 
1538 0.672148 -0.967552 0 
1539 0.672148 -0.931892 0 
1540 0.672148 -0.896232 0 
1541 0.672148 -0.860572 0 
1542 0.672148 -0.824912 0 
1543 0.672148 -0.789252 0 
1544 0.672148 -0.753592 0 
1545 0.672148 -0.717932 0 
1546 0.672148 -0.682272 0 
1547 0.672148 -0.646612 0 
1548 0.672148 -0.610952 0 
1549 0.672148 -0.575292 0 
1550 0.672148 -0.539632 0 
1551 0.672148 -0.503972 0 
