0 -0.718592 -0.646612 0 
1 -0.718592 -0.610952 0 
2 -0.718592 -0.575292 0 
3 -0.718592 -0.539632 0 
4 -0.718592 -0.503972 0 
5 -0.718592 -0.468312 0 
6 -0.718592 -0.432652 0 
7 -0.718592 -0.396992 0 
8 -0.718592 -0.361332 0 
9 -0.718592 -0.325672 0 
10 -0.718592 -0.290012 0 
11 -0.718592 -0.254352 0 
12 -0.718592 -0.218692 0 
13 -0.718592 -0.183032 0 
14 -0.718592 -0.147372 0 
15 -0.718592 -0.111712 0 
16 -0.718592 -0.0760524 0 
17 -0.718592 -0.0403924 0 
18 -0.718592 -0.00473244 0 
19 -0.718592 0.0309276 0 
20 -0.718592 0.0665876 0 
21 -0.718592 0.102248 0 
22 -0.718592 0.137908 0 
23 -0.718592 0.173568 0 
24 -0.718592 0.209228 0 
25 -0.718592 0.244888 0 
26 -0.718592 0.280547 0 
27 -0.682932 -0.646612 0 
28 -0.672294 -0.616416 0 
29 -0.707989 -0.590001 0 
30 -0.663979 -0.547003 0 
31 -0.698219 -0.492771 0 
32 -0.697108 -0.435542 0 
33 -0.706982 -0.433158 0 
34 -0.703757 -0.394809 0 
35 -0.703119 -0.378994 0 
36 -0.661712 -0.312335 0 
37 -0.698103 -0.303969 0 
38 -0.679659 -0.227241 0 
39 -0.680392 -0.214844 0 
40 -0.692657 -0.206236 0 
41 -0.685493 -0.173377 0 
42 -0.697463 -0.111379 0 
43 -0.666786 -0.0898241 0 
44 -0.705829 -0.0477322 0 
45 -0.670321 -0.0208768 0 
46 -0.707145 0.0376367 0 
47 -0.696812 0.0818859 0 
48 -0.678042 0.134611 0 
49 -0.67411 0.161581 0 
50 -0.683014 0.171365 0 
51 -0.691382 0.214911 0 
52 -0.661155 0.251961 0 
53 -0.682932 0.280547 0 
54 -0.647272 -0.646612 0 
55 -0.648959 -0.606735 0 
56 -0.640966 -0.577767 0 
57 -0.640753 -0.556531 0 
58 -0.667895 -0.499267 0 
59 -0.674672 -0.47807 0 
60 -0.677516 -0.415074 0 
61 -0.68741 -0.402747 0 
62 -0.650089 -0.351223 0 
63 -0.62193 -0.303552 0 
64 -0.657162 -0.291125 0 
65 -0.656082 -0.27025 0 
66 -0.644554 -0.185196 0 
67 -0.655644 -0.179486 0 
68 -0.666379 -0.173845 0 
69 -0.659645 -0.111582 0 
70 -0.65338 -0.101379 0 
71 -0.628745 -0.0432816 0 
72 -0.655307 -0.0207265 0 
73 -0.630188 0.0370643 0 
74 -0.657269 0.0622917 0 
75 -0.642636 0.115247 0 
76 -0.660811 0.140831 0 
77 -0.645823 0.189543 0 
78 -0.670612 0.194914 0 
79 -0.642203 0.261535 0 
80 -0.647272 0.280547 0 
81 -0.611612 -0.646612 0 
82 -0.613348 -0.634734 0 
83 -0.625518 -0.578588 0 
84 -0.627263 -0.563377 0 
85 -0.623238 -0.541197 0 
86 -0.654849 -0.436927 0 
87 -0.660724 -0.419506 0 
88 -0.624329 -0.372467 0 
89 -0.627285 -0.354944 0 
90 -0.597659 -0.29874 0 
91 -0.62979 -0.270478 0 
92 -0.614279 -0.232577 0 
93 -0.619616 -0.22113 0 
94 -0.622916 -0.164173 0 
95 -0.634037 -0.141609 0 
96 -0.635328 -0.121309 0 
97 -0.636448 -0.102575 0 
98 -0.613403 -0.0494458 0 
99 -0.576288 0.0131902 0 
100 -0.620093 0.0246359 0 
101 -0.581107 0.0729545 0 
102 -0.607582 0.117706 0 
103 -0.580451 0.134433 0 
104 -0.632617 0.17405 0 
105 -0.624668 0.234564 0 
106 -0.617106 0.268958 0 
107 -0.611612 0.280547 0 
108 -0.575952 -0.646612 0 
109 -0.584457 -0.618405 0 
110 -0.59925 -0.615002 0 
111 -0.605883 -0.539066 0 
112 -0.609344 -0.527386 0 
113 -0.609688 -0.47982 0 
114 -0.604702 -0.441101 0 
115 -0.612447 -0.415214 0 
116 -0.59614 -0.347359 0 
117 -0.5727 -0.29689 0 
118 -0.56794 -0.285307 0 
119 -0.603592 -0.246598 0 
120 -0.577027 -0.195909 0 
121 -0.606183 -0.176836 0 
122 -0.565576 -0.159208 0 
123 -0.567846 -0.141919 0 
124 -0.579738 -0.0669424 0 
125 -0.595211 -0.054573 0 
126 -0.555912 0.0142187 0 
127 -0.563785 0.0462451 0 
128 -0.561347 0.0670781 0 
129 -0.58833 0.114961 0 
130 -0.573338 0.129283 0 
131 -0.554768 0.162652 0 
132 -0.608001 0.203474 0 
133 -0.574787 0.215391 0 
134 -0.575952 0.280547 0 
135 -0.540292 -0.646612 0 
136 -0.561206 -0.619192 0 
137 -0.582003 -0.58602 0 
138 -0.586659 -0.558706 0 
139 -0.59251 -0.536998 0 
140 -0.587602 -0.506524 0 
141 -0.546107 -0.386719 0 
142 -0.554286 -0.348708 0 
143 -0.564565 -0.325838 0 
144 -0.562074 -0.310969 0 
145 -0.56081 -0.302633 0 
146 -0.549549 -0.265076 0 
147 -0.560778 -0.197823 0 
148 -0.571455 -0.179184 0 
149 -0.549772 -0.165026 0 
150 -0.517284 -0.145589 0 
151 -0.530181 -0.129575 0 
152 -0.536205 -0.0185132 0 
153 -0.541844 0.00143349 0 
154 -0.535419 0.0183617 0 
155 -0.532703 0.0308387 0 
156 -0.542735 0.087052 0 
157 -0.519638 0.0937985 0 
158 -0.543622 0.160819 0 
159 -0.541167 0.189928 0 
160 -0.556031 0.212857 0 
161 -0.540292 0.280547 0 
162 -0.504632 -0.646612 0 
163 -0.483161 -0.601374 0 
164 -0.497221 -0.577511 0 
165 -0.510934 -0.543 0 
166 -0.518541 -0.507682 0 
167 -0.54874 -0.488348 0 
168 -0.509666 -0.415811 0 
169 -0.513216 -0.396458 0 
170 -0.520035 -0.353414 0 
171 -0.512771 -0.340665 0 
172 -0.543713 -0.291082 0 
173 -0.536276 -0.26748 0 
174 -0.519917 -0.218404 0 
175 -0.500101 -0.180255 0 
176 -0.512258 -0.161992 0 
177 -0.493591 -0.148501 0 
178 -0.503235 -0.0645032 0 
179 -0.509259 -0.0213325 0 
180 -0.465115 0.00318555 0 
181 -0.510773 0.0284448 0 
182 -0.499084 0.043835 0 
183 -0.490492 0.058618 0 
184 -0.500873 0.0898665 0 
185 -0.521067 0.164196 0 
186 -0.489615 0.230903 0 
187 -0.488562 0.259862 0 
188 -0.504632 0.280547 0 
189 -0.468972 -0.646612 0 
190 -0.457117 -0.604667 0 
191 -0.455271 -0.595689 0 
192 -0.499413 -0.545575 0 
193 -0.492194 -0.532366 0 
194 -0.467046 -0.477533 0 
195 -0.491564 -0.425245 0 
196 -0.492677 -0.359825 0 
197 -0.502301 -0.348096 0 
198 -0.486219 -0.331172 0 
199 -0.473832 -0.302309 0 
200 -0.500078 -0.277727 0 
201 -0.505322 -0.227976 0 
202 -0.483365 -0.224305 0 
203 -0.467766 -0.158325 0 
204 -0.468301 -0.147581 0 
205 -0.467214 -0.111927 0 
206 -0.476367 -0.0194904 0 
207 -0.449737 -0.00236474 0 
208 -0.46218 0.0305994 0 
209 -0.449459 0.0509322 0 
210 -0.467254 0.0632877 0 
211 -0.463797 0.160693 0 
212 -0.475051 0.191545 0 
213 -0.468569 0.216046 0 
214 -0.473296 0.258144 0 
215 -0.468972 0.280547 0 
216 -0.433312 -0.646612 0 
217 -0.441677 -0.603542 0 
218 -0.447469 -0.595632 0 
219 -0.435686 -0.568273 0 
220 -0.46737 -0.531744 0 
221 -0.450529 -0.476344 0 
222 -0.476619 -0.417922 0 
223 -0.468892 -0.400698 0 
224 -0.456712 -0.340651 0 
225 -0.448852 -0.326698 0 
226 -0.465041 -0.31089 0 
227 -0.441798 -0.26718 0 
228 -0.482808 -0.253422 0 
229 -0.469638 -0.22848 0 
230 -0.449778 -0.17453 0 
231 -0.44532 -0.148741 0 
232 -0.43097 -0.0574053 0 
233 -0.441827 -0.0434111 0 
234 -0.454329 -0.0165132 0 
235 -0.407534 -0.00456605 0 
236 -0.438731 0.0509545 0 
237 -0.431429 0.0818434 0 
238 -0.434073 0.0989288 0 
239 -0.433374 0.187996 0 
240 -0.432918 0.19979 0 
241 -0.434175 0.212492 0 
242 -0.433312 0.280547 0 
243 -0.397652 -0.646612 0 
244 -0.432057 -0.59765 0 
245 -0.42422 -0.581402 0 
246 -0.419894 -0.560287 0 
247 -0.427017 -0.52571 0 
248 -0.443401 -0.516657 0 
249 -0.415519 -0.451564 0 
250 -0.410588 -0.392505 0 
251 -0.441971 -0.349037 0 
252 -0.432832 -0.329606 0 
253 -0.40398 -0.295282 0 
254 -0.417948 -0.280913 0 
255 -0.421752 -0.22392 0 
256 -0.418602 -0.203363 0 
257 -0.406859 -0.170596 0 
258 -0.414533 -0.122382 0 
259 -0.408213 -0.0997487 0 
260 -0.406049 -0.044886 0 
261 -0.391086 -0.0293067 0 
262 -0.385203 -0.0130805 0 
263 -0.411376 0.0484475 0 
264 -0.420304 0.0580963 0 
265 -0.383959 0.132996 0 
266 -0.395842 0.167144 0 
267 -0.419011 0.201099 0 
268 -0.405113 0.222622 0 
269 -0.397652 0.280547 0 
270 -0.397652 0.316207 0 
271 -0.397652 0.351867 0 
272 -0.397652 0.387527 0 
273 -0.397652 0.423187 0 
274 -0.397652 0.458847 0 
275 -0.397652 0.494507 0 
276 -0.397652 0.530168 0 
277 -0.397652 0.565827 0 
278 -0.397652 0.601488 0 
279 -0.397652 0.637147 0 
280 -0.397652 0.672808 0 
281 -0.397652 0.708467 0 
282 -0.397652 0.744128 0 
283 -0.397652 0.779787 0 
284 -0.397652 0.815448 0 
285 -0.397652 0.851107 0 
286 -0.397652 0.886768 0 
287 -0.397652 0.922427 0 
288 -0.397652 0.958088 0 
289 -0.361992 -0.646612 0 
290 -0.384793 -0.616474 0 
291 -0.397644 -0.592682 0 
292 -0.3995 -0.572243 0 
293 -0.416695 -0.53208 0 
294 -0.410916 -0.495745 0 
295 -0.381272 -0.430321 0 
296 -0.36306 -0.398226 0 
297 -0.418091 -0.354888 0 
298 -0.368968 -0.319738 0 
299 -0.399771 -0.30607 0 
300 -0.386056 -0.287247 0 
301 -0.392875 -0.265733 0 
302 -0.39646 -0.207057 0 
303 -0.383487 -0.152222 0 
304 -0.378311 -0.13113 0 
305 -0.379408 -0.0790192 0 
306 -0.359527 -0.0370278 0 
307 -0.370456 -0.0258934 0 
308 -0.375366 -0.00488327 0 
309 -0.372018 0.0243519 0 
310 -0.382498 0.0794008 0 
311 -0.346482 0.151874 0 
312 -0.37219 0.15283 0 
313 -0.374283 0.17384 0 
314 -0.374225 0.212354 0 
315 -0.37444 0.284543 0 
316 -0.362698 0.313066 0 
317 -0.369336 0.365376 0 
318 -0.379158 0.370251 0 
319 -0.379817 0.390231 0 
320 -0.354194 0.469391 0 
321 -0.37732 0.494982 0 
322 -0.354456 0.537891 0 
323 -0.379061 0.548596 0 
324 -0.379784 0.567797 0 
325 -0.355054 0.609707 0 
326 -0.355243 0.632362 0 
327 -0.366052 0.681471 0 
328 -0.368738 0.710746 0 
329 -0.349497 0.769108 0 
330 -0.353463 0.793281 0 
331 -0.381246 0.840046 0 
332 -0.367901 0.906307 0 
333 -0.354182 0.929146 0 
334 -0.361992 0.958088 0 
335 -0.326332 -0.646612 0 
336 -0.359581 -0.61929 0 
337 -0.318383 -0.549995 0 
338 -0.359973 -0.533747 0 
339 -0.363184 -0.510713 0 
340 -0.330455 -0.459176 0 
341 -0.36706 -0.440038 0 
342 -0.344366 -0.392271 0 
343 -0.354294 -0.34077 0 
344 -0.346811 -0.322084 0 
345 -0.355291 -0.298308 0 
346 -0.330742 -0.274273 0 
347 -0.361804 -0.225338 0 
348 -0.36001 -0.198058 0 
349 -0.370829 -0.180879 0 
350 -0.336875 -0.101293 0 
351 -0.36327 -0.102179 0 
352 -0.331663 -0.01943 0 
353 -0.350771 -0.0180151 0 
354 -0.337968 0.0322147 0 
355 -0.327165 0.0684623 0 
356 -0.355773 0.0838193 0 
357 -0.317339 0.159246 0 
358 -0.325566 0.188375 0 
359 -0.346048 0.190163 0 
360 -0.333416 0.277141 0 
361 -0.350768 0.277985 0 
362 -0.355984 0.289212 0 
363 -0.325948 0.332743 0 
364 -0.350007 0.39528 0 
365 -0.338998 0.432378 0 
366 -0.330871 0.465119 0 
367 -0.354528 0.488883 0 
368 -0.339066 0.531336 0 
369 -0.322514 0.587571 0 
370 -0.330092 0.602252 0 
371 -0.322195 0.625051 0 
372 -0.338264 0.648506 0 
373 -0.338578 0.685984 0 
374 -0.325453 0.748147 0 
375 -0.330211 0.763631 0 
376 -0.338402 0.782779 0 
377 -0.330075 0.825841 0 
378 -0.341881 0.863163 0 
379 -0.346011 0.911852 0 
380 -0.326332 0.958088 0 
381 -0.290672 -0.646612 0 
382 -0.270281 -0.62379 0 
383 -0.309697 -0.59212 0 
384 -0.282864 -0.520036 0 
385 -0.274963 -0.498408 0 
386 -0.324189 -0.477248 0 
387 -0.269152 -0.419215 0 
388 -0.316056 -0.400279 0 
389 -0.319153 -0.383359 0 
390 -0.315866 -0.363801 0 
391 -0.308389 -0.290648 0 
392 -0.272591 -0.262715 0 
393 -0.29133 -0.249733 0 
394 -0.336268 -0.201694 0 
395 -0.339788 -0.175933 0 
396 -0.30012 -0.078755 0 
397 -0.330809 -0.0763751 0 
398 -0.308653 -0.0225979 0 
399 -0.321227 -0.00457369 0 
400 -0.327441 0.00832971 0 
401 -0.299009 0.0756018 0 
402 -0.265874 0.118055 0 
403 -0.303308 0.136638 0 
404 -0.300254 0.172786 0 
405 -0.319733 0.218457 0 
406 -0.307127 0.263013 0 
407 -0.325694 0.295888 0 
408 -0.319534 0.312276 0 
409 -0.29367 0.349903 0 
410 -0.293828 0.379623 0 
411 -0.323237 0.4108 0 
412 -0.324026 0.439324 0 
413 -0.272943 0.49146 0 
414 -0.295643 0.51408 0 
415 -0.310113 0.569973 0 
416 -0.311542 0.594802 0 
417 -0.27453 0.646604 0 
418 -0.283612 0.657492 0 
419 -0.309644 0.672091 0 
420 -0.297539 0.692864 0 
421 -0.286769 0.761453 0 
422 -0.286309 0.782157 0 
423 -0.288181 0.849161 0 
424 -0.258582 0.891289 0 
425 -0.256902 0.92371 0 
426 -0.290672 0.958088 0 
427 -0.255012 -0.646612 0 
428 -0.254285 -0.629786 0 
429 -0.26455 -0.576615 0 
430 -0.270504 -0.542768 0 
431 -0.263545 -0.502405 0 
432 -0.242343 -0.457637 0 
433 -0.258493 -0.43778 0 
434 -0.245217 -0.384867 0 
435 -0.256274 -0.350917 0 
436 -0.274888 -0.332399 0 
437 -0.285345 -0.287752 0 
438 -0.263343 -0.270839 0 
439 -0.26745 -0.251134 0 
440 -0.303707 -0.195413 0 
441 -0.255115 -0.130102 0 
442 -0.28115 -0.116031 0 
443 -0.273502 -0.0399531 0 
444 -0.2923 -0.0314201 0 
445 -0.251953 0.0311891 0 
446 -0.277969 0.0404856 0 
447 -0.26212 0.072395 0 
448 -0.26626 0.0823318 0 
449 -0.221175 0.145293 0 
450 -0.232431 0.164837 0 
451 -0.259976 0.188291 0 
452 -0.29638 0.249011 0 
453 -0.276996 0.282749 0 
454 -0.301092 0.309045 0 
455 -0.2623 0.3637 0 
456 -0.275004 0.381514 0 
457 -0.248877 0.410973 0 
458 -0.220359 0.474926 0 
459 -0.226338 0.502272 0 
460 -0.225418 0.514123 0 
461 -0.289298 0.560088 0 
462 -0.227713 0.589153 0 
463 -0.262981 0.633682 0 
464 -0.264198 0.659705 0 
465 -0.270643 0.67984 0 
466 -0.234805 0.705313 0 
467 -0.265236 0.725555 0 
468 -0.229688 0.801367 0 
469 -0.258613 0.814281 0 
470 -0.252935 0.874395 0 
471 -0.243147 0.908127 0 
472 -0.255012 0.958088 0 
473 -0.219352 -0.646612 0 
474 -0.237752 -0.608385 0 
475 -0.25216 -0.574689 0 
476 -0.247065 -0.553714 0 
477 -0.250395 -0.502171 0 
478 -0.237532 -0.480059 0 
479 -0.226828 -0.447124 0 
480 -0.220923 -0.403353 0 
481 -0.22921 -0.379001 0 
482 -0.238811 -0.338083 0 
483 -0.271894 -0.286866 0 
484 -0.252336 -0.271824 0 
485 -0.26062 -0.229432 0 
486 -0.273015 -0.20717 0 
487 -0.201269 -0.105356 0 
488 -0.212631 -0.0943442 0 
489 -0.254841 -0.0587336 0 
490 -0.264153 -0.0274456 0 
491 -0.232669 0.0254327 0 
492 -0.244088 0.0477249 0 
493 -0.226757 0.0898707 0 
494 -0.225484 0.102143 0 
495 -0.188737 0.153721 0 
496 -0.222054 0.172113 0 
497 -0.228334 0.183491 0 
498 -0.240652 0.216878 0 
499 -0.223771 0.310775 0 
500 -0.206762 0.337951 0 
501 -0.219695 0.378056 0 
502 -0.199051 0.39933 0 
503 -0.218604 0.419825 0 
504 -0.203541 0.463511 0 
505 -0.199393 0.471459 0 
506 -0.206054 0.535838 0 
507 -0.201571 0.553454 0 
508 -0.216145 0.578238 0 
509 -0.191996 0.613408 0 
510 -0.211444 0.648776 0 
511 -0.218615 0.666933 0 
512 -0.227432 0.686588 0 
513 -0.194435 0.744454 0 
514 -0.211569 0.801413 0 
515 -0.202348 0.854529 0 
516 -0.22512 0.868065 0 
517 -0.193505 0.943087 0 
518 -0.219352 0.958088 0 
519 -0.183692 -0.646612 0 
520 -0.214035 -0.621737 0 
521 -0.236786 -0.577228 0 
522 -0.203392 -0.525311 0 
523 -0.217018 -0.502445 0 
524 -0.167433 -0.471451 0 
525 -0.21863 -0.448448 0 
526 -0.20059 -0.427193 0 
527 -0.202171 -0.360618 0 
528 -0.219936 -0.358406 0 
529 -0.210919 -0.288589 0 
530 -0.226332 -0.272223 0 
531 -0.243511 -0.247899 0 
532 -0.230291 -0.212051 0 
533 -0.188318 -0.146738 0 
534 -0.174467 -0.0841651 0 
535 -0.181755 -0.06779 0 
536 -0.224435 -0.0343372 0 
537 -0.232703 -0.0177073 0 
538 -0.200425 0.0249335 0 
539 -0.204581 0.0755531 0 
540 -0.206345 0.0951055 0 
541 -0.186031 0.124254 0 
542 -0.154096 0.176902 0 
543 -0.18594 0.219023 0 
544 -0.217494 0.215389 0 
545 -0.196046 0.303349 0 
546 -0.205607 0.315102 0 
547 -0.16935 0.355395 0 
548 -0.186253 0.383242 0 
549 -0.183459 0.410647 0 
550 -0.189779 0.444765 0 
551 -0.187847 0.476036 0 
552 -0.187675 0.52631 0 
553 -0.156963 0.548898 0 
554 -0.19718 0.578802 0 
555 -0.158574 0.616505 0 
556 -0.157488 0.62616 0 
557 -0.187436 0.675655 0 
558 -0.169579 0.725632 0 
559 -0.176315 0.745211 0 
560 -0.192967 0.810637 0 
561 -0.187617 0.831195 0 
562 -0.187369 0.880951 0 
563 -0.176741 0.920403 0 
564 -0.183692 0.958088 0 
565 -0.148032 -0.646612 0 
566 -0.144776 -0.621867 0 
567 -0.216196 -0.581862 0 
568 -0.161361 -0.527811 0 
569 -0.152372 -0.513666 0 
570 -0.159044 -0.492225 0 
571 -0.126792 -0.434483 0 
572 -0.156508 -0.413654 0 
573 -0.1765 -0.39163 0 
574 -0.181378 -0.308433 0 
575 -0.191823 -0.292631 0 
576 -0.168328 -0.239466 0 
577 -0.139767 -0.192923 0 
578 -0.168 -0.173418 0 
579 -0.169074 -0.152134 0 
580 -0.130989 -0.11287 0 
581 -0.167032 -0.0261125 0 
582 -0.172814 -0.00690901 0 
583 -0.168897 0.012125 0 
584 -0.136835 0.0543881 0 
585 -0.187315 0.0581303 0 
586 -0.143444 0.117072 0 
587 -0.114392 0.14811 0 
588 -0.14712 0.159258 0 
589 -0.121569 0.192329 0 
590 -0.171694 0.259012 0 
591 -0.173083 0.281655 0 
592 -0.16289 0.325484 0 
593 -0.158002 0.343498 0 
594 -0.12284 0.392609 0 
595 -0.162015 0.411921 0 
596 -0.130474 0.433571 0 
597 -0.141028 0.504851 0 
598 -0.128055 0.530912 0 
599 -0.138875 0.549223 0 
600 -0.17336 0.582229 0 
601 -0.131957 0.62298 0 
602 -0.139807 0.642221 0 
603 -0.147218 0.662269 0 
604 -0.158382 0.721563 0 
605 -0.119935 0.743241 0 
606 -0.130888 0.762862 0 
607 -0.156514 0.854798 0 
608 -0.128672 0.91417 0 
609 -0.127961 0.943186 0 
610 -0.148032 0.958088 0 
611 -0.112372 -0.646612 0 
612 -0.128451 -0.598538 0 
613 -0.137748 -0.575076 0 
614 -0.159265 -0.553716 0 
615 -0.108184 -0.50346 0 
616 -0.113755 -0.47525 0 
617 -0.114231 -0.44825 0 
618 -0.0963567 -0.388992 0 
619 -0.160028 -0.383212 0 
620 -0.143557 -0.336728 0 
621 -0.144772 -0.261445 0 
622 -0.139484 -0.239859 0 
623 -0.137774 -0.228336 0 
624 -0.109196 -0.175574 0 
625 -0.12022 -0.159715 0 
626 -0.111216 -0.112444 0 
627 -0.129118 -0.0442919 0 
628 -0.124928 -0.0317527 0 
629 -0.123823 -0.0167212 0 
630 -0.121922 0.0435636 0 
631 -0.112086 0.102285 0 
632 -0.112212 0.126905 0 
633 -0.0924898 0.150665 0 
634 -0.121901 0.165982 0 
635 -0.0913704 0.206562 0 
636 -0.0908878 0.223346 0 
637 -0.132643 0.280588 0 
638 -0.149373 0.295581 0 
639 -0.113533 0.369523 0 
640 -0.109954 0.385764 0 
641 -0.0910738 0.422411 0 
642 -0.0851945 0.440842 0 
643 -0.090912 0.451926 0 
644 -0.108568 0.530744 0 
645 -0.0796652 0.544564 0 
646 -0.121453 0.572523 0 
647 -0.136228 0.595038 0 
648 -0.100619 0.625251 0 
649 -0.11969 0.652378 0 
650 -0.0883323 0.721168 0 
651 -0.0836577 0.743662 0 
652 -0.113463 0.814229 0 
653 -0.126761 0.860722 0 
654 -0.102783 0.880664 0 
655 -0.113656 0.947065 0 
656 -0.112372 0.958088 0 
657 -0.0767119 -0.646612 0 
658 -0.107412 -0.610815 0 
659 -0.0893918 -0.592097 0 
660 -0.0898481 -0.531266 0 
661 -0.0930032 -0.513532 0 
662 -0.0938975 -0.463425 0 
663 -0.089994 -0.429295 0 
664 -0.0829013 -0.396534 0 
665 -0.0815013 -0.346844 0 
666 -0.11557 -0.329194 0 
667 -0.122006 -0.292527 0 
668 -0.114407 -0.285814 0 
669 -0.101765 -0.213122 0 
670 -0.0763032 -0.155952 0 
671 -0.0884852 -0.139316 0 
672 -0.0991077 -0.124199 0 
673 -0.0919853 -0.0702729 0 
674 -0.109754 -0.0333999 0 
675 -0.0770922 0.00582404 0 
676 -0.0953341 0.0578245 0 
677 -0.0974283 0.0676691 0 
678 -0.081891 0.139528 0 
679 -0.0803342 0.150223 0 
680 -0.0725624 0.182615 0 
681 -0.0783945 0.195414 0 
682 -0.0619402 0.245636 0 
683 -0.0689107 0.252596 0 
684 -0.0902662 0.297569 0 
685 -0.100014 0.337032 0 
686 -0.0944387 0.354663 0 
687 -0.0686433 0.435688 0 
688 -0.0639812 0.44779 0 
689 -0.057062 0.465261 0 
690 -0.0553673 0.48043 0 
691 -0.06469 0.541526 0 
692 -0.0826999 0.575081 0 
693 -0.0578137 0.592981 0 
694 -0.0465758 0.627436 0 
695 -0.063307 0.643231 0 
696 -0.0761922 0.700811 0 
697 -0.0707062 0.755926 0 
698 -0.0809353 0.804202 0 
699 -0.111827 0.850455 0 
700 -0.0414932 0.874103 0 
701 -0.062863 0.898503 0 
702 -0.0767119 0.958088 0 
703 -0.0410519 -0.646612 0 
704 -0.0859599 -0.610304 0 
705 -0.0553737 -0.580211 0 
706 -0.066244 -0.565892 0 
707 -0.0371959 -0.501596 0 
708 -0.0658912 -0.489222 0 
709 -0.0578992 -0.386509 0 
710 -0.0642811 -0.373634 0 
711 -0.0655933 -0.345306 0 
712 -0.0968501 -0.325854 0 
713 -0.074615 -0.306403 0 
714 -0.0865517 -0.28854 0 
715 -0.0568741 -0.179536 0 
716 -0.059007 -0.16306 0 
717 -0.072568 -0.143578 0 
718 -0.0345426 -0.090565 0 
719 -0.0760764 -0.0573038 0 
720 -0.0871412 -0.033209 0 
721 -0.0434037 0.0159465 0 
722 -0.0401078 0.0273036 0 
723 -0.0699646 0.0921299 0 
724 -0.0665435 0.113579 0 
725 -0.0586285 0.138452 0 
726 -0.0578382 0.155018 0 
727 -0.0548204 0.201265 0 
728 -0.028603 0.225372 0 
729 -0.042579 0.26138 0 
730 -0.0505209 0.269139 0 
731 -0.0704854 0.344318 0 
732 -0.0374684 0.372558 0 
733 -0.052758 0.385604 0 
734 -0.0430568 0.425876 0 
735 -0.0472463 0.453669 0 
736 -0.0219347 0.505227 0 
737 -0.031294 0.532903 0 
738 -0.000417126 0.552488 0 
739 0.0106925 0.575739 0 
740 -0.0345723 0.618316 0 
741 -0.00998189 0.667066 0 
742 -0.0501772 0.67934 0 
743 -0.0471883 0.795752 0 
744 -0.0522738 0.818167 0 
745 -0.0485611 0.844789 0 
746 -0.0245604 0.863892 0 
747 -0.0402245 0.92983 0 
748 -0.0410519 0.958088 0 
749 -0.00539187 -0.646612 0 
750 0.0133741 -0.610706 0 
751 -0.031995 -0.576115 0 
752 -6.19616e-05 -0.518159 0 
753 -0.0119744 -0.504109 0 
754 -0.0260921 -0.427607 0 
755 -0.0323319 -0.404714 0 
756 -0.0351894 -0.376076 0 
757 -0.00265074 -0.35724 0 
758 -0.0163977 -0.317171 0 
759 -0.035628 -0.298119 0 
760 -0.0252396 -0.232514 0 
761 -0.0243071 -0.176465 0 
762 -0.0253879 -0.159329 0 
763 0.00253199 -0.140877 0 
764 -0.0283259 -0.109934 0 
765 -0.00479308 -0.0670307 0 
766 -0.00446807 -0.0452734 0 
767 -0.0431579 -0.0108003 0 
768 -0.0305215 0.012335 0 
769 -0.00611333 0.0459645 0 
770 -0.00757091 0.0740157 0 
771 -0.0375471 0.134886 0 
772 0.00415671 0.154543 0 
773 -0.039955 0.182138 0 
774 -0.00989426 0.228436 0 
775 -0.0327563 0.268878 0 
776 -0.0270565 0.282455 0 
777 -0.0266066 0.301403 0 
778 -0.0315835 0.363418 0 
779 -0.0238283 0.382159 0 
780 -0.0273692 0.426626 0 
781 0.00284031 0.460024 0 
782 0.0247743 0.477113 0 
783 0.0152026 0.504287 0 
784 0.0105504 0.526201 0 
785 0.0342579 0.590539 0 
786 0.0154669 0.617308 0 
787 0.0019277 0.637435 0 
788 0.0415351 0.731579 0 
789 -0.0141127 0.738734 0 
790 -0.0101435 0.800157 0 
791 0.0269889 0.81844 0 
792 0.00350037 0.85851 0 
793 0.00116625 0.882119 0 
794 -0.00539187 0.958088 0 
795 0.0302681 -0.646612 0 
796 0.0720392 -0.598755 0 
797 0.0689153 -0.582948 0 
798 0.00941729 -0.543231 0 
799 0.0198058 -0.501813 0 
800 0.0283914 -0.455408 0 
801 0.0464107 -0.425142 0 
802 0.053551 -0.406744 0 
803 0.0137841 -0.360538 0 
804 0.0132013 -0.346207 0 
805 -0.00274019 -0.274165 0 
806 -0.00110229 -0.245438 0 
807 0.00274973 -0.2306 0 
808 0.041056 -0.159368 0 
809 0.0486821 -0.142067 0 
810 0.0347829 -0.126086 0 
811 -0.000950384 -0.0865435 0 
812 0.0313735 -0.0565011 0 
813 0.00483359 0.00672616 0 
814 0.0292412 0.0340503 0 
815 0.0135861 0.0519004 0 
816 0.00630526 0.0774497 0 
817 0.025347 0.118734 0 
818 0.0271149 0.151449 0 
819 -0.00776885 0.185347 0 
820 0.00578084 0.225099 0 
821 0.0100919 0.24414 0 
822 0.0190082 0.270467 0 
823 0.0372542 0.326679 0 
824 0.00839897 0.350858 0 
825 0.0412234 0.364161 0 
826 0.0370061 0.383479 0 
827 0.00800502 0.443848 0 
828 0.0664816 0.483007 0 
829 0.0348895 0.495131 0 
830 0.0525066 0.571292 0 
831 0.0610341 0.609899 0 
832 0.0464088 0.614643 0 
833 0.0672421 0.695018 0 
834 0.0632643 0.725221 0 
835 0.0399386 0.761858 0 
836 0.056279 0.790453 0 
837 0.0398247 0.812635 0 
838 0.0273273 0.847013 0 
839 0.0518506 0.923088 0 
840 0.0302681 0.958088 0 
841 0.0659281 -1.00321 0 
842 0.0659281 -0.967552 0 
843 0.0659281 -0.931892 0 
844 0.0659281 -0.896232 0 
845 0.0659281 -0.860572 0 
846 0.0659281 -0.824912 0 
847 0.0659281 -0.789252 0 
848 0.0659281 -0.753592 0 
849 0.0659281 -0.717932 0 
850 0.0659281 -0.682272 0 
851 0.0659281 -0.646612 0 
852 0.100382 -0.622404 0 
853 0.0841366 -0.551884 0 
854 0.0821789 -0.536528 0 
855 0.0304305 -0.512061 0 
856 0.0645608 -0.489816 0 
857 0.0520494 -0.438367 0 
858 0.0955087 -0.410544 0 
859 0.0367699 -0.362008 0 
860 0.0665624 -0.346403 0 
861 0.0289956 -0.308872 0 
862 0.0455348 -0.23577 0 
863 0.0540742 -0.220902 0 
864 0.0451043 -0.199553 0 
865 0.0824297 -0.15303 0 
866 0.0716875 -0.135033 0 
867 0.025867 -0.0867466 0 
868 0.0771322 -0.0451108 0 
869 0.0723636 -0.0313833 0 
870 0.0436531 0.0280549 0 
871 0.0914261 0.0618682 0 
872 0.111747 0.0930649 0 
873 0.0426378 0.122448 0 
874 0.069929 0.166852 0 
875 0.0658832 0.177949 0 
876 0.0151819 0.214506 0 
877 0.0335898 0.260606 0 
878 0.04168 0.280966 0 
879 0.0678992 0.323343 0 
880 0.0690248 0.344381 0 
881 0.0592962 0.361836 0 
882 0.0440178 0.410484 0 
883 0.0345503 0.432822 0 
884 0.11728 0.484311 0 
885 0.103301 0.52681 0 
886 0.0897726 0.543426 0 
887 0.0716724 0.588329 0 
888 0.0844854 0.647732 0 
889 0.0834322 0.682801 0 
890 0.0997511 0.726945 0 
891 0.105272 0.741942 0 
892 0.0750894 0.776125 0 
893 0.107325 0.871204 0 
894 0.10023 0.908042 0 
895 0.0671597 0.915492 0 
896 0.0659281 0.958088 0 
897 0.101588 -1.00321 0 
898 0.121815 -0.955205 0 
899 0.160666 -0.895443 0 
900 0.101241 -0.87989 0 
901 0.125624 -0.838359 0 
902 0.119063 -0.793777 0 
903 0.077288 -0.797441 0 
904 0.0924438 -0.755392 0 
905 0.0836474 -0.720481 0 
906 0.111007 -0.679971 0 
907 0.124579 -0.655067 0 
908 0.118754 -0.637783 0 
909 0.13202 -0.59206 0 
910 0.102433 -0.520424 0 
911 0.0978228 -0.507344 0 
912 0.0809272 -0.493606 0 
913 0.0983321 -0.433241 0 
914 0.108052 -0.41852 0 
915 0.107899 -0.377692 0 
916 0.0982554 -0.357293 0 
917 0.121328 -0.288385 0 
918 0.061522 -0.265341 0 
919 0.0704481 -0.231648 0 
920 0.130286 -0.186479 0 
921 0.129466 -0.164236 0 
922 0.0706387 -0.105819 0 
923 0.0576459 -0.083837 0 
924 0.090155 -0.0534473 0 
925 0.120903 0.000781461 0 
926 0.0687784 0.022425 0 
927 0.132379 0.0630679 0 
928 0.130399 0.100884 0 
929 0.114414 0.139096 0 
930 0.0830531 0.154923 0 
931 0.0770135 0.185508 0 
932 0.0684552 0.2088 0 
933 0.0396707 0.23288 0 
934 0.0889219 0.276457 0 
935 0.0691492 0.29319 0 
936 0.101371 0.327884 0 
937 0.126207 0.379369 0 
938 0.0989643 0.414453 0 
939 0.118229 0.437877 0 
940 0.129196 0.465272 0 
941 0.144314 0.513867 0 
942 0.126226 0.534673 0 
943 0.140765 0.622342 0 
944 0.126339 0.642194 0 
945 0.0993337 0.694747 0 
946 0.112699 0.729817 0 
947 0.117776 0.749021 0 
948 0.0988765 0.771897 0 
949 0.133572 0.855702 0 
950 0.130031 0.871805 0 
951 0.117647 0.948377 0 
952 0.101588 0.958088 0 
953 0.137248 -1.00321 0 
954 0.138045 -0.962492 0 
955 0.186626 -0.902897 0 
956 0.152888 -0.875793 0 
957 0.177388 -0.84801 0 
958 0.138482 -0.772499 0 
959 0.139666 -0.757594 0 
960 0.152485 -0.720373 0 
961 0.158777 -0.694113 0 
962 0.177345 -0.659359 0 
963 0.166785 -0.640034 0 
964 0.171647 -0.587469 0 
965 0.147548 -0.590134 0 
966 0.138513 -0.53926 0 
967 0.138694 -0.525273 0 
968 0.104649 -0.482158 0 
969 0.124736 -0.43188 0 
970 0.155005 -0.409703 0 
971 0.121472 -0.398484 0 
972 0.142147 -0.329327 0 
973 0.133989 -0.319012 0 
974 0.145246 -0.254842 0 
975 0.185185 -0.221258 0 
976 0.150154 -0.193182 0 
977 0.172762 -0.124185 0 
978 0.153216 -0.118349 0 
979 0.0945527 -0.0738563 0 
980 0.131404 -0.0408682 0 
981 0.143372 0.00814461 0 
982 0.11239 0.0274251 0 
983 0.160551 0.0578902 0 
984 0.151915 0.0688409 0 
985 0.154605 0.135941 0 
986 0.12313 0.173964 0 
987 0.152438 0.21108 0 
988 0.159101 0.234809 0 
989 0.152316 0.262414 0 
990 0.157873 0.294074 0 
991 0.114648 0.311787 0 
992 0.131797 0.338056 0 
993 0.146924 0.368983 0 
994 0.125453 0.412988 0 
995 0.136062 0.430091 0 
996 0.179527 0.497488 0 
997 0.157655 0.503994 0 
998 0.161746 0.531731 0 
999 0.160248 0.6161 0 
1000 0.133168 0.66262 0 
1001 0.129298 0.686457 0 
1002 0.12068 0.715193 0 
1003 0.173096 0.767192 0 
1004 0.130765 0.793637 0 
1005 0.161243 0.869162 0 
1006 0.148042 0.900579 0 
1007 0.142687 0.925329 0 
1008 0.137248 0.958088 0 
1009 0.172908 -1.00321 0 
1010 0.150565 -0.984976 0 
1011 0.230872 -0.895218 0 
1012 0.17199 -0.877841 0 
1013 0.188686 -0.852358 0 
1014 0.205374 -0.828301 0 
1015 0.199357 -0.777111 0 
1016 0.161942 -0.742123 0 
1017 0.165201 -0.714828 0 
1018 0.204738 -0.655711 0 
1019 0.196555 -0.650087 0 
1020 0.187666 -0.584616 0 
1021 0.189489 -0.544316 0 
1022 0.153533 -0.535296 0 
1023 0.163011 -0.513306 0 
1024 0.171283 -0.493144 0 
1025 0.189803 -0.433573 0 
1026 0.164778 -0.416231 0 
1027 0.193013 -0.377653 0 
1028 0.171832 -0.356999 0 
1029 0.152924 -0.307739 0 
1030 0.162093 -0.258289 0 
1031 0.199179 -0.224809 0 
1032 0.194526 -0.19486 0 
1033 0.188756 -0.139564 0 
1034 0.182498 -0.109004 0 
1035 0.195477 -0.0714116 0 
1036 0.156358 -0.0401128 0 
1037 0.152282 -0.0153818 0 
1038 0.184384 0.0365631 0 
1039 0.198915 0.0582646 0 
1040 0.175161 0.104295 0 
1041 0.172146 0.120497 0 
1042 0.200217 0.15137 0 
1043 0.160221 0.197032 0 
1044 0.18325 0.246216 0 
1045 0.169105 0.249229 0 
1046 0.180836 0.317726 0 
1047 0.167618 0.320625 0 
1048 0.15242 0.33671 0 
1049 0.186723 0.39605 0 
1050 0.165102 0.39872 0 
1051 0.154621 0.419677 0 
1052 0.195386 0.48931 0 
1053 0.193969 0.513996 0 
1054 0.217123 0.565132 0 
1055 0.213318 0.586703 0 
1056 0.173181 0.649677 0 
1057 0.149292 0.674981 0 
1058 0.22679 0.733655 0 
1059 0.188512 0.759831 0 
1060 0.21378 0.79908 0 
1061 0.175284 0.825177 0 
1062 0.183543 0.876505 0 
1063 0.19904 0.942824 0 
1064 0.172908 0.958088 0 
1065 0.208568 -1.00321 0 
1066 0.236789 -0.963278 0 
1067 0.238598 -0.931868 0 
1068 0.255828 -0.861416 0 
1069 0.24344 -0.837055 0 
1070 0.228969 -0.821394 0 
1071 0.229564 -0.739815 0 
1072 0.215942 -0.73811 0 
1073 0.205682 -0.725664 0 
1074 0.211606 -0.677756 0 
1075 0.217194 -0.648786 0 
1076 0.205977 -0.59033 0 
1077 0.226842 -0.576515 0 
1078 0.210224 -0.52373 0 
1079 0.229421 -0.500032 0 
1080 0.234028 -0.481016 0 
1081 0.206961 -0.433794 0 
1082 0.210885 -0.408633 0 
1083 0.222819 -0.381573 0 
1084 0.203986 -0.319768 0 
1085 0.201854 -0.301353 0 
1086 0.17098 -0.284029 0 
1087 0.22335 -0.221192 0 
1088 0.213143 -0.189743 0 
1089 0.218163 -0.125982 0 
1090 0.2279 -0.110702 0 
1091 0.200544 -0.0927408 0 
1092 0.243005 -0.0463306 0 
1093 0.242466 -0.0193498 0 
1094 0.19146 0.0198633 0 
1095 0.212431 0.0568437 0 
1096 0.215049 0.0973153 0 
1097 0.232654 0.111879 0 
1098 0.239154 0.167185 0 
1099 0.219744 0.180676 0 
1100 0.19433 0.227087 0 
1101 0.196208 0.267112 0 
1102 0.203976 0.288122 0 
1103 0.197554 0.334624 0 
1104 0.226912 0.374148 0 
1105 0.197994 0.383595 0 
1106 0.201045 0.415954 0 
1107 0.235546 0.465405 0 
1108 0.265838 0.535931 0 
1109 0.243874 0.547781 0 
1110 0.23213 0.558963 0 
1111 0.227188 0.620042 0 
1112 0.214167 0.637009 0 
1113 0.238694 0.694368 0 
1114 0.248349 0.723013 0 
1115 0.229648 0.785107 0 
1116 0.223436 0.796303 0 
1117 0.236348 0.823847 0 
1118 0.194389 0.850294 0 
1119 0.227578 0.931907 0 
1120 0.208568 0.958088 0 
1121 0.244228 -1.00321 0 
1122 0.242759 -0.988872 0 
1123 0.267141 -0.92239 0 
1124 0.277024 -0.856499 0 
1125 0.271994 -0.812068 0 
1126 0.28312 -0.76503 0 
1127 0.25047 -0.763497 0 
1128 0.239053 -0.725148 0 
1129 0.255049 -0.694893 0 
1130 0.238279 -0.673215 0 
1131 0.272931 -0.613022 0 
1132 0.255639 -0.597981 0 
1133 0.233783 -0.580571 0 
1134 0.239378 -0.552594 0 
1135 0.239699 -0.536304 0 
1136 0.260812 -0.469001 0 
1137 0.251257 -0.464787 0 
1138 0.243241 -0.387882 0 
1139 0.251585 -0.36581 0 
1140 0.248763 -0.352844 0 
1141 0.247253 -0.329385 0 
1142 0.262853 -0.240629 0 
1143 0.266895 -0.207053 0 
1144 0.265295 -0.19393 0 
1145 0.242689 -0.173248 0 
1146 0.245702 -0.124713 0 
1147 0.265168 -0.0804613 0 
1148 0.270171 -0.040594 0 
1149 0.25304 -0.0346817 0 
1150 0.261874 0.0106357 0 
1151 0.259505 0.0854025 0 
1152 0.243316 0.0940094 0 
1153 0.247765 0.112157 0 
1154 0.262343 0.174752 0 
1155 0.228849 0.18895 0 
1156 0.234404 0.214434 0 
1157 0.256681 0.250838 0 
1158 0.229464 0.298571 0 
1159 0.257628 0.357888 0 
1160 0.25189 0.372211 0 
1161 0.230964 0.395181 0 
1162 0.270844 0.451488 0 
1163 0.284409 0.482818 0 
1164 0.280309 0.49523 0 
1165 0.290996 0.559978 0 
1166 0.281658 0.574243 0 
1167 0.251649 0.582865 0 
1168 0.271143 0.690054 0 
1169 0.263897 0.711919 0 
1170 0.282872 0.752209 0 
1171 0.268853 0.760947 0 
1172 0.250469 0.809418 0 
1173 0.25947 0.825082 0 
1174 0.217116 0.859504 0 
1175 0.244618 0.901228 0 
1176 0.244228 0.958088 0 
1177 0.279888 -1.00321 0 
1178 0.299724 -0.982405 0 
1179 0.30264 -0.897502 0 
1180 0.29078 -0.888663 0 
1181 0.292302 -0.847691 0 
1182 0.291254 -0.784 0 
1183 0.306929 -0.734106 0 
1184 0.262634 -0.727204 0 
1185 0.307711 -0.670119 0 
1186 0.296219 -0.65924 0 
1187 0.288643 -0.623385 0 
1188 0.278888 -0.573623 0 
1189 0.256518 -0.573791 0 
1190 0.282044 -0.521153 0 
1191 0.279888 -0.503972 0 
1192 0.279888 -0.468312 0 
1193 0.279888 -0.432652 0 
1194 0.279888 -0.396992 0 
1195 0.279888 -0.361332 0 
1196 0.279888 -0.325672 0 
1197 0.279888 -0.290012 0 
1198 0.279888 -0.254352 0 
1199 0.279888 -0.218692 0 
1200 0.279888 -0.183032 0 
1201 0.279888 -0.147372 0 
1202 0.279888 -0.111712 0 
1203 0.279888 -0.0760524 0 
1204 0.279888 -0.0403924 0 
1205 0.279888 -0.00473244 0 
1206 0.279888 0.0309276 0 
1207 0.279888 0.0665876 0 
1208 0.279888 0.102248 0 
1209 0.279888 0.137908 0 
1210 0.279888 0.173568 0 
1211 0.279888 0.209228 0 
1212 0.301053 0.249997 0 
1213 0.280157 0.263338 0 
1214 0.300333 0.325066 0 
1215 0.269521 0.341363 0 
1216 0.294441 0.369022 0 
1217 0.25929 0.392126 0 
1218 0.317067 0.452787 0 
1219 0.297644 0.479742 0 
1220 0.330272 0.504515 0 
1221 0.327786 0.53718 0 
1222 0.293659 0.60478 0 
1223 0.28955 0.62097 0 
1224 0.291268 0.644276 0 
1225 0.301413 0.726696 0 
1226 0.291964 0.748848 0 
1227 0.308283 0.775498 0 
1228 0.287895 0.785609 0 
1229 0.271355 0.818932 0 
1230 0.311698 0.861381 0 
1231 0.275692 0.917262 0 
1232 0.279888 0.958088 0 
1233 0.315548 -1.00321 0 
1234 0.319769 -0.981748 0 
1235 0.323201 -0.894561 0 
1236 0.337785 -0.869163 0 
1237 0.30273 -0.866919 0 
1238 0.3091 -0.814333 0 
1239 0.321617 -0.733772 0 
1240 0.342578 -0.695975 0 
1241 0.334112 -0.67148 0 
1242 0.308247 -0.61509 0 
1243 0.299938 -0.594962 0 
1244 0.295805 -0.579578 0 
1245 0.304764 -0.537287 0 
1246 0.304999 -0.518207 0 
1247 0.315548 -0.503972 0 
1248 0.315548 0.209228 0 
1249 0.309365 0.223359 0 
1250 0.332095 0.271515 0 
1251 0.312132 0.283738 0 
1252 0.348365 0.361467 0 
1253 0.36703 0.38647 0 
1254 0.351291 0.401096 0 
1255 0.317587 0.421724 0 
1256 0.348258 0.459219 0 
1257 0.36144 0.490482 0 
1258 0.344059 0.51514 0 
1259 0.34716 0.584502 0 
1260 0.314223 0.62022 0 
1261 0.35954 0.651332 0 
1262 0.344965 0.67055 0 
1263 0.333372 0.73658 0 
1264 0.314 0.772347 0 
1265 0.315901 0.788271 0 
1266 0.340254 0.838683 0 
1267 0.33179 0.862713 0 
1268 0.32703 0.944967 0 
1269 0.315548 0.958088 0 
1270 0.351208 -1.00321 0 
1271 0.339647 -0.96131 0 
1272 0.342681 -0.908311 0 
1273 0.392795 -0.856709 0 
1274 0.348104 -0.837412 0 
1275 0.333239 -0.821169 0 
1276 0.370322 -0.72602 0 
1277 0.374468 -0.709458 0 
1278 0.342345 -0.671532 0 
1279 0.357412 -0.652045 0 
1280 0.328147 -0.595968 0 
1281 0.352496 -0.580967 0 
1282 0.320529 -0.552477 0 
1283 0.376966 -0.51858 0 
1284 0.351208 -0.503972 0 
1285 0.351208 0.209228 0 
1286 0.354368 0.242665 0 
1287 0.34859 0.275608 0 
1288 0.342807 0.28382 0 
1289 0.379591 0.373161 0 
1290 0.378331 0.386754 0 
1291 0.370013 0.398113 0 
1292 0.370993 0.443741 0 
1293 0.368716 0.462374 0 
1294 0.388611 0.512566 0 
1295 0.365065 0.509331 0 
1296 0.365633 0.592034 0 
1297 0.387101 0.623871 0 
1298 0.379617 0.643783 0 
1299 0.357883 0.71195 0 
1300 0.34902 0.731796 0 
1301 0.383188 0.742782 0 
1302 0.35881 0.782188 0 
1303 0.370077 0.837322 0 
1304 0.345081 0.85259 0 
1305 0.366899 0.920328 0 
1306 0.351208 0.958088 0 
1307 0.386868 -1.00321 0 
1308 0.402496 -0.988764 0 
1309 0.389463 -0.908492 0 
1310 0.422145 -0.878834 0 
1311 0.3938 -0.813837 0 
1312 0.407865 -0.785808 0 
1313 0.400436 -0.76541 0 
1314 0.396012 -0.713381 0 
1315 0.376239 -0.6873 0 
1316 0.360665 -0.66545 0 
1317 0.402343 -0.648755 0 
1318 0.366631 -0.582144 0 
1319 0.386453 -0.569644 0 
1320 0.392506 -0.53259 0 
1321 0.386868 -0.503972 0 
1322 0.386868 0.209228 0 
1323 0.365083 0.227046 0 
1324 0.398611 0.270674 0 
1325 0.374143 0.292682 0 
1326 0.401226 0.349026 0 
1327 0.399257 0.363727 0 
1328 0.395453 0.414082 0 
1329 0.387453 0.427749 0 
1330 0.41574 0.505245 0 
1331 0.424322 0.541762 0 
1332 0.400421 0.580037 0 
1333 0.386827 0.601334 0 
1334 0.397801 0.61648 0 
1335 0.391187 0.654677 0 
1336 0.396765 0.674626 0 
1337 0.38863 0.712273 0 
1338 0.394975 0.738024 0 
1339 0.383584 0.768596 0 
1340 0.401483 0.867005 0 
1341 0.414737 0.904954 0 
1342 0.385325 0.91689 0 
1343 0.386868 0.958088 0 
1344 0.422528 -1.00321 0 
1345 0.417138 -0.99033 0 
1346 0.415053 -0.938758 0 
1347 0.434066 -0.881941 0 
1348 0.425421 -0.833691 0 
1349 0.456339 -0.787751 0 
1350 0.419872 -0.743927 0 
1351 0.415379 -0.737854 0 
1352 0.424691 -0.694588 0 
1353 0.437744 -0.676781 0 
1354 0.441013 -0.65771 0 
1355 0.434937 -0.630336 0 
1356 0.431806 -0.600892 0 
1357 0.404145 -0.550707 0 
1358 0.422528 -0.503972 0 
1359 0.422528 0.209228 0 
1360 0.460862 0.254425 0 
1361 0.420134 0.271226 0 
1362 0.428218 0.339508 0 
1363 0.445416 0.380438 0 
1364 0.425011 0.400496 0 
1365 0.416657 0.413869 0 
1366 0.447162 0.466448 0 
1367 0.427963 0.472386 0 
1368 0.431432 0.505109 0 
1369 0.447994 0.559837 0 
1370 0.433941 0.581933 0 
1371 0.420062 0.617115 0 
1372 0.404653 0.640349 0 
1373 0.426583 0.683061 0 
1374 0.471742 0.753455 0 
1375 0.426671 0.763529 0 
1376 0.436257 0.790752 0 
1377 0.441453 0.814384 0 
1378 0.428984 0.893209 0 
1379 0.421993 0.941583 0 
1380 0.422528 0.958088 0 
1381 0.458188 -1.00321 0 
1382 0.456581 -0.979032 0 
1383 0.477844 -0.923377 0 
1384 0.440239 -0.911478 0 
1385 0.472864 -0.859551 0 
1386 0.461073 -0.805218 0 
1387 0.487886 -0.760889 0 
1388 0.434973 -0.715108 0 
1389 0.43864 -0.694272 0 
1390 0.463233 -0.665717 0 
1391 0.471476 -0.629084 0 
1392 0.463203 -0.572631 0 
1393 0.452458 -0.557805 0 
1394 0.449871 -0.526343 0 
1395 0.458188 -0.503972 0 
1396 0.458188 0.209228 0 
1397 0.478687 0.230206 0 
1398 0.485323 0.2795 0 
1399 0.44882 0.311754 0 
1400 0.450087 0.349619 0 
1401 0.473436 0.391616 0 
1402 0.487891 0.425475 0 
1403 0.455294 0.439091 0 
1404 0.464177 0.48443 0 
1405 0.482763 0.553969 0 
1406 0.464581 0.563152 0 
1407 0.451377 0.584759 0 
1408 0.443122 0.616315 0 
1409 0.484269 0.687836 0 
1410 0.464816 0.706171 0 
1411 0.482328 0.738728 0 
1412 0.494763 0.798402 0 
1413 0.483739 0.818128 0 
1414 0.488497 0.840118 0 
1415 0.475851 0.858229 0 
1416 0.46849 0.888366 0 
1417 0.458188 0.958088 0 
1418 0.493848 -1.00321 0 
1419 0.482294 -0.972551 0 
1420 0.491524 -0.950263 0 
1421 0.509708 -0.876877 0 
1422 0.486308 -0.864507 0 
1423 0.47971 -0.819215 0 
1424 0.500876 -0.768812 0 
1425 0.540662 -0.72322 0 
1426 0.52413 -0.694028 0 
1427 0.476416 -0.666381 0 
1428 0.498304 -0.630071 0 
1429 0.505453 -0.592917 0 
1430 0.476023 -0.554025 0 
1431 0.482812 -0.529858 0 
1432 0.493848 -0.503972 0 
1433 0.493848 0.209228 0 
1434 0.501899 0.232935 0 
1435 0.506031 0.29935 0 
1436 0.499115 0.302373 0 
1437 0.465766 0.349973 0 
1438 0.488053 0.375245 0 
1439 0.509079 0.434316 0 
1440 0.516434 0.451566 0 
1441 0.50776 0.467936 0 
1442 0.493125 0.491641 0 
1443 0.510632 0.571569 0 
1444 0.512733 0.585305 0 
1445 0.475603 0.63164 0 
1446 0.490857 0.657742 0 
1447 0.51808 0.731714 0 
1448 0.516089 0.754351 0 
1449 0.508816 0.763631 0 
1450 0.515748 0.802189 0 
1451 0.510683 0.820824 0 
1452 0.506649 0.916453 0 
1453 0.499444 0.938169 0 
1454 0.493848 0.958088 0 
1455 0.529508 -1.00321 0 
1456 0.496405 -0.983699 0 
1457 0.542166 -0.933445 0 
1458 0.530741 -0.896796 0 
1459 0.521103 -0.842032 0 
1460 0.53921 -0.785837 0 
1461 0.518103 -0.773022 0 
1462 0.559166 -0.726425 0 
1463 0.559599 -0.70784 0 
1464 0.519083 -0.646309 0 
1465 0.528798 -0.627079 0 
1466 0.514418 -0.618515 0 
1467 0.542297 -0.564935 0 
1468 0.499644 -0.531133 0 
1469 0.529508 -0.503972 0 
1470 0.529508 0.209228 0 
1471 0.529508 0.244888 0 
1472 0.529508 0.280547 0 
1473 0.529508 0.316207 0 
1474 0.529508 0.351867 0 
1475 0.529508 0.387527 0 
1476 0.529508 0.423187 0 
1477 0.529508 0.458847 0 
1478 0.529508 0.494507 0 
1479 0.529508 0.530168 0 
1480 0.529508 0.565827 0 
1481 0.529508 0.601488 0 
1482 0.529508 0.637147 0 
1483 0.529508 0.672808 0 
1484 0.529508 0.708467 0 
1485 0.529508 0.744128 0 
1486 0.529508 0.779787 0 
1487 0.529508 0.815448 0 
1488 0.529508 0.851107 0 
1489 0.529508 0.886768 0 
1490 0.529508 0.922427 0 
1491 0.529508 0.958088 0 
1492 0.565168 -1.00321 0 
1493 0.548436 -0.974234 0 
1494 0.565864 -0.932267 0 
1495 0.546397 -0.848009 0 
1496 0.540832 -0.823006 0 
1497 0.553957 -0.787041 0 
1498 0.583285 -0.758413 0 
1499 0.567909 -0.741275 0 
1500 0.575404 -0.703552 0 
1501 0.588584 -0.681992 0 
1502 0.578763 -0.655028 0 
1503 0.56361 -0.583453 0 
1504 0.580286 -0.54322 0 
1505 0.582274 -0.528517 0 
1506 0.565168 -0.503972 0 
1507 0.600828 -1.00321 0 
1508 0.601327 -0.980922 0 
1509 0.571974 -0.948255 0 
1510 0.607763 -0.910694 0 
1511 0.600685 -0.855392 0 
1512 0.613503 -0.792437 0 
1513 0.594328 -0.771331 0 
1514 0.593648 -0.734522 0 
1515 0.59633 -0.70759 0 
1516 0.641765 -0.661226 0 
1517 0.615591 -0.615863 0 
1518 0.595066 -0.619078 0 
1519 0.583003 -0.569261 0 
1520 0.604353 -0.536169 0 
1521 0.600828 -0.503972 0 
1522 0.636488 -1.00321 0 
1523 0.644858 -0.953454 0 
1524 0.606724 -0.9429 0 
1525 0.631884 -0.911831 0 
1526 0.618694 -0.870119 0 
1527 0.628731 -0.811674 0 
1528 0.659975 -0.78363 0 
1529 0.608261 -0.739925 0 
1530 0.65084 -0.712924 0 
1531 0.656177 -0.676563 0 
1532 0.652888 -0.629481 0 
1533 0.61921 -0.588478 0 
1534 0.613007 -0.573288 0 
1535 0.661626 -0.520584 0 
1536 0.636488 -0.503972 0 
1537 0.672148 -1.00321 0 
1538 0.672148 -0.967552 0 
1539 0.672148 -0.931892 0 
1540 0.672148 -0.896232 0 
1541 0.672148 -0.860572 0 
1542 0.672148 -0.824912 0 
1543 0.672148 -0.789252 0 
1544 0.672148 -0.753592 0 
1545 0.672148 -0.717932 0 
1546 0.672148 -0.682272 0 
1547 0.672148 -0.646612 0 
1548 0.672148 -0.610952 0 
1549 0.672148 -0.575292 0 
1550 0.672148 -0.539632 0 
1551 0.672148 -0.503972 0 
