0 -0.424434 -0.405 0 
1 -0.424434 -0.393183 0 
2 -0.424434 -0.381365 0 
3 -0.424434 -0.369548 0 
4 -0.424434 -0.357731 0 
5 -0.424434 -0.345913 0 
6 -0.424434 -0.334096 0 
7 -0.424434 -0.322279 0 
8 -0.424434 -0.310462 0 
9 -0.424434 -0.298644 0 
10 -0.424434 -0.286827 0 
11 -0.424434 -0.27501 0 
12 -0.424434 -0.263193 0 
13 -0.424434 -0.251375 0 
14 -0.424434 -0.239558 0 
15 -0.424434 -0.227741 0 
16 -0.424434 -0.215924 0 
17 -0.424434 -0.204106 0 
18 -0.424434 -0.192289 0 
19 -0.424434 -0.180472 0 
20 -0.424434 -0.168654 0 
21 -0.424434 -0.156837 0 
22 -0.424434 -0.14502 0 
23 -0.424434 -0.133203 0 
24 -0.424434 -0.121385 0 
25 -0.424434 -0.109568 0 
26 -0.424434 -0.0977508 0 
27 -0.424434 -0.0859335 0 
28 -0.412616 -0.405 0 
29 -0.407435 -0.386174 0 
30 -0.402469 -0.343689 0 
31 -0.409611 -0.334325 0 
32 -0.414454 -0.325964 0 
33 -0.418255 -0.321463 0 
34 -0.419854 -0.315464 0 
35 -0.419853 -0.308661 0 
36 -0.41937 -0.301863 0 
37 -0.417854 -0.291639 0 
38 -0.415108 -0.276454 0 
39 -0.413223 -0.263345 0 
40 -0.411716 -0.25281 0 
41 -0.410268 -0.242879 0 
42 -0.406806 -0.23108 0 
43 -0.404093 -0.219889 0 
44 -0.404255 -0.209837 0 
45 -0.403989 -0.199568 0 
46 -0.402046 -0.188171 0 
47 -0.401136 -0.177652 0 
48 -0.403561 -0.168768 0 
49 -0.403299 -0.158983 0 
50 -0.403008 -0.149721 0 
51 -0.404347 -0.141022 0 
52 -0.405812 -0.132643 0 
53 -0.407627 -0.125645 0 
54 -0.407945 -0.118878 0 
55 -0.412616 -0.0859335 0 
56 -0.400799 -0.405 0 
57 -0.371448 -0.380021 0 
58 -0.357254 -0.338426 0 
59 -0.376412 -0.323506 0 
60 -0.392421 -0.319863 0 
61 -0.399964 -0.314694 0 
62 -0.403759 -0.309244 0 
63 -0.405849 -0.304157 0 
64 -0.406173 -0.298193 0 
65 -0.406078 -0.289606 0 
66 -0.404743 -0.277864 0 
67 -0.403512 -0.266077 0 
68 -0.402103 -0.254964 0 
69 -0.400698 -0.244299 0 
70 -0.398608 -0.233005 0 
71 -0.396883 -0.222097 0 
72 -0.395982 -0.211429 0 
73 -0.395277 -0.200937 0 
74 -0.394216 -0.190015 0 
75 -0.393632 -0.179738 0 
76 -0.394162 -0.170053 0 
77 -0.394152 -0.160315 0 
78 -0.394385 -0.150902 0 
79 -0.395088 -0.14142 0 
80 -0.39628 -0.131217 0 
81 -0.397889 -0.122109 0 
82 -0.396756 -0.117024 0 
83 -0.400799 -0.0859335 0 
84 -0.388982 -0.405 0 
85 -0.358282 -0.383896 0 
86 -0.348129 -0.349728 0 
87 -0.351546 -0.321686 0 
88 -0.367641 -0.314704 0 
89 -0.378299 -0.310094 0 
90 -0.385359 -0.304886 0 
91 -0.390679 -0.300226 0 
92 -0.392947 -0.295649 0 
93 -0.393649 -0.287988 0 
94 -0.393862 -0.278283 0 
95 -0.393266 -0.267898 0 
96 -0.392541 -0.256837 0 
97 -0.391531 -0.246073 0 
98 -0.390072 -0.23485 0 
99 -0.388911 -0.224026 0 
100 -0.387778 -0.213078 0 
101 -0.386937 -0.202508 0 
102 -0.385991 -0.191611 0 
103 -0.385453 -0.18135 0 
104 -0.385297 -0.171379 0 
105 -0.385124 -0.161596 0 
106 -0.385366 -0.152089 0 
107 -0.385681 -0.142634 0 
108 -0.38635 -0.13332 0 
109 -0.386788 -0.125037 0 
110 -0.388493 -0.115837 0 
111 -0.388982 -0.0859335 0 
112 -0.377165 -0.405 0 
113 -0.348758 -0.388185 0 
114 -0.340656 -0.360416 0 
115 -0.342639 -0.334395 0 
116 -0.348522 -0.315664 0 
117 -0.360183 -0.308945 0 
118 -0.36793 -0.303788 0 
119 -0.374788 -0.298831 0 
120 -0.379411 -0.294271 0 
121 -0.381341 -0.287547 0 
122 -0.382735 -0.278824 0 
123 -0.383076 -0.269134 0 
124 -0.382947 -0.258569 0 
125 -0.382324 -0.247858 0 
126 -0.381421 -0.23672 0 
127 -0.380558 -0.22573 0 
128 -0.379488 -0.214712 0 
129 -0.378663 -0.204047 0 
130 -0.377685 -0.193031 0 
131 -0.377034 -0.182727 0 
132 -0.376504 -0.172539 0 
133 -0.376159 -0.16277 0 
134 -0.376181 -0.153274 0 
135 -0.376239 -0.143938 0 
136 -0.376675 -0.13505 0 
137 -0.376696 -0.126035 0 
138 -0.381015 -0.118012 0 
139 -0.377165 -0.0859335 0 
140 -0.365347 -0.405 0 
141 -0.336328 -0.39052 0 
142 -0.335516 -0.368811 0 
143 -0.334853 -0.345723 0 
144 -0.338263 -0.326213 0 
145 -0.344559 -0.311972 0 
146 -0.353354 -0.305073 0 
147 -0.36024 -0.299637 0 
148 -0.365925 -0.294809 0 
149 -0.369576 -0.288062 0 
150 -0.371546 -0.279865 0 
151 -0.372837 -0.270511 0 
152 -0.373229 -0.260379 0 
153 -0.373181 -0.249624 0 
154 -0.372703 -0.238572 0 
155 -0.372039 -0.227405 0 
156 -0.371216 -0.216291 0 
157 -0.370323 -0.205311 0 
158 -0.369296 -0.194308 0 
159 -0.368607 -0.183834 0 
160 -0.367727 -0.173445 0 
161 -0.367138 -0.163724 0 
162 -0.366837 -0.154198 0 
163 -0.366751 -0.145086 0 
164 -0.367265 -0.136571 0 
165 -0.368505 -0.128043 0 
166 -0.372531 -0.11995 0 
167 -0.365347 -0.0859335 0 
168 -0.35353 -0.405 0 
169 -0.325988 -0.393187 0 
170 -0.329287 -0.3744 0 
171 -0.329488 -0.354928 0 
172 -0.330585 -0.335992 0 
173 -0.334382 -0.319857 0 
174 -0.340636 -0.30931 0 
175 -0.347658 -0.302398 0 
176 -0.353478 -0.296712 0 
177 -0.357857 -0.289911 0 
178 -0.360688 -0.281541 0 
179 -0.36261 -0.272321 0 
180 -0.363715 -0.26232 0 
181 -0.364196 -0.251566 0 
182 -0.364099 -0.240557 0 
183 -0.363682 -0.229097 0 
184 -0.36304 -0.217793 0 
185 -0.362084 -0.206473 0 
186 -0.361043 -0.195366 0 
187 -0.360092 -0.18458 0 
188 -0.359 -0.174107 0 
189 -0.358183 -0.164325 0 
190 -0.357489 -0.154789 0 
191 -0.357068 -0.14589 0 
192 -0.357271 -0.137714 0 
193 -0.35807 -0.129819 0 
194 -0.360324 -0.122777 0 
195 -0.35353 -0.0859335 0 
196 -0.341713 -0.405 0 
197 -0.321124 -0.396229 0 
198 -0.323387 -0.377871 0 
199 -0.324369 -0.36061 0 
200 -0.325024 -0.344449 0 
201 -0.327196 -0.329209 0 
202 -0.331086 -0.316174 0 
203 -0.336751 -0.307292 0 
204 -0.342557 -0.300157 0 
205 -0.346887 -0.292524 0 
206 -0.350219 -0.284142 0 
207 -0.352658 -0.274766 0 
208 -0.35441 -0.264613 0 
209 -0.355349 -0.253872 0 
210 -0.355702 -0.242538 0 
211 -0.355513 -0.230899 0 
212 -0.355012 -0.219195 0 
213 -0.354066 -0.207502 0 
214 -0.352954 -0.196182 0 
215 -0.351687 -0.184961 0 
216 -0.350425 -0.174358 0 
217 -0.349285 -0.164465 0 
218 -0.348035 -0.154833 0 
219 -0.347199 -0.146117 0 
220 -0.346791 -0.138239 0 
221 -0.346526 -0.130856 0 
222 -0.347157 -0.124607 0 
223 -0.341713 -0.0859335 0 
224 -0.329895 -0.405 0 
225 -0.314887 -0.397738 0 
226 -0.315777 -0.38109 0 
227 -0.317188 -0.36493 0 
228 -0.318856 -0.349759 0 
229 -0.32057 -0.336205 0 
230 -0.323609 -0.323947 0 
231 -0.327836 -0.313397 0 
232 -0.332408 -0.304658 0 
233 -0.336684 -0.296113 0 
234 -0.340228 -0.287306 0 
235 -0.343136 -0.277835 0 
236 -0.34535 -0.267541 0 
237 -0.34694 -0.256534 0 
238 -0.347711 -0.244856 0 
239 -0.347773 -0.232932 0 
240 -0.347335 -0.220601 0 
241 -0.346434 -0.208493 0 
242 -0.345143 -0.196633 0 
243 -0.343618 -0.184995 0 
244 -0.342114 -0.1742 0 
245 -0.340452 -0.163935 0 
246 -0.338751 -0.154221 0 
247 -0.337348 -0.145639 0 
248 -0.336086 -0.137888 0 
249 -0.334866 -0.130928 0 
250 -0.334047 -0.12524 0 
251 -0.329895 -0.0859335 0 
252 -0.318078 -0.405 0 
253 -0.308198 -0.398358 0 
254 -0.307956 -0.382837 0 
255 -0.308913 -0.368121 0 
256 -0.310555 -0.354286 0 
257 -0.312787 -0.341008 0 
258 -0.315462 -0.329212 0 
259 -0.318742 -0.318768 0 
260 -0.322764 -0.309174 0 
261 -0.326701 -0.300213 0 
262 -0.330604 -0.291067 0 
263 -0.333929 -0.281489 0 
264 -0.336745 -0.27116 0 
265 -0.338914 -0.259826 0 
266 -0.34022 -0.24779 0 
267 -0.340643 -0.235099 0 
268 -0.340237 -0.222185 0 
269 -0.339286 -0.209347 0 
270 -0.337733 -0.196695 0 
271 -0.335948 -0.184735 0 
272 -0.334124 -0.173417 0 
273 -0.331888 -0.162676 0 
274 -0.329673 -0.152889 0 
275 -0.327678 -0.144216 0 
276 -0.325494 -0.136489 0 
277 -0.323283 -0.129844 0 
278 -0.321412 -0.124667 0 
279 -0.318078 -0.0859335 0 
280 -0.306261 -0.405 0 
281 -0.299287 -0.397726 0 
282 -0.298942 -0.383412 0 
283 -0.300117 -0.369884 0 
284 -0.301576 -0.356895 0 
285 -0.303577 -0.344657 0 
286 -0.306267 -0.333344 0 
287 -0.309342 -0.322776 0 
288 -0.312873 -0.313319 0 
289 -0.316721 -0.304232 0 
290 -0.320834 -0.295229 0 
291 -0.32481 -0.28577 0 
292 -0.328531 -0.275504 0 
293 -0.331433 -0.264115 0 
294 -0.333553 -0.251382 0 
295 -0.334385 -0.237833 0 
296 -0.334036 -0.224026 0 
297 -0.332801 -0.210044 0 
298 -0.331008 -0.196691 0 
299 -0.328839 -0.183957 0 
300 -0.326442 -0.17191 0 
301 -0.323827 -0.160775 0 
302 -0.321086 -0.150665 0 
303 -0.318407 -0.141793 0 
304 -0.315267 -0.133879 0 
305 -0.312161 -0.127369 0 
306 -0.309254 -0.12283 0 
307 -0.306261 -0.0859335 0 
308 -0.294444 -0.405 0 
309 -0.284877 -0.395008 0 
310 -0.287104 -0.382347 0 
311 -0.28919 -0.370072 0 
312 -0.291396 -0.358183 0 
313 -0.293762 -0.346843 0 
314 -0.2962 -0.336147 0 
315 -0.299134 -0.326093 0 
316 -0.302603 -0.316698 0 
317 -0.306374 -0.307967 0 
318 -0.310721 -0.299404 0 
319 -0.315472 -0.290646 0 
320 -0.320495 -0.28097 0 
321 -0.324788 -0.269634 0 
322 -0.327892 -0.256401 0 
323 -0.329503 -0.241548 0 
324 -0.329188 -0.226107 0 
325 -0.327378 -0.210781 0 
326 -0.32501 -0.196309 0 
327 -0.322231 -0.18248 0 
328 -0.31935 -0.1698 0 
329 -0.316313 -0.158098 0 
330 -0.31302 -0.147525 0 
331 -0.309515 -0.138022 0 
332 -0.305443 -0.129814 0 
333 -0.301428 -0.123613 0 
334 -0.298352 -0.118651 0 
335 -0.294444 -0.0859335 0 
336 -0.282626 -0.405 0 
337 -0.271242 -0.391732 0 
338 -0.275284 -0.380788 0 
339 -0.278024 -0.369583 0 
340 -0.280343 -0.358608 0 
341 -0.2828 -0.347997 0 
342 -0.285427 -0.337894 0 
343 -0.288281 -0.328386 0 
344 -0.291557 -0.3195 0 
345 -0.295347 -0.311171 0 
346 -0.299905 -0.303325 0 
347 -0.305322 -0.295847 0 
348 -0.311878 -0.287636 0 
349 -0.3176 -0.276674 0 
350 -0.321894 -0.262719 0 
351 -0.32424 -0.24632 0 
352 -0.324273 -0.22874 0 
353 -0.322393 -0.21152 0 
354 -0.319598 -0.19531 0 
355 -0.31634 -0.180594 0 
356 -0.312973 -0.167038 0 
357 -0.309553 -0.154807 0 
358 -0.305719 -0.143438 0 
359 -0.301167 -0.133542 0 
360 -0.296243 -0.125396 0 
361 -0.291728 -0.118815 0 
362 -0.28846 -0.113303 0 
363 -0.282626 -0.0859335 0 
364 -0.270809 -0.405 0 
365 -0.259759 -0.388687 0 
366 -0.263448 -0.378841 0 
367 -0.266365 -0.368631 0 
368 -0.269032 -0.358459 0 
369 -0.271593 -0.348486 0 
370 -0.274009 -0.338877 0 
371 -0.276758 -0.329828 0 
372 -0.279831 -0.321419 0 
373 -0.283399 -0.31367 0 
374 -0.28786 -0.306629 0 
375 -0.293498 -0.300363 0 
376 -0.300419 -0.293228 0 
377 -0.307945 -0.283942 0 
378 -0.314037 -0.270304 0 
379 -0.317895 -0.252368 0 
380 -0.318389 -0.231509 0 
381 -0.316451 -0.21192 0 
382 -0.31352 -0.193996 0 
383 -0.310243 -0.178269 0 
384 -0.306728 -0.16391 0 
385 -0.302986 -0.151118 0 
386 -0.298398 -0.139315 0 
387 -0.293131 -0.129366 0 
388 -0.287367 -0.120895 0 
389 -0.282028 -0.113948 0 
390 -0.278053 -0.107952 0 
391 -0.270809 -0.0859335 0 
392 -0.258992 -0.405 0 
393 -0.250424 -0.38733 0 
394 -0.252546 -0.377225 0 
395 -0.255008 -0.367461 0 
396 -0.257441 -0.357814 0 
397 -0.259819 -0.348376 0 
398 -0.262231 -0.339245 0 
399 -0.264809 -0.330568 0 
400 -0.267483 -0.322537 0 
401 -0.270644 -0.315249 0 
402 -0.274532 -0.308917 0 
403 -0.279575 -0.303824 0 
404 -0.285883 -0.297522 0 
405 -0.293493 -0.289807 0 
406 -0.30305 -0.278799 0 
407 -0.308775 -0.261094 0 
408 -0.310378 -0.233862 0 
409 -0.309152 -0.210853 0 
410 -0.306696 -0.191325 0 
411 -0.303588 -0.175009 0 
412 -0.300311 -0.160417 0 
413 -0.296329 -0.147384 0 
414 -0.291307 -0.135641 0 
415 -0.28538 -0.125662 0 
416 -0.278895 -0.11742 0 
417 -0.27257 -0.110388 0 
418 -0.267287 -0.103844 0 
419 -0.258992 -0.0859335 0 
420 -0.247175 -0.405 0 
421 -0.238828 -0.384161 0 
422 -0.241225 -0.375009 0 
423 -0.24362 -0.365932 0 
424 -0.245933 -0.356887 0 
425 -0.248097 -0.347949 0 
426 -0.250218 -0.3391 0 
427 -0.252396 -0.330712 0 
428 -0.2547 -0.322897 0 
429 -0.25733 -0.315833 0 
430 -0.260268 -0.309911 0 
431 -0.263995 -0.305505 0 
432 -0.268617 -0.300236 0 
433 -0.274585 -0.293746 0 
434 -0.283581 -0.284647 0 
435 -0.29481 -0.271181 0 
436 -0.299821 -0.229081 0 
437 -0.299975 -0.20479 0 
438 -0.298816 -0.185955 0 
439 -0.296767 -0.170617 0 
440 -0.293964 -0.156319 0 
441 -0.290092 -0.14432 0 
442 -0.284512 -0.132408 0 
443 -0.278247 -0.12307 0 
444 -0.271307 -0.1155 0 
445 -0.264047 -0.10867 0 
446 -0.256702 -0.101193 0 
447 -0.247175 -0.0859335 0 
448 -0.235357 -0.405 0 
449 -0.227293 -0.380605 0 
450 -0.229783 -0.372835 0 
451 -0.232024 -0.364334 0 
452 -0.234129 -0.355628 0 
453 -0.236111 -0.346951 0 
454 -0.238064 -0.338458 0 
455 -0.239908 -0.330364 0 
456 -0.241742 -0.322641 0 
457 -0.243606 -0.31558 0 
458 -0.245542 -0.309526 0 
459 -0.247726 -0.305031 0 
460 -0.249963 -0.300226 0 
461 -0.252195 -0.294334 0 
462 -0.253565 -0.28661 0 
463 -0.249411 -0.275478 0 
464 -0.235357 -0.215924 0 
465 -0.235357 -0.204106 0 
466 -0.235357 -0.192289 0 
467 -0.235357 -0.180472 0 
468 -0.235357 -0.168654 0 
469 -0.235357 -0.156837 0 
470 -0.235357 -0.14502 0 
471 -0.235357 -0.133203 0 
472 -0.235357 -0.121385 0 
473 -0.235357 -0.109568 0 
474 -0.235357 -0.0977508 0 
475 -0.235357 -0.0859335 0 
476 -0.22354 -0.405 0 
477 -0.216297 -0.378883 0 
478 -0.218619 -0.371195 0 
479 -0.220644 -0.362853 0 
480 -0.222433 -0.354456 0 
481 -0.224178 -0.345982 0 
482 -0.225799 -0.337621 0 
483 -0.227289 -0.329488 0 
484 -0.22871 -0.321752 0 
485 -0.229945 -0.314587 0 
486 -0.231041 -0.308092 0 
487 -0.23176 -0.302504 0 
488 -0.231954 -0.29764 0 
489 -0.231278 -0.291674 0 
490 -0.22872 -0.284009 0 
491 -0.221977 -0.27343 0 
492 -0.22354 -0.215924 0 
493 -0.211723 -0.405 0 
494 -0.20604 -0.379342 0 
495 -0.207462 -0.370284 0 
496 -0.209095 -0.361715 0 
497 -0.2107 -0.353259 0 
498 -0.212205 -0.344796 0 
499 -0.213536 -0.336539 0 
500 -0.214761 -0.328407 0 
501 -0.215783 -0.320589 0 
502 -0.216541 -0.313102 0 
503 -0.216929 -0.306023 0 
504 -0.216742 -0.299463 0 
505 -0.215886 -0.293273 0 
506 -0.213701 -0.287037 0 
507 -0.210007 -0.279306 0 
508 -0.204216 -0.269528 0 
509 -0.211723 -0.215924 0 
510 -0.199905 -0.405 0 
511 -0.195144 -0.3777 0 
512 -0.196448 -0.368992 0 
513 -0.197767 -0.360558 0 
514 -0.199086 -0.352154 0 
515 -0.200312 -0.343793 0 
516 -0.201419 -0.335537 0 
517 -0.202368 -0.327294 0 
518 -0.203044 -0.319251 0 
519 -0.203439 -0.311391 0 
520 -0.203357 -0.303816 0 
521 -0.20273 -0.29645 0 
522 -0.201238 -0.289221 0 
523 -0.198643 -0.28189 0 
524 -0.194743 -0.274079 0 
525 -0.189571 -0.265452 0 
526 -0.199905 -0.215924 0 
527 -0.188088 -0.405 0 
528 -0.183655 -0.375306 0 
529 -0.185061 -0.367538 0 
530 -0.186326 -0.359346 0 
531 -0.18748 -0.351001 0 
532 -0.188521 -0.342623 0 
533 -0.189416 -0.334267 0 
534 -0.190098 -0.325984 0 
535 -0.190584 -0.317787 0 
536 -0.190758 -0.30968 0 
537 -0.19049 -0.301688 0 
538 -0.189625 -0.293748 0 
539 -0.18794 -0.285804 0 
540 -0.185279 -0.27774 0 
541 -0.181522 -0.269608 0 
542 -0.176673 -0.261522 0 
543 -0.188088 -0.215924 0 
544 -0.176271 -0.405 0 
545 -0.172785 -0.374136 0 
546 -0.174074 -0.366524 0 
547 -0.1751 -0.358305 0 
548 -0.17596 -0.349999 0 
549 -0.176775 -0.34157 0 
550 -0.177477 -0.333169 0 
551 -0.178035 -0.324776 0 
552 -0.178404 -0.316389 0 
553 -0.178477 -0.308034 0 
554 -0.178174 -0.299634 0 
555 -0.177305 -0.291199 0 
556 -0.175723 -0.282652 0 
557 -0.173239 -0.274016 0 
558 -0.169699 -0.265456 0 
559 -0.165225 -0.257373 0 
560 -0.176271 -0.215924 0 
561 -0.164454 -0.405 0 
562 -0.16214 -0.375211 0 
563 -0.162895 -0.366183 0 
564 -0.163692 -0.35763 0 
565 -0.164442 -0.349177 0 
566 -0.165105 -0.340663 0 
567 -0.165676 -0.332191 0 
568 -0.166128 -0.323634 0 
569 -0.16643 -0.315107 0 
570 -0.16653 -0.306466 0 
571 -0.166342 -0.297763 0 
572 -0.165743 -0.288876 0 
573 -0.164549 -0.279797 0 
574 -0.162525 -0.270525 0 
575 -0.159358 -0.261217 0 
576 -0.155663 -0.252076 0 
577 -0.164454 -0.215924 0 
578 -0.152636 -0.405 0 
579 -0.151499 -0.374248 0 
580 -0.152036 -0.365445 0 
581 -0.152585 -0.356928 0 
582 -0.153087 -0.348407 0 
583 -0.15356 -0.339862 0 
584 -0.153974 -0.33128 0 
585 -0.15436 -0.322636 0 
586 -0.154649 -0.313946 0 
587 -0.154891 -0.305122 0 
588 -0.154959 -0.296184 0 
589 -0.154866 -0.286919 0 
590 -0.154374 -0.277399 0 
591 -0.153243 -0.267266 0 
592 -0.150917 -0.256487 0 
593 -0.148282 -0.245198 0 
594 -0.152636 -0.215924 0 
595 -0.140819 -0.405 0 
596 -0.140288 -0.372399 0 
597 -0.14086 -0.364536 0 
598 -0.141285 -0.356269 0 
599 -0.141628 -0.34781 0 
600 -0.141945 -0.339251 0 
601 -0.142246 -0.330598 0 
602 -0.142589 -0.321851 0 
603 -0.142967 -0.312997 0 
604 -0.143385 -0.304046 0 
605 -0.143903 -0.294898 0 
606 -0.144476 -0.285461 0 
607 -0.145168 -0.275544 0 
608 -0.145571 -0.264782 0 
609 -0.145138 -0.252312 0 
610 -0.141888 -0.238143 0 
611 -0.140819 -0.215924 0 
612 -0.129002 -0.405 0 
613 -0.129661 -0.371789 0 
614 -0.130094 -0.364112 0 
615 -0.13034 -0.355779 0 
616 -0.130461 -0.347307 0 
617 -0.130572 -0.338616 0 
618 -0.13072 -0.329918 0 
619 -0.130924 -0.321077 0 
620 -0.131308 -0.312214 0 
621 -0.131855 -0.303253 0 
622 -0.132834 -0.294106 0 
623 -0.134351 -0.284734 0 
624 -0.136641 -0.275165 0 
625 -0.139294 -0.26485 0 
626 -0.139976 -0.25165 0 
627 -0.136117 -0.235978 0 
628 -0.129002 -0.215924 0 
629 -0.117184 -0.405 0 
630 -0.119013 -0.373356 0 
631 -0.119075 -0.364358 0 
632 -0.119026 -0.355718 0 
633 -0.118939 -0.347084 0 
634 -0.118885 -0.338336 0 
635 -0.118958 -0.329487 0 
636 -0.119167 -0.320579 0 
637 -0.119524 -0.311637 0 
638 -0.120291 -0.302637 0 
639 -0.121456 -0.293723 0 
640 -0.123638 -0.284725 0 
641 -0.127283 -0.276098 0 
642 -0.132494 -0.267535 0 
643 -0.133977 -0.255313 0 
644 -0.131007 -0.239695 0 
645 -0.117184 -0.215924 0 
646 -0.105367 -0.405 0 
647 -0.108776 -0.37325 0 
648 -0.10846 -0.364271 0 
649 -0.108158 -0.355617 0 
650 -0.107794 -0.346881 0 
651 -0.107495 -0.338077 0 
652 -0.107256 -0.32917 0 
653 -0.107236 -0.320232 0 
654 -0.107577 -0.311195 0 
655 -0.108315 -0.302128 0 
656 -0.109706 -0.293195 0 
657 -0.111947 -0.2846 0 
658 -0.115798 -0.276785 0 
659 -0.121275 -0.270219 0 
660 -0.125946 -0.260151 0 
661 -0.119987 -0.253291 0 
662 -0.105367 -0.215924 0 
663 -0.105367 -0.204106 0 
664 -0.105367 -0.192289 0 
665 -0.105367 -0.180472 0 
666 -0.105367 -0.168654 0 
667 -0.105367 -0.156837 0 
668 -0.105367 -0.14502 0 
669 -0.105367 -0.133203 0 
670 -0.105367 -0.121385 0 
671 -0.105367 -0.109568 0 
672 -0.105367 -0.0977508 0 
673 -0.105367 -0.0859335 0 
674 -0.105367 -0.0741163 0 
675 -0.105367 -0.062299 0 
676 -0.105367 -0.0504817 0 
677 -0.105367 -0.0386644 0 
678 -0.105367 -0.0268472 0 
679 -0.105367 -0.0150299 0 
680 -0.105367 -0.00321262 0 
681 -0.105367 0.00860465 0 
682 -0.105367 0.0204219 0 
683 -0.105367 0.0322392 0 
684 -0.105367 0.0440565 0 
685 -0.105367 0.0558737 0 
686 -0.105367 0.067691 0 
687 -0.105367 0.0795083 0 
688 -0.105367 0.0913256 0 
689 -0.105367 0.103143 0 
690 -0.105367 0.11496 0 
691 -0.105367 0.126777 0 
692 -0.105367 0.138595 0 
693 -0.105367 0.150412 0 
694 -0.105367 0.162229 0 
695 -0.105367 0.174047 0 
696 -0.105367 0.185864 0 
697 -0.105367 0.197681 0 
698 -0.105367 0.209498 0 
699 -0.105367 0.221316 0 
700 -0.105367 0.233133 0 
701 -0.105367 0.24495 0 
702 -0.105367 0.256767 0 
703 -0.105367 0.268585 0 
704 -0.105367 0.280402 0 
705 -0.105367 0.292219 0 
706 -0.105367 0.304036 0 
707 -0.105367 0.315854 0 
708 -0.105367 0.327671 0 
709 -0.105367 0.339488 0 
710 -0.105367 0.351306 0 
711 -0.105367 0.363123 0 
712 -0.105367 0.37494 0 
713 -0.105367 0.386757 0 
714 -0.105367 0.398575 0 
715 -0.105367 0.410392 0 
716 -0.09355 -0.405 0 
717 -0.0981586 -0.371904 0 
718 -0.0976582 -0.363979 0 
719 -0.097015 -0.355599 0 
720 -0.0963732 -0.346921 0 
721 -0.0958734 -0.337984 0 
722 -0.0955148 -0.328964 0 
723 -0.0953271 -0.319812 0 
724 -0.0954714 -0.310672 0 
725 -0.0960192 -0.301551 0 
726 -0.0970796 -0.292592 0 
727 -0.0988182 -0.283902 0 
728 -0.101374 -0.275708 0 
729 -0.104289 -0.268229 0 
730 -0.103849 -0.258819 0 
731 -0.0981651 -0.247297 0 
732 -0.0894904 -0.225105 0 
733 -0.0704544 -0.205814 0 
734 -0.0693018 -0.19146 0 
735 -0.0731197 -0.175392 0 
736 -0.076341 -0.161053 0 
737 -0.0791863 -0.148114 0 
738 -0.0810325 -0.135461 0 
739 -0.0818233 -0.122982 0 
740 -0.0816735 -0.110542 0 
741 -0.0808614 -0.0982308 0 
742 -0.0797861 -0.0861262 0 
743 -0.0786229 -0.0742923 0 
744 -0.0774244 -0.0627655 0 
745 -0.076228 -0.0515859 0 
746 -0.075068 -0.0407958 0 
747 -0.0740102 -0.0304295 0 
748 -0.0732003 -0.0205058 0 
749 -0.072632 -0.0108898 0 
750 -0.0722783 -0.00146106 0 
751 -0.0721461 0.00789418 0 
752 -0.0722478 0.0173032 0 
753 -0.0725971 0.0269062 0 
754 -0.073235 0.0368706 0 
755 -0.0740282 0.047279 0 
756 -0.0748159 0.0581171 0 
757 -0.0755003 0.0693439 0 
758 -0.0760412 0.0808981 0 
759 -0.0765077 0.0927192 0 
760 -0.0772015 0.104733 0 
761 -0.0780333 0.117237 0 
762 -0.0785221 0.12995 0 
763 -0.078663 0.142362 0 
764 -0.0788824 0.154602 0 
765 -0.0809351 0.167913 0 
766 -0.0810338 0.179771 0 
767 -0.0811075 0.191776 0 
768 -0.081082 0.204137 0 
769 -0.081963 0.217203 0 
770 -0.0847198 0.2315 0 
771 -0.0856849 0.243393 0 
772 -0.0870449 0.255835 0 
773 -0.0885275 0.268815 0 
774 -0.0914649 0.282727 0 
775 -0.0970619 0.298577 0 
776 -0.100199 0.309077 0 
777 -0.100317 0.320021 0 
778 -0.100214 0.329858 0 
779 -0.10089 0.336926 0 
780 -0.100114 0.343291 0 
781 -0.0984241 0.351958 0 
782 -0.0970973 0.359844 0 
783 -0.0928917 0.37217 0 
784 -0.0871201 0.393682 0 
785 -0.09355 0.410392 0 
786 -0.0817327 -0.405 0 
787 -0.0878663 -0.371911 0 
788 -0.0871369 -0.36429 0 
789 -0.0862354 -0.355803 0 
790 -0.0852676 -0.346991 0 
791 -0.08437 -0.337912 0 
792 -0.0836336 -0.328733 0 
793 -0.0832046 -0.319482 0 
794 -0.0830885 -0.310217 0 
795 -0.0833668 -0.300957 0 
796 -0.0840503 -0.291731 0 
797 -0.0851197 -0.28257 0 
798 -0.0865061 -0.27334 0 
799 -0.087361 -0.264045 0 
800 -0.0864854 -0.253325 0 
801 -0.0830823 -0.241374 0 
802 -0.0731554 -0.227957 0 
803 -0.061397 -0.207894 0 
804 -0.0624866 -0.191723 0 
805 -0.064933 -0.176065 0 
806 -0.0672527 -0.162334 0 
807 -0.0692384 -0.149277 0 
808 -0.0705008 -0.136613 0 
809 -0.0711269 -0.124161 0 
810 -0.0711027 -0.111819 0 
811 -0.0706017 -0.0996311 0 
812 -0.0698314 -0.0876342 0 
813 -0.0689255 -0.0758714 0 
814 -0.0679515 -0.064375 0 
815 -0.0669639 -0.0531788 0 
816 -0.066009 -0.0423082 0 
817 -0.0651428 -0.0317735 0 
818 -0.0644337 -0.02156 0 
819 -0.0639032 -0.0115943 0 
820 -0.0635535 -0.00178533 0 
821 -0.0633895 0.0079632 0 
822 -0.0634175 0.0177554 0 
823 -0.0636402 0.0276994 0 
824 -0.0640496 0.0379008 0 
825 -0.064578 0.0484227 0 
826 -0.065139 0.0592778 0 
827 -0.0656685 0.0704454 0 
828 -0.0661445 0.0818842 0 
829 -0.0666001 0.0935343 0 
830 -0.0671049 0.105291 0 
831 -0.0676108 0.117537 0 
832 -0.068054 0.130219 0 
833 -0.0685496 0.142796 0 
834 -0.0689829 0.155134 0 
835 -0.070206 0.167857 0 
836 -0.0705207 0.180175 0 
837 -0.0710456 0.192665 0 
838 -0.0716143 0.205197 0 
839 -0.0727383 0.218017 0 
840 -0.0746202 0.231314 0 
841 -0.0758919 0.243753 0 
842 -0.0776153 0.256483 0 
843 -0.0794939 0.26903 0 
844 -0.0824016 0.281809 0 
845 -0.0865913 0.294924 0 
846 -0.0892409 0.304138 0 
847 -0.0899348 0.31306 0 
848 -0.0898851 0.3217 0 
849 -0.0893302 0.3282 0 
850 -0.0865146 0.332405 0 
851 -0.0811324 0.335835 0 
852 -0.074956 0.342448 0 
853 -0.0790485 0.364103 0 
854 -0.0703976 0.386082 0 
855 -0.0817327 0.410392 0 
856 -0.0699154 -0.405 0 
857 -0.0777001 -0.374064 0 
858 -0.0765682 -0.365354 0 
859 -0.0752283 -0.356436 0 
860 -0.0738304 -0.347329 0 
861 -0.0727028 -0.33806 0 
862 -0.0717587 -0.328606 0 
863 -0.0710316 -0.319183 0 
864 -0.0706367 -0.309719 0 
865 -0.0705661 -0.3002 0 
866 -0.0708398 -0.290635 0 
867 -0.0714027 -0.280932 0 
868 -0.071765 -0.271138 0 
869 -0.0714786 -0.260847 0 
870 -0.0703184 -0.249356 0 
871 -0.0664571 -0.23717 0 
872 -0.0601035 -0.223583 0 
873 -0.0540309 -0.207437 0 
874 -0.0549287 -0.191865 0 
875 -0.0564975 -0.177042 0 
876 -0.0580063 -0.163364 0 
877 -0.0593593 -0.150279 0 
878 -0.0602523 -0.137566 0 
879 -0.0607348 -0.125127 0 
880 -0.0607694 -0.112856 0 
881 -0.0604606 -0.10076 0 
882 -0.0599224 -0.0888483 0 
883 -0.0592254 -0.0771393 0 
884 -0.0584443 -0.0656622 0 
885 -0.0576351 -0.0544423 0 
886 -0.0568442 -0.0434934 0 
887 -0.056117 -0.0328147 0 
888 -0.055497 -0.0223844 0 
889 -0.0550086 -0.0121514 0 
890 -0.0546633 -0.00204691 0 
891 -0.054468 0.00800712 0 
892 -0.0544257 0.0180935 0 
893 -0.054534 0.0282957 0 
894 -0.0547779 0.0386886 0 
895 -0.0551184 0.0493228 0 
896 -0.0555063 0.0602178 0 
897 -0.0559025 0.0713681 0 
898 -0.0562882 0.082745 0 
899 -0.0566678 0.0942998 0 
900 -0.0570569 0.105967 0 
901 -0.0574446 0.118071 0 
902 -0.0578019 0.130627 0 
903 -0.0584176 0.143196 0 
904 -0.0589304 0.155607 0 
905 -0.0599116 0.168194 0 
906 -0.0602747 0.180652 0 
907 -0.0610054 0.193321 0 
908 -0.0618988 0.205969 0 
909 -0.0631219 0.218657 0 
910 -0.0646731 0.231531 0 
911 -0.0660715 0.244029 0 
912 -0.0679514 0.256708 0 
913 -0.0698727 0.268775 0 
914 -0.0724087 0.280726 0 
915 -0.0754328 0.292092 0 
916 -0.0774474 0.300767 0 
917 -0.0786968 0.308067 0 
918 -0.0778168 0.314128 0 
919 -0.0754612 0.319281 0 
920 -0.0715535 0.324824 0 
921 -0.0674301 0.331549 0 
922 -0.0636498 0.341577 0 
923 -0.0619759 0.358608 0 
924 -0.0502279 0.375744 0 
925 -0.0699154 0.410392 0 
926 -0.0580981 -0.405 0 
927 -0.0679777 -0.376315 0 
928 -0.0663012 -0.366536 0 
929 -0.0645359 -0.357105 0 
930 -0.0627864 -0.347619 0 
931 -0.0610962 -0.338128 0 
932 -0.0597465 -0.32851 0 
933 -0.0587368 -0.318788 0 
934 -0.0579906 -0.309146 0 
935 -0.0578143 -0.299261 0 
936 -0.0577316 -0.289458 0 
937 -0.05773 -0.279472 0 
938 -0.0576318 -0.269117 0 
939 -0.0571802 -0.258111 0 
940 -0.0554476 -0.246581 0 
941 -0.0526225 -0.234094 0 
942 -0.0493091 -0.220591 0 
943 -0.046703 -0.206013 0 
944 -0.0468043 -0.191566 0 
945 -0.047668 -0.177518 0 
946 -0.0486017 -0.164053 0 
947 -0.0495345 -0.151054 0 
948 -0.0501644 -0.138352 0 
949 -0.0505362 -0.125917 0 
950 -0.0506107 -0.113704 0 
951 -0.0504432 -0.101671 0 
952 -0.0500589 -0.0898129 0 
953 -0.0495255 -0.0781394 0 
954 -0.0489043 -0.0666728 0 
955 -0.0482446 -0.0554285 0 
956 -0.0475875 -0.0444119 0 
957 -0.0469709 -0.033617 0 
958 -0.0464268 -0.0230216 0 
959 -0.045978 -0.0125854 0 
960 -0.0456383 -0.002254 0 
961 -0.0454149 0.0080344 0 
962 -0.0453108 0.0183461 0 
963 -0.0453225 0.0287465 0 
964 -0.045438 0.0392933 0 
965 -0.045634 0.0500282 0 
966 -0.0458817 0.0609729 0 
967 -0.0461576 0.0721299 0 
968 -0.0464483 0.083484 0 
969 -0.0467498 0.0950056 0 
970 -0.0470594 0.10666 0 
971 -0.0473509 0.11863 0 
972 -0.0477078 0.131121 0 
973 -0.0483155 0.143642 0 
974 -0.0487979 0.156059 0 
975 -0.0496821 0.168638 0 
976 -0.0501663 0.181171 0 
977 -0.0510734 0.193925 0 
978 -0.0519643 0.206505 0 
979 -0.0532581 0.219221 0 
980 -0.0546003 0.231845 0 
981 -0.0560578 0.244282 0 
982 -0.0579306 0.256745 0 
983 -0.0596103 0.268287 0 
984 -0.0618579 0.279801 0 
985 -0.0640403 0.290134 0 
986 -0.0655814 0.298773 0 
987 -0.0656504 0.305659 0 
988 -0.0647608 0.311109 0 
989 -0.0622116 0.317163 0 
990 -0.0576031 0.323971 0 
991 -0.0527291 0.33306 0 
992 -0.0497428 0.344681 0 
993 -0.0434199 0.35811 0 
994 -0.0332847 0.371672 0 
995 -0.0580981 0.410392 0 
996 -0.0462809 -0.405 0 
997 -0.058908 -0.376365 0 
998 -0.056234 -0.367256 0 
999 -0.0536417 -0.357833 0 
1000 -0.0513656 -0.348003 0 
1001 -0.0493833 -0.338082 0 
1002 -0.0476553 -0.32827 0 
1003 -0.0464477 -0.318286 0 
1004 -0.0456555 -0.308232 0 
1005 -0.0449567 -0.298444 0 
1006 -0.04471 -0.288342 0 
1007 -0.0444513 -0.278085 0 
1008 -0.0442368 -0.267313 0 
1009 -0.0435725 -0.256187 0 
1010 -0.0423811 -0.244434 0 
1011 -0.0407068 -0.231953 0 
1012 -0.0389106 -0.21877 0 
1013 -0.0377495 -0.205076 0 
1014 -0.0377721 -0.191286 0 
1015 -0.0383039 -0.17771 0 
1016 -0.0389525 -0.164522 0 
1017 -0.0396508 -0.151611 0 
1018 -0.0401276 -0.138967 0 
1019 -0.0404512 -0.12655 0 
1020 -0.0405851 -0.114378 0 
1021 -0.0404919 -0.102383 0 
1022 -0.0402215 -0.0905571 0 
1023 -0.0398196 -0.0789078 0 
1024 -0.039332 -0.0674465 0 
1025 -0.0387988 -0.0561806 0 
1026 -0.0382546 -0.0451085 0 
1027 -0.037731 -0.0342229 0 
1028 -0.0372541 -0.0235028 0 
1029 -0.0368432 -0.0129146 0 
1030 -0.0365113 -0.00241357 0 
1031 -0.0362662 0.00805072 0 
1032 -0.0361112 0.0185327 0 
1033 -0.0360445 0.0290847 0 
1034 -0.0360585 0.0397538 0 
1035 -0.0361398 0.0505753 0 
1036 -0.0362721 0.0615711 0 
1037 -0.0364418 0.0727489 0 
1038 -0.0366399 0.0841036 0 
1039 -0.036863 0.095622 0 
1040 -0.0371057 0.107285 0 
1041 -0.0373719 0.119186 0 
1042 -0.0376673 0.131608 0 
1043 -0.038257 0.14406 0 
1044 -0.0387512 0.156513 0 
1045 -0.0395519 0.169079 0 
1046 -0.0400737 0.181641 0 
1047 -0.0410253 0.194418 0 
1048 -0.0419803 0.207014 0 
1049 -0.0432968 0.219707 0 
1050 -0.0444624 0.23212 0 
1051 -0.0459 0.24452 0 
1052 -0.047508 0.256616 0 
1053 -0.0490946 0.268084 0 
1054 -0.0509808 0.279318 0 
1055 -0.0523662 0.289154 0 
1056 -0.0529199 0.297906 0 
1057 -0.0526604 0.30566 0 
1058 -0.0521616 0.312319 0 
1059 -0.0492525 0.318482 0 
1060 -0.0446183 0.326193 0 
1061 -0.0398083 0.336388 0 
1062 -0.0351811 0.347639 0 
1063 -0.0261633 0.360368 0 
1064 -0.0176693 0.371796 0 
1065 -0.0462809 0.410392 0 
1066 -0.0344636 -0.405 0 
1067 -0.0492002 -0.377719 0 
1068 -0.0458062 -0.368401 0 
1069 -0.0428485 -0.358388 0 
1070 -0.0400743 -0.348254 0 
1071 -0.037663 -0.33797 0 
1072 -0.0357511 -0.32763 0 
1073 -0.0341278 -0.31758 0 
1074 -0.0330072 -0.307574 0 
1075 -0.032398 -0.297405 0 
1076 -0.0318719 -0.28723 0 
1077 -0.0315998 -0.276715 0 
1078 -0.031297 -0.265868 0 
1079 -0.0309248 -0.254547 0 
1080 -0.0300751 -0.242805 0 
1081 -0.0292268 -0.230446 0 
1082 -0.028488 -0.217582 0 
1083 -0.0279428 -0.204356 0 
1084 -0.0281435 -0.191009 0 
1085 -0.0286012 -0.177784 0 
1086 -0.0291475 -0.164759 0 
1087 -0.029728 -0.151998 0 
1088 -0.0300889 -0.139397 0 
1089 -0.0304281 -0.127022 0 
1090 -0.0306023 -0.114876 0 
1091 -0.0305688 -0.102902 0 
1092 -0.0303907 -0.0910993 0 
1093 -0.030099 -0.0794669 0 
1094 -0.0297267 -0.0680087 0 
1095 -0.0293049 -0.0567258 0 
1096 -0.0288619 -0.0456152 0 
1097 -0.0284227 -0.0346656 0 
1098 -0.0280081 -0.0238568 0 
1099 -0.0276346 -0.013159 0 
1100 -0.0273139 -0.00253482 0 
1101 -0.0270538 0.00805844 0 
1102 -0.0268585 0.0186662 0 
1103 -0.0267284 0.0293321 0 
1104 -0.0266604 0.0400956 0 
1105 -0.0266483 0.0509882 0 
1106 -0.0266843 0.0620314 0 
1107 -0.026762 0.0732361 0 
1108 -0.0268778 0.0846049 0 
1109 -0.0270303 0.096134 0 
1110 -0.0272205 0.10782 0 
1111 -0.0274418 0.119685 0 
1112 -0.0277011 0.132063 0 
1113 -0.0282457 0.144461 0 
1114 -0.0287038 0.156916 0 
1115 -0.0294349 0.169503 0 
1116 -0.0300325 0.182082 0 
1117 -0.0309965 0.194852 0 
1118 -0.0318849 0.20741 0 
1119 -0.0332227 0.220195 0 
1120 -0.0341567 0.232444 0 
1121 -0.0355049 0.244791 0 
1122 -0.0368362 0.256588 0 
1123 -0.0382293 0.268011 0 
1124 -0.0396656 0.278957 0 
1125 -0.0403828 0.288797 0 
1126 -0.040621 0.298034 0 
1127 -0.0407603 0.306501 0 
1128 -0.03941 0.31401 0 
1129 -0.0364749 0.321786 0 
1130 -0.0326984 0.330513 0 
1131 -0.0280754 0.340594 0 
1132 -0.0228902 0.351636 0 
1133 -0.0138405 0.363888 0 
1134 -0.00741473 0.375224 0 
1135 -0.0344636 0.410392 0 
1136 -0.0226463 -0.405 0 
1137 -0.0393893 -0.380298 0 
1138 -0.0355591 -0.369916 0 
1139 -0.0319763 -0.359071 0 
1140 -0.028731 -0.348031 0 
1141 -0.0259446 -0.337234 0 
1142 -0.0237189 -0.326938 0 
1143 -0.0218246 -0.316725 0 
1144 -0.0207712 -0.306434 0 
1145 -0.0197329 -0.296482 0 
1146 -0.0192664 -0.286134 0 
1147 -0.0190461 -0.275564 0 
1148 -0.0189125 -0.264668 0 
1149 -0.0185727 -0.253404 0 
1150 -0.0183617 -0.241566 0 
1151 -0.0180723 -0.229318 0 
1152 -0.0178664 -0.216666 0 
1153 -0.0178485 -0.203794 0 
1154 -0.0182232 -0.190765 0 
1155 -0.0186915 -0.177747 0 
1156 -0.019228 -0.164906 0 
1157 -0.019742 -0.152212 0 
1158 -0.0200837 -0.13968 0 
1159 -0.0204381 -0.127346 0 
1160 -0.0206448 -0.115216 0 
1161 -0.0206786 -0.103253 0 
1162 -0.0205791 -0.0914673 0 
1163 -0.0203807 -0.079849 0 
1164 -0.0201081 -0.0683954 0 
1165 -0.0197843 -0.057104 0 
1166 -0.019431 -0.0459684 0 
1167 -0.0190676 -0.0349759 0 
1168 -0.0187106 -0.0241068 0 
1169 -0.0183735 -0.0133343 0 
1170 -0.0180665 -0.00262535 0 
1171 -0.0177969 0.00805763 0 
1172 -0.0175696 0.0187536 0 
1173 -0.0173873 0.0295009 0 
1174 -0.0172508 0.0403341 0 
1175 -0.0171593 0.0512815 0 
1176 -0.0171117 0.0623644 0 
1177 -0.0171077 0.0735958 0 
1178 -0.0171483 0.0849835 0 
1179 -0.0172365 0.0965302 0 
1180 -0.0173749 0.108239 0 
1181 -0.0175634 0.120116 0 
1182 -0.0177818 0.132436 0 
1183 -0.0182723 0.144788 0 
1184 -0.0187249 0.157263 0 
1185 -0.0194012 0.169839 0 
1186 -0.0199742 0.182451 0 
1187 -0.0208601 0.195224 0 
1188 -0.0217545 0.207841 0 
1189 -0.022814 0.220447 0 
1190 -0.0237567 0.232791 0 
1191 -0.0249068 0.245066 0 
1192 -0.0260143 0.256807 0 
1193 -0.0271873 0.268303 0 
1194 -0.0279877 0.278935 0 
1195 -0.028502 0.289093 0 
1196 -0.0287225 0.298705 0 
1197 -0.0283349 0.307511 0 
1198 -0.0267578 0.316175 0 
1199 -0.0242152 0.32514 0 
1200 -0.0208286 0.334868 0 
1201 -0.017264 0.34493 0 
1202 -0.0108666 0.356087 0 
1203 -0.00396113 0.368113 0 
1204 0.00467947 0.380663 0 
1205 -0.0226463 0.410392 0 
1206 -0.0108291 -0.405 0 
1207 -0.0284208 -0.384522 0 
1208 -0.024691 -0.371259 0 
1209 -0.0207902 -0.358894 0 
1210 -0.0171791 -0.347518 0 
1211 -0.0143327 -0.336351 0 
1212 -0.0115125 -0.325778 0 
1213 -0.00979398 -0.315318 0 
1214 -0.00828151 -0.305406 0 
1215 -0.00742685 -0.295208 0 
1216 -0.00697176 -0.284952 0 
1217 -0.00677821 -0.274484 0 
1218 -0.00673079 -0.263649 0 
1219 -0.006775 -0.252359 0 
1220 -0.00689326 -0.240633 0 
1221 -0.00709212 -0.228491 0 
1222 -0.00725174 -0.216022 0 
1223 -0.00764424 -0.203251 0 
1224 -0.00816023 -0.190493 0 
1225 -0.00867114 -0.177674 0 
1226 -0.00926012 -0.164896 0 
1227 -0.00977976 -0.1523 0 
1228 -0.0101099 -0.139819 0 
1229 -0.0104699 -0.12752 0 
1230 -0.0107176 -0.115407 0 
1231 -0.0108034 -0.103462 0 
1232 -0.0107811 -0.0916875 0 
1233 -0.0106686 -0.0800777 0 
1234 -0.0104836 -0.0686299 0 
1235 -0.0102463 -0.0573368 0 
1236 -0.0099737 -0.0461889 0 
1237 -0.00968015 -0.0351726 0 
1238 -0.00937771 -0.0242688 0 
1239 -0.00907683 -0.0134519 0 
1240 -0.00878565 -0.00269141 0 
1241 -0.0085109 0.00804684 0 
1242 -0.0082577 0.0187984 0 
1243 -0.00803067 0.029598 0 
1244 -0.00783393 0.0404773 0 
1245 -0.00767124 0.0514627 0 
1246 -0.00754676 0.0625757 0 
1247 -0.00746459 0.0738311 0 
1248 -0.00742784 0.0852401 0 
1249 -0.0074451 0.0968078 0 
1250 -0.00752382 0.10854 0 
1251 -0.00767157 0.120448 0 
1252 -0.00784401 0.132711 0 
1253 -0.00830798 0.145038 0 
1254 -0.00872784 0.157519 0 
1255 -0.00933356 0.170118 0 
1256 -0.0099253 0.18278 0 
1257 -0.010687 0.195489 0 
1258 -0.0115643 0.208239 0 
1259 -0.0123719 0.220798 0 
1260 -0.0131845 0.233225 0 
1261 -0.0140712 0.245372 0 
1262 -0.0149728 0.257169 0 
1263 -0.0156848 0.268462 0 
1264 -0.0161908 0.279245 0 
1265 -0.0165014 0.289635 0 
1266 -0.0165601 0.299378 0 
1267 -0.0157745 0.308826 0 
1268 -0.0142477 0.318207 0 
1269 -0.0121715 0.328 0 
1270 -0.00966594 0.33795 0 
1271 -0.00514923 0.348257 0 
1272 1.55081e-05 0.359166 0 
1273 0.00653914 0.371602 0 
1274 0.0148858 0.385816 0 
1275 -0.0108291 0.410392 0 
1276 0.000988205 -0.405 0 
1277 -0.0195717 -0.385714 0 
1278 -0.014803 -0.371345 0 
1279 -0.0102263 -0.358131 0 
1280 -0.00628626 -0.34586 0 
1281 -0.00250653 -0.334473 0 
1282 0.000231692 -0.323767 0 
1283 0.00247696 -0.313902 0 
1284 0.00397323 -0.303874 0 
1285 0.00483085 -0.293969 0 
1286 0.00527843 -0.283956 0 
1287 0.00534159 -0.273659 0 
1288 0.00516842 -0.262847 0 
1289 0.00479005 -0.251583 0 
1290 0.00434487 -0.23989 0 
1291 0.00380717 -0.227768 0 
1292 0.00335784 -0.215522 0 
1293 0.00262736 -0.202866 0 
1294 0.00197656 -0.19018 0 
1295 0.00142774 -0.177511 0 
1296 0.000751165 -0.164827 0 
1297 0.000216556 -0.152263 0 
1298 -0.000147375 -0.139817 0 
1299 -0.000530439 -0.127551 0 
1300 -0.000806901 -0.115457 0 
1301 -0.000950758 -0.103521 0 
1302 -0.000990622 -0.0917649 0 
1303 -0.000952892 -0.0801692 0 
1304 -0.00085002 -0.0687296 0 
1305 -0.00069462 -0.0574405 0 
1306 -0.000498633 -0.0462918 0 
1307 -0.000272257 -0.0352694 0 
1308 -2.39614e-05 -0.0243538 0 
1309 0.000239425 -0.0135201 0 
1310 0.000512024 -0.00273862 0 
1311 0.000788341 0.00802351 0 
1312 0.00106295 0.0188004 0 
1313 0.00132984 0.0296251 0 
1314 0.00158235 0.0405282 0 
1315 0.00181457 0.0515363 0 
1316 0.00201892 0.0626702 0 
1317 0.00218421 0.0739449 0 
1318 0.00229912 0.0853709 0 
1319 0.00235114 0.0969564 0 
1320 0.00232859 0.10871 0 
1321 0.00222258 0.12064 0 
1322 0.00205947 0.132853 0 
1323 0.00164504 0.145175 0 
1324 0.0012339 0.157685 0 
1325 0.000676846 0.170284 0 
1326 0.000117078 0.183022 0 
1327 -0.000565182 0.195796 0 
1328 -0.00137857 0.208639 0 
1329 -0.00189959 0.221154 0 
1330 -0.00248298 0.233698 0 
1331 -0.00310262 0.245862 0 
1332 -0.00362675 0.257693 0 
1333 -0.00407718 0.269015 0 
1334 -0.0042915 0.279903 0 
1335 -0.00447824 0.290337 0 
1336 -0.00421828 0.300383 0 
1337 -0.00337327 0.310186 0 
1338 -0.0021334 0.320149 0 
1339 -0.000320607 0.329902 0 
1340 0.00284317 0.339864 0 
1341 0.00670084 0.350684 0 
1342 0.0113781 0.362178 0 
1343 0.0171443 0.375088 0 
1344 0.0236278 0.38886 0 
1345 0.000988205 0.410392 0 
1346 0.0128055 -0.405 0 
1347 -0.0111082 -0.384469 0 
1348 -0.00528564 -0.368972 0 
1349 7.5531e-05 -0.355322 0 
1350 0.005134 -0.342677 0 
1351 0.00934177 -0.331833 0 
1352 0.0121755 -0.321575 0 
1353 0.0145244 -0.311596 0 
1354 0.0160228 -0.302053 0 
1355 0.0170422 -0.292619 0 
1356 0.0172008 -0.282944 0 
1357 0.0171736 -0.272787 0 
1358 0.0167764 -0.262169 0 
1359 0.0161543 -0.250963 0 
1360 0.0153425 -0.239317 0 
1361 0.0145752 -0.227276 0 
1362 0.0138102 -0.215025 0 
1363 0.0129228 -0.202467 0 
1364 0.0121217 -0.18985 0 
1365 0.0115244 -0.177294 0 
1366 0.0107685 -0.164634 0 
1367 0.0101915 -0.152115 0 
1368 0.00979367 -0.139692 0 
1369 0.00940008 -0.127454 0 
1370 0.0090781 -0.115369 0 
1371 0.00889207 -0.103444 0 
1372 0.00879194 -0.0917038 0 
1373 0.00875994 -0.0801232 0 
1374 0.00878673 -0.0686974 0 
1375 0.00886393 -0.0574207 0 
1376 0.00898454 -0.046284 0 
1377 0.00914297 -0.035273 0 
1378 0.00933503 -0.0243678 0 
1379 0.00955774 -0.0135432 0 
1380 0.00980797 -0.00276908 0 
1381 0.0100817 0.00798713 0 
1382 0.0103742 0.0187598 0 
1383 0.0106787 0.0295826 0 
1384 0.010988 0.0404869 0 
1385 0.0112911 0.0514983 0 
1386 0.0115755 0.0626369 0 
1387 0.0118267 0.0739178 0 
1388 0.0120266 0.0853547 0 
1389 0.0121558 0.0969563 0 
1390 0.0121963 0.10873 0 
1391 0.0121288 0.120691 0 
1392 0.0120219 0.132862 0 
1393 0.0116126 0.145198 0 
1394 0.0112167 0.15772 0 
1395 0.0107056 0.170382 0 
1396 0.0101308 0.183207 0 
1397 0.00954333 0.196004 0 
1398 0.0089267 0.208981 0 
1399 0.00862074 0.221703 0 
1400 0.00834746 0.234277 0 
1401 0.00811692 0.246476 0 
1402 0.00795284 0.258263 0 
1403 0.00792155 0.269582 0 
1404 0.00778171 0.280548 0 
1405 0.00786972 0.291059 0 
1406 0.00830008 0.301267 0 
1407 0.00889185 0.311483 0 
1408 0.0100502 0.321436 0 
1409 0.0123058 0.331164 0 
1410 0.0149846 0.341646 0 
1411 0.0181743 0.352456 0 
1412 0.022077 0.364022 0 
1413 0.0269626 0.375963 0 
1414 0.0318864 0.389316 0 
1415 0.0128055 0.410392 0 
1416 0.0246227 -0.405 0 
1417 -0.00236323 -0.380158 0 
1418 0.00432067 -0.364591 0 
1419 0.0108369 -0.351099 0 
1420 0.0166683 -0.338928 0 
1421 0.020421 -0.328313 0 
1422 0.0240773 -0.318151 0 
1423 0.0265392 -0.308962 0 
1424 0.0284238 -0.300242 0 
1425 0.0291177 -0.291509 0 
1426 0.0293048 -0.282159 0 
1427 0.0289709 -0.272263 0 
1428 0.0282888 -0.261717 0 
1429 0.0272962 -0.25051 0 
1430 0.026217 -0.238816 0 
1431 0.0252512 -0.226868 0 
1432 0.0241791 -0.214571 0 
1433 0.0232423 -0.202143 0 
1434 0.0222827 -0.18948 0 
1435 0.0215703 -0.176953 0 
1436 0.020792 -0.164393 0 
1437 0.0201627 -0.151859 0 
1438 0.0197451 -0.139451 0 
1439 0.0193137 -0.127229 0 
1440 0.0189625 -0.115157 0 
1441 0.0187116 -0.103223 0 
1442 0.0185628 -0.091506 0 
1443 0.0184676 -0.079943 0 
1444 0.0184217 -0.0685345 0 
1445 0.0184214 -0.0572774 0 
1446 0.0184649 -0.0461641 0 
1447 0.0185517 -0.0351814 0 
1448 0.0186829 -0.0243092 0 
1449 0.0188598 -0.0135211 0 
1450 0.0190828 -0.00278539 0 
1451 0.0193502 0.00793363 0 
1452 0.0196587 0.0186725 0 
1453 0.0200008 0.0294672 0 
1454 0.0203661 0.0403496 0 
1455 0.0207407 0.0513461 0 
1456 0.021108 0.0624776 0 
1457 0.0214485 0.0737584 0 
1458 0.0217406 0.085199 0 
1459 0.0219604 0.0968059 0 
1460 0.0220784 0.108593 0 
1461 0.0220661 0.120569 0 
1462 0.0219534 0.132738 0 
1463 0.0215698 0.145071 0 
1464 0.0211592 0.157653 0 
1465 0.0206704 0.170339 0 
1466 0.0200656 0.183306 0 
1467 0.0195412 0.196308 0 
1468 0.0191984 0.209341 0 
1469 0.0192191 0.222303 0 
1470 0.0193195 0.235021 0 
1471 0.019576 0.247315 0 
1472 0.019825 0.259142 0 
1473 0.020105 0.270465 0 
1474 0.0201662 0.281402 0 
1475 0.0203796 0.291949 0 
1476 0.0206314 0.302349 0 
1477 0.0214866 0.312318 0 
1478 0.0226858 0.32233 0 
1479 0.0244575 0.332411 0 
1480 0.0265389 0.342757 0 
1481 0.0295439 0.353123 0 
1482 0.0330169 0.363879 0 
1483 0.0367682 0.375353 0 
1484 0.0403114 0.387531 0 
1485 0.0246227 0.410392 0 
1486 0.03644 -0.405 0 
1487 0.00885055 -0.373703 0 
1488 0.0140702 -0.359758 0 
1489 0.0219067 -0.345642 0 
1490 0.0272967 -0.333749 0 
1491 0.0320984 -0.322972 0 
1492 0.0356939 -0.313976 0 
1493 0.0389583 -0.30606 0 
1494 0.0406952 -0.298633 0 
1495 0.0411335 -0.290465 0 
1496 0.0411264 -0.281543 0 
1497 0.0406388 -0.272051 0 
1498 0.0394951 -0.261388 0 
1499 0.0382691 -0.250311 0 
1500 0.0368819 -0.238468 0 
1501 0.0358676 -0.226615 0 
1502 0.0344743 -0.214132 0 
1503 0.0334355 -0.201719 0 
1504 0.0323986 -0.189099 0 
1505 0.0315915 -0.176571 0 
1506 0.0308039 -0.16404 0 
1507 0.0301444 -0.151521 0 
1508 0.0296663 -0.139105 0 
1509 0.029229 -0.126893 0 
1510 0.0288278 -0.114821 0 
1511 0.0285323 -0.102882 0 
1512 0.0283308 -0.0911817 0 
1513 0.0281724 -0.0796345 0 
1514 0.028054 -0.0682446 0 
1515 0.0279745 -0.0570126 0 
1516 0.0279365 -0.0459341 0 
1517 0.0279451 -0.0349969 0 
1518 0.0280074 -0.0241806 0 
1519 0.0281304 -0.0134567 0 
1520 0.0283196 -0.00279038 0 
1521 0.0285767 0.00785882 0 
1522 0.0288989 0.0185325 0 
1523 0.0292784 0.0292698 0 
1524 0.0297025 0.0401054 0 
1525 0.0301541 0.0510678 0 
1526 0.0306126 0.062178 0 
1527 0.0310531 0.0734503 0 
1528 0.0314474 0.0848926 0 
1529 0.0317633 0.096509 0 
1530 0.0319677 0.108304 0 
1531 0.0320268 0.120288 0 
1532 0.0319429 0.132462 0 
1533 0.0315782 0.144813 0 
1534 0.0311195 0.15741 0 
1535 0.0305952 0.170216 0 
1536 0.0299468 0.183289 0 
1537 0.0293907 0.196536 0 
1538 0.0292862 0.209879 0 
1539 0.0297416 0.223173 0 
1540 0.0305268 0.235987 0 
1541 0.0313498 0.24834 0 
1542 0.0322346 0.260102 0 
1543 0.032571 0.271463 0 
1544 0.0329332 0.282277 0 
1545 0.0330098 0.292913 0 
1546 0.0334711 0.303077 0 
1547 0.0340714 0.313177 0 
1548 0.035061 0.323134 0 
1549 0.0365441 0.33307 0 
1550 0.0386942 0.342926 0 
1551 0.0412304 0.353201 0 
1552 0.0443245 0.363299 0 
1553 0.0475247 0.37328 0 
1554 0.0507807 0.382736 0 
1555 0.03644 0.410392 0 
1556 0.0482573 -0.405 0 
1557 0.0192025 -0.368648 0 
1558 0.0263382 -0.354819 0 
1559 0.0344245 -0.340643 0 
1560 0.0391351 -0.328578 0 
1561 0.0432607 -0.317933 0 
1562 0.0480671 -0.309786 0 
1563 0.0515264 -0.30354 0 
1564 0.0527987 -0.297274 0 
1565 0.0535131 -0.290014 0 
1566 0.0532543 -0.28177 0 
1567 0.0520283 -0.272076 0 
1568 0.050558 -0.261447 0 
1569 0.0490189 -0.250172 0 
1570 0.0474439 -0.238241 0 
1571 0.0461482 -0.226216 0 
1572 0.0446922 -0.213779 0 
1573 0.0435211 -0.201253 0 
1574 0.0425108 -0.188654 0 
1575 0.0416403 -0.176124 0 
1576 0.040834 -0.163649 0 
1577 0.0401083 -0.151091 0 
1578 0.0396522 -0.138689 0 
1579 0.039155 -0.12645 0 
1580 0.0387182 -0.114387 0 
1581 0.0383687 -0.102427 0 
1582 0.0381152 -0.0907402 0 
1583 0.0378924 -0.0792041 0 
1584 0.0376979 -0.0678306 0 
1585 0.0375326 -0.0566265 0 
1586 0.037403 -0.0455918 0 
1587 0.0373207 -0.0347163 0 
1588 0.0373004 -0.0239795 0 
1589 0.0373572 -0.0133504 0 
1590 0.037503 -0.00278699 0 
1591 0.0377433 0.00775709 0 
1592 0.0380766 0.0183301 0 
1593 0.0384947 0.0289775 0 
1594 0.0389824 0.0397391 0 
1595 0.0395193 0.0506459 0 
1596 0.0400802 0.0617203 0 
1597 0.0406355 0.0729754 0 
1598 0.0411497 0.0844168 0 
1599 0.0415805 0.0960433 0 
1600 0.0418801 0.107852 0 
1601 0.0419988 0.119844 0 
1602 0.041926 0.132018 0 
1603 0.0415448 0.14437 0 
1604 0.0410187 0.157053 0 
1605 0.0403976 0.169939 0 
1606 0.0396435 0.183167 0 
1607 0.0389786 0.196827 0 
1608 0.0390324 0.210569 0 
1609 0.0401639 0.224286 0 
1610 0.0419317 0.237423 0 
1611 0.0438575 0.249734 0 
1612 0.044994 0.261534 0 
1613 0.0457694 0.272611 0 
1614 0.0457877 0.283546 0 
1615 0.0460876 0.293784 0 
1616 0.0462677 0.303914 0 
1617 0.0466826 0.313871 0 
1618 0.0476534 0.323527 0 
1619 0.0488721 0.333438 0 
1620 0.0506769 0.343225 0 
1621 0.0528349 0.352924 0 
1622 0.0552787 0.362378 0 
1623 0.0578351 0.37146 0 
1624 0.0606047 0.379372 0 
1625 0.0482573 0.410392 0 
1626 0.0600746 -0.405 0 
1627 0.0343039 -0.366876 0 
1628 0.0432603 -0.350538 0 
1629 0.0492194 -0.336264 0 
1630 0.0519882 -0.32461 0 
1631 0.0559598 -0.314708 0 
1632 0.0610044 -0.307884 0 
1633 0.0642554 -0.302038 0 
1634 0.0659817 -0.29682 0 
1635 0.0663183 -0.290705 0 
1636 0.0651503 -0.282693 0 
1637 0.0631252 -0.272489 0 
1638 0.0614111 -0.261827 0 
1639 0.0594974 -0.250159 0 
1640 0.0578265 -0.238146 0 
1641 0.0562647 -0.225821 0 
1642 0.0547966 -0.213348 0 
1643 0.0535923 -0.200766 0 
1644 0.0525884 -0.188175 0 
1645 0.0516526 -0.175632 0 
1646 0.0508584 -0.163172 0 
1647 0.0501465 -0.150634 0 
1648 0.0496213 -0.13817 0 
1649 0.0491225 -0.12594 0 
1650 0.0486461 -0.113876 0 
1651 0.0482343 -0.101871 0 
1652 0.0479276 -0.0901875 0 
1653 0.0476401 -0.0786531 0 
1654 0.0473647 -0.0672889 0 
1655 0.0471031 -0.0561115 0 
1656 0.0468662 -0.0451282 0 
1657 0.046674 -0.0343313 0 
1658 0.0465518 -0.0236993 0 
1659 0.0465247 -0.0131967 0 
1660 0.0466134 -0.00277508 0 
1661 0.0468284 0.00762168 0 
1662 0.0471701 0.0180522 0 
1663 0.0476293 0.0285722 0 
1664 0.0481878 0.0392286 0 
1665 0.0488209 0.0500563 0 
1666 0.0494991 0.061079 0 
1667 0.0501878 0.0723089 0 
1668 0.0508451 0.0837482 0 
1669 0.0514156 0.0953863 0 
1670 0.0518338 0.107215 0 
1671 0.0520259 0.119226 0 
1672 0.0519451 0.131404 0 
1673 0.0515403 0.143761 0 
1674 0.0508772 0.156471 0 
1675 0.0500506 0.169503 0 
1676 0.0489273 0.18295 0 
1677 0.0480952 0.197036 0 
1678 0.0478642 0.211643 0 
1679 0.0506379 0.22602 0 
1680 0.0541012 0.239283 0 
1681 0.0569604 0.251685 0 
1682 0.0588871 0.263105 0 
1683 0.0591858 0.274285 0 
1684 0.0594106 0.284639 0 
1685 0.059209 0.294813 0 
1686 0.0592194 0.304649 0 
1687 0.05952 0.314358 0 
1688 0.0601183 0.324098 0 
1689 0.0611354 0.333699 0 
1690 0.0625004 0.343185 0 
1691 0.0641039 0.352633 0 
1692 0.0659856 0.361791 0 
1693 0.0682103 0.370413 0 
1694 0.0704554 0.378278 0 
1695 0.0600746 0.410392 0 
1696 0.0718918 -0.405 0 
1697 0.0499072 -0.369421 0 
1698 0.0607931 -0.349065 0 
1699 0.0626369 -0.331652 0 
1700 0.0662796 -0.321765 0 
1701 0.0701486 -0.314998 0 
1702 0.0750564 -0.309953 0 
1703 0.0781982 -0.305226 0 
1704 0.0796625 -0.299524 0 
1705 0.0787562 -0.292916 0 
1706 0.076678 -0.284329 0 
1707 0.0740985 -0.273555 0 
1708 0.0720876 -0.262467 0 
1709 0.0698132 -0.250235 0 
1710 0.0680754 -0.238048 0 
1711 0.0662253 -0.225369 0 
1712 0.0647968 -0.212916 0 
1713 0.0635629 -0.200197 0 
1714 0.0626874 -0.187646 0 
1715 0.0617066 -0.175102 0 
1716 0.06092 -0.162692 0 
1717 0.0601783 -0.150135 0 
1718 0.0596906 -0.137634 0 
1719 0.0591417 -0.125396 0 
1720 0.0585986 -0.113316 0 
1721 0.0581341 -0.101247 0 
1722 0.0577683 -0.0895367 0 
1723 0.0574172 -0.0779838 0 
1724 0.0570584 -0.0666156 0 
1725 0.056687 -0.0554582 0 
1726 0.0563214 -0.0445279 0 
1727 0.0559929 -0.0338229 0 
1728 0.0557409 -0.0233221 0 
1729 0.0556057 -0.0129848 0 
1730 0.0556196 -0.00275258 0 
1731 0.0557998 0.0074454 0 
1732 0.0561482 0.0176834 0 
1733 0.0566545 0.0280309 0 
1734 0.0572947 0.0385456 0 
1735 0.0580365 0.0492654 0 
1736 0.0588449 0.0602154 0 
1737 0.0596821 0.0714053 0 
1738 0.0605019 0.0828337 0 
1739 0.0612405 0.0944866 0 
1740 0.0618094 0.106344 0 
1741 0.0620951 0.118375 0 
1742 0.061998 0.130549 0 
1743 0.0615578 0.142975 0 
1744 0.0606677 0.155724 0 
1745 0.0594325 0.168854 0 
1746 0.0577068 0.182421 0 
1747 0.0562196 0.197355 0 
1748 0.0549235 0.21316 0 
1749 0.0613572 0.228948 0 
1750 0.0679974 0.242081 0 
1751 0.0721666 0.254009 0 
1752 0.0732331 0.265603 0 
1753 0.0736212 0.275989 0 
1754 0.0730865 0.286057 0 
1755 0.0726519 0.295715 0 
1756 0.0722826 0.305432 0 
1757 0.0722319 0.315001 0 
1758 0.0725638 0.324463 0 
1759 0.0732469 0.333878 0 
1760 0.0742338 0.34317 0 
1761 0.0755736 0.352322 0 
1762 0.077038 0.361367 0 
1763 0.0786583 0.370188 0 
1764 0.0804656 0.378896 0 
1765 0.0718918 0.410392 0 
1766 0.0837091 -0.405 0 
1767 0.0684725 -0.375055 0 
1768 0.0764546 -0.35592 0 
1769 0.072278 -0.332772 0 
1770 0.0793881 -0.32603 0 
1771 0.0865922 -0.322575 0 
1772 0.0900913 -0.319265 0 
1773 0.0911772 -0.312617 0 
1774 0.0917457 -0.305425 0 
1775 0.0911628 -0.297089 0 
1776 0.0878931 -0.286789 0 
1777 0.0845453 -0.274793 0 
1778 0.0821802 -0.262895 0 
1779 0.0798373 -0.250318 0 
1780 0.078154 -0.238024 0 
1781 0.0758975 -0.224781 0 
1782 0.0745873 -0.212258 0 
1783 0.0735616 -0.199615 0 
1784 0.0728053 -0.187176 0 
1785 0.0716884 -0.174541 0 
1786 0.0709319 -0.162128 0 
1787 0.070347 -0.149681 0 
1788 0.0698337 -0.137147 0 
1789 0.0691815 -0.124879 0 
1790 0.0685705 -0.112761 0 
1791 0.0680448 -0.100593 0 
1792 0.0676303 -0.0888034 0 
1793 0.0672279 -0.0771977 0 
1794 0.0667826 -0.0657964 0 
1795 0.0662857 -0.0546428 0 
1796 0.0657621 -0.0437622 0 
1797 0.0652601 -0.0331616 0 
1798 0.0648401 -0.0228221 0 
1799 0.0645634 -0.0126971 0 
1800 0.0644806 -0.00271302 0 
1801 0.064617 0.0072219 0 
1802 0.0649722 0.0172037 0 
1803 0.065537 0.0273232 0 
1804 0.0662758 0.0376514 0 
1805 0.0671458 0.048234 0 
1806 0.0681061 0.0590943 0 
1807 0.0691178 0.070236 0 
1808 0.0701371 0.0816528 0 
1809 0.0710934 0.0933246 0 
1810 0.0718672 0.105223 0 
1811 0.0722725 0.117288 0 
1812 0.0721874 0.129487 0 
1813 0.0717188 0.141981 0 
1814 0.0704873 0.154768 0 
1815 0.0687437 0.167934 0 
1816 0.065895 0.181358 0 
1817 0.0640005 0.197235 0 
1818 0.0628066 0.213733 0 
1819 0.0753478 0.233005 0 
1820 0.0851617 0.245681 0 
1821 0.0885839 0.257421 0 
1822 0.0893544 0.268339 0 
1823 0.0884013 0.278099 0 
1824 0.0871939 0.287417 0 
1825 0.0859747 0.296842 0 
1826 0.0851985 0.306202 0 
1827 0.0848887 0.315524 0 
1828 0.0849242 0.324803 0 
1829 0.0853099 0.334019 0 
1830 0.0859815 0.343209 0 
1831 0.0867846 0.352261 0 
1832 0.0877709 0.361253 0 
1833 0.0886996 0.37042 0 
1834 0.0895318 0.380803 0 
1835 0.0837091 0.410392 0 
1836 0.0955264 -0.405 0 
1837 0.0858629 -0.386191 0 
1838 0.0898132 -0.363519 0 
1839 0.096429 -0.349003 0 
1840 0.0982458 -0.341666 0 
1841 0.101046 -0.33367 0 
1842 0.102655 -0.328877 0 
1843 0.102824 -0.321287 0 
1844 0.102439 -0.312338 0 
1845 0.102298 -0.302995 0 
1846 0.0986823 -0.289777 0 
1847 0.0945407 -0.275879 0 
1848 0.091896 -0.262979 0 
1849 0.0896256 -0.250239 0 
1850 0.0881432 -0.238248 0 
1851 0.085071 -0.223854 0 
1852 0.0841412 -0.211321 0 
1853 0.0836236 -0.198957 0 
1854 0.0831732 -0.186916 0 
1855 0.0816144 -0.173931 0 
1856 0.0809091 -0.161497 0 
1857 0.0806564 -0.149269 0 
1858 0.0802313 -0.136882 0 
1859 0.0792673 -0.124494 0 
1860 0.0785025 -0.11226 0 
1861 0.0779482 -0.0999262 0 
1862 0.0775114 -0.0879995 0 
1863 0.0770914 -0.0762858 0 
1864 0.0765677 -0.064812 0 
1865 0.0759227 -0.0536344 0 
1866 0.0751972 -0.0427905 0 
1867 0.0744682 -0.0323042 0 
1868 0.0738245 -0.0221598 0 
1869 0.0733582 -0.0123044 0 
1870 0.073151 -0.00264495 0 
1871 0.0732377 0.00694364 0 
1872 0.0736005 0.0165882 0 
1873 0.074247 0.0264132 0 
1874 0.0751148 0.0365078 0 
1875 0.0761419 0.0469238 0 
1876 0.0772794 0.0576786 0 
1877 0.0784909 0.0687633 0 
1878 0.0797488 0.0801643 0 
1879 0.080994 0.091855 0 
1880 0.0820818 0.103812 0 
1881 0.0826551 0.11594 0 
1882 0.0826828 0.128188 0 
1883 0.082128 0.140839 0 
1884 0.0804726 0.15361 0 
1885 0.0780783 0.167137 0 
1886 0.0740854 0.180981 0 
1887 0.0711109 0.197526 0 
1888 0.0721933 0.211601 0 
1889 0.0919543 0.230092 0 
1890 0.100783 0.251267 0 
1891 0.106164 0.262014 0 
1892 0.106537 0.272033 0 
1893 0.103682 0.280242 0 
1894 0.101032 0.28879 0 
1895 0.0992083 0.29775 0 
1896 0.0980687 0.306837 0 
1897 0.0973697 0.316007 0 
1898 0.0971833 0.325146 0 
1899 0.0972426 0.334235 0 
1900 0.0976282 0.343207 0 
1901 0.098196 0.352063 0 
1902 0.0988255 0.360734 0 
1903 0.099375 0.369262 0 
1904 0.0996251 0.37746 0 
1905 0.0955264 0.410392 0 
1906 0.107344 -0.405 0 
1907 0.107344 -0.393183 0 
1908 0.107344 -0.381365 0 
1909 0.107344 -0.369548 0 
1910 0.107344 -0.357731 0 
1911 0.107344 -0.345913 0 
1912 0.107344 -0.334096 0 
1913 0.107344 -0.322279 0 
1914 0.107344 -0.310462 0 
1915 0.107344 -0.298644 0 
1916 0.107344 -0.286827 0 
1917 0.107344 -0.27501 0 
1918 0.107344 -0.263193 0 
1919 0.107344 -0.251375 0 
1920 0.107344 -0.239558 0 
1921 0.107344 -0.227741 0 
1922 0.107344 -0.215924 0 
1923 0.107344 -0.204106 0 
1924 0.107344 -0.192289 0 
1925 0.107344 -0.180472 0 
1926 0.107344 -0.168654 0 
1927 0.107344 -0.156837 0 
1928 0.107344 -0.14502 0 
1929 0.107344 -0.133203 0 
1930 0.107344 -0.121385 0 
1931 0.107344 -0.109568 0 
1932 0.107344 -0.0977508 0 
1933 0.107344 -0.0859335 0 
1934 0.107344 -0.0741163 0 
1935 0.107344 -0.062299 0 
1936 0.107344 -0.0504817 0 
1937 0.107344 -0.0386644 0 
1938 0.107344 -0.0268472 0 
1939 0.107344 -0.0150299 0 
1940 0.107344 -0.00321262 0 
1941 0.107344 0.00860465 0 
1942 0.107344 0.0204219 0 
1943 0.107344 0.0322392 0 
1944 0.107344 0.0440565 0 
1945 0.107344 0.0558737 0 
1946 0.107344 0.067691 0 
1947 0.107344 0.0795083 0 
1948 0.107344 0.0913256 0 
1949 0.107344 0.103143 0 
1950 0.107344 0.11496 0 
1951 0.107344 0.126777 0 
1952 0.107344 0.138595 0 
1953 0.107344 0.150412 0 
1954 0.107344 0.162229 0 
1955 0.107344 0.174047 0 
1956 0.107344 0.185864 0 
1957 0.107344 0.197681 0 
1958 0.107344 0.209498 0 
1959 0.107344 0.221316 0 
1960 0.123184 0.255833 0 
1961 0.127613 0.262678 0 
1962 0.123583 0.273886 0 
1963 0.118193 0.281517 0 
1964 0.114431 0.289558 0 
1965 0.11201 0.298372 0 
1966 0.110582 0.30741 0 
1967 0.109786 0.316481 0 
1968 0.109379 0.325507 0 
1969 0.109323 0.334518 0 
1970 0.109427 0.343344 0 
1971 0.109667 0.352094 0 
1972 0.109926 0.360516 0 
1973 0.110051 0.368598 0 
1974 0.109857 0.375618 0 
1975 0.107344 0.410392 0 
1976 0.119161 0.221316 0 
1977 0.131984 0.243465 0 
1978 0.135921 0.258713 0 
1979 0.135072 0.271528 0 
1980 0.129963 0.281042 0 
1981 0.126298 0.289798 0 
1982 0.124158 0.29885 0 
1983 0.122766 0.307979 0 
1984 0.121943 0.317077 0 
1985 0.121392 0.326072 0 
1986 0.121077 0.334982 0 
1987 0.120876 0.343786 0 
1988 0.120841 0.352354 0 
1989 0.120815 0.360743 0 
1990 0.120745 0.368774 0 
1991 0.120556 0.376151 0 
1992 0.119161 0.410392 0 
1993 0.130978 0.221316 0 
1994 0.137147 0.240394 0 
1995 0.141481 0.255405 0 
1996 0.141781 0.2691 0 
1997 0.139454 0.279997 0 
1998 0.137086 0.290014 0 
1999 0.13555 0.299593 0 
2000 0.134561 0.308786 0 
2001 0.13383 0.317821 0 
2002 0.133371 0.326713 0 
2003 0.132951 0.335507 0 
2004 0.132683 0.344201 0 
2005 0.132378 0.35279 0 
2006 0.132135 0.361295 0 
2007 0.13183 0.369709 0 
2008 0.131669 0.378289 0 
2009 0.130978 0.410392 0 
2010 0.142796 0.221316 0 
2011 0.143459 0.243591 0 
2012 0.146939 0.256863 0 
2013 0.148028 0.269654 0 
2014 0.147937 0.280837 0 
2015 0.147421 0.290915 0 
2016 0.146819 0.300523 0 
2017 0.14628 0.309722 0 
2018 0.145747 0.318728 0 
2019 0.145233 0.32755 0 
2020 0.144726 0.336291 0 
2021 0.144178 0.344923 0 
2022 0.143617 0.353517 0 
2023 0.143042 0.362039 0 
2024 0.142488 0.370781 0 
2025 0.142096 0.380722 0 
2026 0.142796 0.410392 0 
2027 0.154613 0.221316 0 
2028 0.150098 0.250513 0 
2029 0.153119 0.261605 0 
2030 0.155887 0.272544 0 
2031 0.157355 0.282857 0 
2032 0.157992 0.292611 0 
2033 0.158159 0.301949 0 
2034 0.158006 0.310966 0 
2035 0.157671 0.319797 0 
2036 0.157186 0.328469 0 
2037 0.156622 0.337084 0 
2038 0.155985 0.345563 0 
2039 0.155288 0.354053 0 
2040 0.154465 0.362359 0 
2041 0.153504 0.370638 0 
2042 0.152264 0.378627 0 
2043 0.154613 0.410392 0 
2044 0.16643 0.221316 0 
2045 0.157949 0.25716 0 
2046 0.161901 0.26675 0 
2047 0.165548 0.276355 0 
2048 0.1679 0.285832 0 
2049 0.169242 0.294987 0 
2050 0.169876 0.303911 0 
2051 0.169962 0.31264 0 
2052 0.169708 0.321197 0 
2053 0.169179 0.329738 0 
2054 0.168482 0.33818 0 
2055 0.167634 0.346602 0 
2056 0.16667 0.354963 0 
2057 0.165632 0.363147 0 
2058 0.164405 0.371073 0 
2059 0.162923 0.378046 0 
2060 0.16643 0.410392 0 
2061 0.178247 0.221316 0 
2062 0.16775 0.263131 0 
2063 0.172813 0.271825 0 
2064 0.176799 0.280623 0 
2065 0.179548 0.289227 0 
2066 0.181224 0.297674 0 
2067 0.182033 0.306047 0 
2068 0.182213 0.314337 0 
2069 0.181919 0.322651 0 
2070 0.181322 0.330966 0 
2071 0.180486 0.339302 0 
2072 0.179477 0.347638 0 
2073 0.178284 0.355953 0 
2074 0.176966 0.364192 0 
2075 0.175522 0.372215 0 
2076 0.173954 0.379735 0 
2077 0.178247 0.410392 0 
2078 0.190065 0.221316 0 
2079 0.179989 0.268062 0 
2080 0.185291 0.277071 0 
2081 0.189557 0.285247 0 
2082 0.192354 0.292999 0 
2083 0.194028 0.300662 0 
2084 0.194754 0.308406 0 
2085 0.19487 0.316248 0 
2086 0.194445 0.324292 0 
2087 0.19368 0.332442 0 
2088 0.192603 0.340674 0 
2089 0.191324 0.348912 0 
2090 0.189899 0.357223 0 
2091 0.188387 0.365567 0 
2092 0.186922 0.374001 0 
2093 0.185603 0.38289 0 
2094 0.190065 0.410392 0 
2095 0.201882 0.221316 0 
2096 0.194019 0.272857 0 
2097 0.199954 0.282874 0 
2098 0.203986 0.290963 0 
2099 0.206604 0.297472 0 
2100 0.207835 0.304007 0 
2101 0.208265 0.310901 0 
2102 0.207958 0.31816 0 
2103 0.207197 0.325787 0 
2104 0.206129 0.333669 0 
2105 0.204786 0.341798 0 
2106 0.203267 0.350007 0 
2107 0.20154 0.358395 0 
2108 0.19969 0.366798 0 
2109 0.197824 0.375413 0 
2110 0.196271 0.384836 0 
2111 0.201882 0.410392 0 
2112 0.213699 0.221316 0 
2113 0.21093 0.276758 0 
2114 0.218061 0.287993 0 
2115 0.221178 0.296163 0 
2116 0.222372 0.302363 0 
2117 0.222696 0.30745 0 
2118 0.222267 0.313272 0 
2119 0.221349 0.319944 0 
2120 0.220246 0.327244 0 
2121 0.218827 0.335013 0 
2122 0.21717 0.34306 0 
2123 0.21533 0.351226 0 
2124 0.213314 0.359575 0 
2125 0.211175 0.367852 0 
2126 0.208795 0.376123 0 
2127 0.206057 0.384032 0 
2128 0.213699 0.410392 0 
2129 0.225516 0.0795083 0 
2130 0.225516 0.0913256 0 
2131 0.225516 0.103143 0 
2132 0.225516 0.11496 0 
2133 0.225516 0.126777 0 
2134 0.225516 0.138595 0 
2135 0.225516 0.150412 0 
2136 0.225516 0.162229 0 
2137 0.225516 0.174047 0 
2138 0.225516 0.185864 0 
2139 0.225516 0.197681 0 
2140 0.225516 0.209498 0 
2141 0.225516 0.221316 0 
2142 0.237534 0.280547 0 
2143 0.242247 0.292057 0 
2144 0.241773 0.299771 0 
2145 0.240164 0.305581 0 
2146 0.238466 0.310454 0 
2147 0.236838 0.315157 0 
2148 0.235203 0.321389 0 
2149 0.233439 0.328438 0 
2150 0.231512 0.336067 0 
2151 0.229556 0.34411 0 
2152 0.227389 0.352428 0 
2153 0.225087 0.360926 0 
2154 0.222641 0.369378 0 
2155 0.219924 0.377486 0 
2156 0.216844 0.384496 0 
2157 0.225516 0.410392 0 
2158 0.237334 0.0795083 0 
2159 0.247152 0.0944937 0 
2160 0.254963 0.102044 0 
2161 0.26213 0.108346 0 
2162 0.26985 0.116358 0 
2163 0.276162 0.125509 0 
2164 0.281047 0.136259 0 
2165 0.284513 0.149326 0 
2166 0.286962 0.162098 0 
2167 0.288356 0.17706 0 
2168 0.289844 0.192126 0 
2169 0.291043 0.209141 0 
2170 0.291108 0.234307 0 
2171 0.284794 0.277839 0 
2172 0.273324 0.291345 0 
2173 0.264635 0.300195 0 
2174 0.258929 0.30632 0 
2175 0.254917 0.311342 0 
2176 0.251649 0.315927 0 
2177 0.249035 0.322083 0 
2178 0.246654 0.329163 0 
2179 0.244379 0.336937 0 
2180 0.242045 0.345077 0 
2181 0.239507 0.353491 0 
2182 0.236894 0.362179 0 
2183 0.23407 0.370909 0 
2184 0.231097 0.37946 0 
2185 0.227905 0.387405 0 
2186 0.237334 0.410392 0 
2187 0.249151 0.0795083 0 
2188 0.257716 0.0967538 0 
2189 0.263208 0.103181 0 
2190 0.269734 0.110058 0 
2191 0.27661 0.118399 0 
2192 0.282441 0.128117 0 
2193 0.286952 0.139424 0 
2194 0.290093 0.152361 0 
2195 0.292748 0.165963 0 
2196 0.295121 0.180832 0 
2197 0.297758 0.197219 0 
2198 0.300499 0.215961 0 
2199 0.301821 0.239101 0 
2200 0.299643 0.26717 0 
2201 0.293857 0.28547 0 
2202 0.284194 0.296594 0 
2203 0.276659 0.304273 0 
2204 0.270579 0.310011 0 
2205 0.266094 0.315451 0 
2206 0.26273 0.321913 0 
2207 0.259755 0.329258 0 
2208 0.257024 0.33725 0 
2209 0.254339 0.345634 0 
2210 0.251615 0.354452 0 
2211 0.248818 0.363582 0 
2212 0.245752 0.372721 0 
2213 0.242669 0.382082 0 
2214 0.239891 0.391944 0 
2215 0.249151 0.410392 0 
2216 0.260968 0.0795083 0 
2217 0.268688 0.100739 0 
2218 0.272758 0.106572 0 
2219 0.278308 0.113434 0 
2220 0.28412 0.12181 0 
2221 0.289107 0.131586 0 
2222 0.293057 0.142817 0 
2223 0.296167 0.155855 0 
2224 0.298757 0.1692 0 
2225 0.301542 0.183667 0 
2226 0.30468 0.199874 0 
2227 0.307697 0.217396 0 
2228 0.30965 0.237318 0 
2229 0.309248 0.258187 0 
2230 0.305162 0.276885 0 
2231 0.299199 0.290828 0 
2232 0.291577 0.300139 0 
2233 0.284786 0.306996 0 
2234 0.27971 0.313715 0 
2235 0.275829 0.320987 0 
2236 0.272478 0.328761 0 
2237 0.269581 0.337001 0 
2238 0.266576 0.345708 0 
2239 0.26351 0.354859 0 
2240 0.260319 0.364306 0 
2241 0.256944 0.374071 0 
2242 0.253574 0.384188 0 
2243 0.250574 0.394916 0 
2244 0.260968 0.410392 0 
2245 0.272786 0.0795083 0 
2246 0.27902 0.1058 0 
2247 0.282451 0.111295 0 
2248 0.287114 0.117896 0 
2249 0.291848 0.125878 0 
2250 0.29595 0.135523 0 
2251 0.299437 0.146857 0 
2252 0.302325 0.159077 0 
2253 0.304952 0.171882 0 
2254 0.307728 0.185959 0 
2255 0.310813 0.201095 0 
2256 0.313661 0.21731 0 
2257 0.315553 0.23467 0 
2258 0.31564 0.252501 0 
2259 0.313352 0.269237 0 
2260 0.308907 0.283504 0 
2261 0.303127 0.294482 0 
2262 0.297109 0.302921 0 
2263 0.292296 0.311156 0 
2264 0.288321 0.319328 0 
2265 0.284759 0.327668 0 
2266 0.281602 0.336312 0 
2267 0.278514 0.345327 0 
2268 0.275524 0.354777 0 
2269 0.272077 0.364585 0 
2270 0.26826 0.374845 0 
2271 0.264129 0.385413 0 
2272 0.259237 0.396413 0 
2273 0.272786 0.410392 0 
2274 0.284603 0.0795083 0 
2275 0.288788 0.111068 0 
2276 0.291922 0.116042 0 
2277 0.296111 0.122364 0 
2278 0.299816 0.130279 0 
2279 0.303158 0.139746 0 
2280 0.306289 0.150394 0 
2281 0.308946 0.161754 0 
2282 0.311474 0.174215 0 
2283 0.313956 0.187552 0 
2284 0.316354 0.201621 0 
2285 0.318717 0.216577 0 
2286 0.320508 0.23214 0 
2287 0.320837 0.247876 0 
2288 0.319235 0.262993 0 
2289 0.316136 0.276646 0 
2290 0.31202 0.288507 0 
2291 0.307819 0.298693 0 
2292 0.303691 0.308023 0 
2293 0.300038 0.317091 0 
2294 0.296575 0.326045 0 
2295 0.293362 0.335039 0 
2296 0.289995 0.344407 0 
2297 0.286839 0.354204 0 
2298 0.283505 0.364407 0 
2299 0.280007 0.375167 0 
2300 0.275565 0.386255 0 
2301 0.270165 0.397902 0 
2302 0.284603 0.410392 0 
2303 0.29642 0.0795083 0 
2304 0.29939 0.115335 0 
2305 0.302486 0.119919 0 
2306 0.305616 0.126436 0 
2307 0.30843 0.134055 0 
2308 0.311263 0.143134 0 
2309 0.313789 0.153165 0 
2310 0.316164 0.164063 0 
2311 0.31852 0.17603 0 
2312 0.32051 0.188554 0 
2313 0.3225 0.201882 0 
2314 0.324331 0.215833 0 
2315 0.325527 0.230107 0 
2316 0.32588 0.244546 0 
2317 0.325194 0.258439 0 
2318 0.323415 0.271685 0 
2319 0.32074 0.283745 0 
2320 0.31761 0.29475 0 
2321 0.31433 0.304881 0 
2322 0.311119 0.314403 0 
2323 0.307694 0.323852 0 
2324 0.304528 0.333337 0 
2325 0.301439 0.342805 0 
2326 0.298037 0.352914 0 
2327 0.294391 0.363537 0 
2328 0.290708 0.374745 0 
2329 0.28641 0.386435 0 
2330 0.281077 0.398626 0 
2331 0.29642 0.410392 0 
2332 0.308237 0.0795083 0 
2333 0.311385 0.117312 0 
2334 0.31344 0.122512 0 
2335 0.315601 0.1291 0 
2336 0.317615 0.136595 0 
2337 0.31989 0.145563 0 
2338 0.321796 0.155194 0 
2339 0.323838 0.165739 0 
2340 0.32589 0.177228 0 
2341 0.327535 0.189136 0 
2342 0.329267 0.201863 0 
2343 0.330722 0.214935 0 
2344 0.331784 0.228353 0 
2345 0.332221 0.2418 0 
2346 0.332023 0.255109 0 
2347 0.331021 0.267863 0 
2348 0.329386 0.279892 0 
2349 0.327093 0.29119 0 
2350 0.32449 0.301697 0 
2351 0.321615 0.311697 0 
2352 0.318491 0.321129 0 
2353 0.315228 0.330927 0 
2354 0.311783 0.340791 0 
2355 0.308951 0.350909 0 
2356 0.305571 0.361776 0 
2357 0.301788 0.373626 0 
2358 0.297683 0.38624 0 
2359 0.293457 0.399619 0 
2360 0.308237 0.410392 0 
2361 0.320055 0.0795083 0 
2362 0.323925 0.118024 0 
2363 0.324931 0.123741 0 
2364 0.326016 0.130573 0 
2365 0.3273 0.13823 0 
2366 0.328987 0.147141 0 
2367 0.330288 0.156456 0 
2368 0.33198 0.166926 0 
2369 0.333548 0.177848 0 
2370 0.335058 0.189306 0 
2371 0.336495 0.201577 0 
2372 0.337764 0.213995 0 
2373 0.338847 0.226781 0 
2374 0.33938 0.239552 0 
2375 0.339416 0.252435 0 
2376 0.339071 0.264697 0 
2377 0.338056 0.276657 0 
2378 0.33651 0.287956 0 
2379 0.334354 0.2987 0 
2380 0.331985 0.308808 0 
2381 0.328965 0.318503 0 
2382 0.325682 0.327733 0 
2383 0.321739 0.33768 0 
2384 0.318214 0.348321 0 
2385 0.315508 0.359356 0 
2386 0.312542 0.371338 0 
2387 0.308842 0.384925 0 
2388 0.305218 0.40003 0 
2389 0.320055 0.410392 0 
2390 0.331872 0.0795083 0 
2391 0.336989 0.117496 0 
2392 0.336495 0.123782 0 
2393 0.336523 0.131032 0 
2394 0.337114 0.138954 0 
2395 0.338134 0.14782 0 
2396 0.338993 0.157098 0 
2397 0.340424 0.167493 0 
2398 0.341542 0.177931 0 
2399 0.342894 0.189261 0 
2400 0.344052 0.200924 0 
2401 0.345275 0.212951 0 
2402 0.346275 0.225223 0 
2403 0.34698 0.237535 0 
2404 0.347331 0.249833 0 
2405 0.347309 0.262087 0 
2406 0.346844 0.273794 0 
2407 0.34588 0.285015 0 
2408 0.344423 0.295887 0 
2409 0.342049 0.306014 0 
2410 0.339488 0.315579 0 
2411 0.335906 0.324703 0 
2412 0.331643 0.333434 0 
2413 0.327044 0.344074 0 
2414 0.323497 0.355684 0 
2415 0.320727 0.368386 0 
2416 0.316901 0.382368 0 
2417 0.3117 0.398271 0 
2418 0.331872 0.410392 0 
2419 0.343689 0.0795083 0 
2420 0.350096 0.115771 0 
2421 0.347971 0.122896 0 
2422 0.347006 0.130672 0 
2423 0.346993 0.138952 0 
2424 0.347397 0.147894 0 
2425 0.347971 0.157175 0 
2426 0.34892 0.167442 0 
2427 0.349804 0.177717 0 
2428 0.351045 0.188867 0 
2429 0.351951 0.20001 0 
2430 0.353099 0.211962 0 
2431 0.354022 0.223615 0 
2432 0.354954 0.235635 0 
2433 0.355478 0.247547 0 
2434 0.355752 0.259652 0 
2435 0.355831 0.271202 0 
2436 0.355261 0.282451 0 
2437 0.354353 0.293132 0 
2438 0.352635 0.303434 0 
2439 0.349918 0.312923 0 
2440 0.346694 0.321556 0 
2441 0.341625 0.32943 0 
2442 0.335452 0.337663 0 
2443 0.330976 0.349811 0 
2444 0.328035 0.363534 0 
2445 0.324557 0.378203 0 
2446 0.319298 0.393998 0 
2447 0.343689 0.410392 0 
2448 0.355506 0.0795083 0 
2449 0.362228 0.113092 0 
2450 0.358322 0.121314 0 
2451 0.356955 0.129729 0 
2452 0.356693 0.138394 0 
2453 0.356678 0.147422 0 
2454 0.356908 0.15679 0 
2455 0.357516 0.166957 0 
2456 0.358212 0.177127 0 
2457 0.359128 0.188026 0 
2458 0.359935 0.198947 0 
2459 0.361005 0.210581 0 
2460 0.361983 0.221993 0 
2461 0.362945 0.233741 0 
2462 0.363716 0.245358 0 
2463 0.364388 0.257067 0 
2464 0.364784 0.268797 0 
2465 0.364771 0.279966 0 
2466 0.364174 0.290804 0 
2467 0.363261 0.300968 0 
2468 0.361172 0.310593 0 
2469 0.357757 0.31913 0 
2470 0.353398 0.325895 0 
2471 0.345582 0.331821 0 
2472 0.337794 0.342221 0 
2473 0.334313 0.356296 0 
2474 0.331901 0.372003 0 
2475 0.330383 0.390797 0 
2476 0.355506 0.410392 0 
2477 0.367324 0.0795083 0 
2478 0.370682 0.111401 0 
2479 0.366481 0.119606 0 
2480 0.366419 0.128464 0 
2481 0.366262 0.137462 0 
2482 0.365915 0.146618 0 
2483 0.365986 0.156067 0 
2484 0.366248 0.166135 0 
2485 0.366728 0.176326 0 
2486 0.367295 0.186943 0 
2487 0.368103 0.197704 0 
2488 0.369031 0.209071 0 
2489 0.370067 0.220411 0 
2490 0.370959 0.231723 0 
2491 0.372041 0.243253 0 
2492 0.373004 0.254688 0 
2493 0.373877 0.266463 0 
2494 0.374397 0.277507 0 
2495 0.374147 0.288519 0 
2496 0.373782 0.298929 0 
2497 0.372533 0.308564 0 
2498 0.36984 0.317331 0 
2499 0.36579 0.324284 0 
2500 0.360156 0.328786 0 
2501 0.350032 0.335265 0 
2502 0.341089 0.348099 0 
2503 0.339571 0.365586 0 
2504 0.342395 0.385344 0 
2505 0.367324 0.410392 0 
2506 0.379141 0.0795083 0 
2507 0.378198 0.109428 0 
2508 0.376496 0.118681 0 
2509 0.37613 0.127065 0 
2510 0.375916 0.136349 0 
2511 0.37513 0.145551 0 
2512 0.374887 0.155014 0 
2513 0.374992 0.165077 0 
2514 0.375322 0.175266 0 
2515 0.375463 0.185626 0 
2516 0.376135 0.19633 0 
2517 0.377107 0.207484 0 
2518 0.378253 0.218787 0 
2519 0.378974 0.229713 0 
2520 0.380172 0.241134 0 
2521 0.381515 0.252365 0 
2522 0.383091 0.263918 0 
2523 0.38398 0.275078 0 
2524 0.384224 0.285983 0 
2525 0.383943 0.296995 0 
2526 0.38364 0.307264 0 
2527 0.382385 0.316583 0 
2528 0.379777 0.323682 0 
2529 0.374486 0.329382 0 
2530 0.367392 0.333608 0 
2531 0.355824 0.34112 0 
2532 0.353306 0.361395 0 
2533 0.352548 0.377252 0 
2534 0.379141 0.410392 0 
2535 0.390958 0.0795083 0 
2536 0.386792 0.110724 0 
2537 0.387853 0.115704 0 
2538 0.386227 0.125708 0 
2539 0.385917 0.135178 0 
2540 0.384186 0.144345 0 
2541 0.383695 0.153825 0 
2542 0.383903 0.163885 0 
2543 0.384101 0.174052 0 
2544 0.383394 0.184089 0 
2545 0.384 0.194828 0 
2546 0.385374 0.20596 0 
2547 0.38668 0.217305 0 
2548 0.386786 0.22758 0 
2549 0.387836 0.238785 0 
2550 0.389832 0.250122 0 
2551 0.392465 0.261731 0 
2552 0.393931 0.272713 0 
2553 0.394433 0.28298 0 
2554 0.394152 0.294502 0 
2555 0.394661 0.305756 0 
2556 0.394487 0.317408 0 
2557 0.393277 0.324803 0 
2558 0.390651 0.330091 0 
2559 0.384432 0.336045 0 
2560 0.374518 0.340207 0 
2561 0.364644 0.358603 0 
2562 0.363468 0.373067 0 
2563 0.390958 0.410392 0 
2564 0.402775 0.0795083 0 
2565 0.398613 0.112214 0 
2566 0.398089 0.1192 0 
2567 0.396288 0.126907 0 
2568 0.39689 0.134227 0 
2569 0.392783 0.142947 0 
2570 0.391855 0.152407 0 
2571 0.393107 0.162681 0 
2572 0.39369 0.172923 0 
2573 0.39065 0.18207 0 
2574 0.390954 0.193077 0 
2575 0.394038 0.204665 0 
2576 0.396025 0.216379 0 
2577 0.394249 0.225049 0 
2578 0.394414 0.23613 0 
2579 0.397376 0.247818 0 
2580 0.402716 0.260193 0 
2581 0.404709 0.270746 0 
2582 0.4046 0.279716 0 
2583 0.404161 0.290469 0 
2584 0.404456 0.302577 0 
2585 0.4064 0.317959 0 
2586 0.406487 0.328013 0 
2587 0.404779 0.334164 0 
2588 0.400644 0.336939 0 
2589 0.396499 0.345332 0 
2590 0.390028 0.352916 0 
2591 0.371892 0.368031 0 
2592 0.402775 0.410392 0 
2593 0.414593 0.0795083 0 
2594 0.414593 0.0913256 0 
2595 0.414593 0.103143 0 
2596 0.414593 0.11496 0 
2597 0.414593 0.126777 0 
2598 0.414593 0.138595 0 
2599 0.414593 0.150412 0 
2600 0.414593 0.162229 0 
2601 0.414593 0.174047 0 
2602 0.414593 0.185864 0 
2603 0.414593 0.197681 0 
2604 0.414593 0.209498 0 
2605 0.414593 0.221316 0 
2606 0.414593 0.233133 0 
2607 0.414593 0.24495 0 
2608 0.414593 0.256767 0 
2609 0.414593 0.268585 0 
2610 0.414593 0.280402 0 
2611 0.414593 0.292219 0 
2612 0.414593 0.304036 0 
2613 0.414593 0.315854 0 
2614 0.414593 0.327671 0 
2615 0.414593 0.339488 0 
2616 0.414593 0.351306 0 
2617 0.414593 0.363123 0 
2618 0.414593 0.37494 0 
2619 0.414593 0.386757 0 
2620 0.414593 0.398575 0 
2621 0.414593 0.410392 0 
