0 -0.424434 -0.405 0 
1 -0.424434 -0.393183 0 
2 -0.424434 -0.381365 0 
3 -0.424434 -0.369548 0 
4 -0.424434 -0.357731 0 
5 -0.424434 -0.345913 0 
6 -0.424434 -0.334096 0 
7 -0.424434 -0.322279 0 
8 -0.424434 -0.310462 0 
9 -0.424434 -0.298644 0 
10 -0.424434 -0.286827 0 
11 -0.424434 -0.27501 0 
12 -0.424434 -0.263193 0 
13 -0.424434 -0.251375 0 
14 -0.424434 -0.239558 0 
15 -0.424434 -0.227741 0 
16 -0.424434 -0.215924 0 
17 -0.424434 -0.204106 0 
18 -0.424434 -0.192289 0 
19 -0.424434 -0.180472 0 
20 -0.424434 -0.168654 0 
21 -0.424434 -0.156837 0 
22 -0.424434 -0.14502 0 
23 -0.424434 -0.133203 0 
24 -0.424434 -0.121385 0 
25 -0.424434 -0.109568 0 
26 -0.424434 -0.0977508 0 
27 -0.424434 -0.0859335 0 
28 -0.412616 -0.405 0 
29 -0.404815 -0.391318 0 
30 -0.419613 -0.386161 0 
31 -0.404108 -0.363315 0 
32 -0.406884 -0.357515 0 
33 -0.417255 -0.343208 0 
34 -0.411165 -0.329409 0 
35 -0.416842 -0.326949 0 
36 -0.421426 -0.31728 0 
37 -0.41119 -0.296944 0 
38 -0.420733 -0.289571 0 
39 -0.407102 -0.277853 0 
40 -0.421705 -0.267283 0 
41 -0.408498 -0.2546 0 
42 -0.419734 -0.244284 0 
43 -0.409651 -0.217952 0 
44 -0.412078 -0.213507 0 
45 -0.415627 -0.196294 0 
46 -0.414628 -0.190421 0 
47 -0.406338 -0.183545 0 
48 -0.41331 -0.171385 0 
49 -0.418786 -0.163692 0 
50 -0.414421 -0.130624 0 
51 -0.41408 -0.118232 0 
52 -0.416039 -0.11082 0 
53 -0.414161 -0.0997683 0 
54 -0.411713 -0.0899666 0 
55 -0.412616 -0.0859335 0 
56 -0.400799 -0.405 0 
57 -0.397541 -0.393602 0 
58 -0.403473 -0.380425 0 
59 -0.396101 -0.366587 0 
60 -0.39598 -0.363216 0 
61 -0.398465 -0.354627 0 
62 -0.403247 -0.343589 0 
63 -0.40537 -0.318765 0 
64 -0.414435 -0.31893 0 
65 -0.401113 -0.292509 0 
66 -0.398772 -0.287097 0 
67 -0.394368 -0.27957 0 
68 -0.403764 -0.269112 0 
69 -0.40313 -0.258317 0 
70 -0.403793 -0.236097 0 
71 -0.407175 -0.231156 0 
72 -0.402094 -0.214093 0 
73 -0.401389 -0.211154 0 
74 -0.399651 -0.191459 0 
75 -0.398547 -0.183809 0 
76 -0.410163 -0.160508 0 
77 -0.412116 -0.156617 0 
78 -0.408347 -0.144241 0 
79 -0.406675 -0.120963 0 
80 -0.3966 -0.11744 0 
81 -0.401806 -0.108518 0 
82 -0.409057 -0.0940897 0 
83 -0.400799 -0.0859335 0 
84 -0.388982 -0.405 0 
85 -0.378666 -0.389459 0 
86 -0.391882 -0.373346 0 
87 -0.392718 -0.368038 0 
88 -0.391797 -0.362089 0 
89 -0.392883 -0.351044 0 
90 -0.395633 -0.329316 0 
91 -0.3981 -0.313138 0 
92 -0.397796 -0.307248 0 
93 -0.395398 -0.297112 0 
94 -0.393225 -0.291573 0 
95 -0.384485 -0.277447 0 
96 -0.392598 -0.267366 0 
97 -0.386915 -0.242842 0 
98 -0.387824 -0.235035 0 
99 -0.39559 -0.230143 0 
100 -0.40007 -0.224754 0 
101 -0.394345 -0.207669 0 
102 -0.392933 -0.18599 0 
103 -0.388418 -0.173735 0 
104 -0.392677 -0.172923 0 
105 -0.401871 -0.156058 0 
106 -0.396451 -0.148578 0 
107 -0.398087 -0.142827 0 
108 -0.393323 -0.119634 0 
109 -0.395999 -0.111815 0 
110 -0.382172 -0.0947826 0 
111 -0.388982 -0.0859335 0 
112 -0.377165 -0.405 0 
113 -0.363882 -0.386113 0 
114 -0.368974 -0.380951 0 
115 -0.383962 -0.366499 0 
116 -0.378653 -0.357513 0 
117 -0.380287 -0.350571 0 
118 -0.386913 -0.342411 0 
119 -0.388964 -0.33032 0 
120 -0.390723 -0.313007 0 
121 -0.388824 -0.30821 0 
122 -0.389264 -0.295557 0 
123 -0.378222 -0.276823 0 
124 -0.374651 -0.254487 0 
125 -0.377775 -0.249801 0 
126 -0.372912 -0.247971 0 
127 -0.378865 -0.231374 0 
128 -0.380739 -0.22697 0 
129 -0.388343 -0.21038 0 
130 -0.386484 -0.202491 0 
131 -0.381143 -0.168785 0 
132 -0.387413 -0.164869 0 
133 -0.388804 -0.159812 0 
134 -0.39023 -0.146408 0 
135 -0.38343 -0.131252 0 
136 -0.380225 -0.119334 0 
137 -0.376268 -0.103765 0 
138 -0.379552 -0.0991243 0 
139 -0.377165 -0.0859335 0 
140 -0.365347 -0.405 0 
141 -0.364307 -0.394561 0 
142 -0.35881 -0.384207 0 
143 -0.356097 -0.373686 0 
144 -0.353277 -0.36398 0 
145 -0.354839 -0.35429 0 
146 -0.354446 -0.344012 0 
147 -0.358255 -0.334274 0 
148 -0.37953 -0.32213 0 
149 -0.381622 -0.311781 0 
150 -0.367473 -0.282591 0 
151 -0.367025 -0.27355 0 
152 -0.368759 -0.256408 0 
153 -0.370435 -0.25238 0 
154 -0.370336 -0.249998 0 
155 -0.370131 -0.239627 0 
156 -0.375656 -0.216065 0 
157 -0.380848 -0.209308 0 
158 -0.370217 -0.192577 0 
159 -0.374513 -0.189446 0 
160 -0.371294 -0.162106 0 
161 -0.384381 -0.152321 0 
162 -0.384561 -0.14394 0 
163 -0.379535 -0.13655 0 
164 -0.367389 -0.115871 0 
165 -0.374336 -0.113966 0 
166 -0.363734 -0.0948781 0 
167 -0.365347 -0.0859335 0 
168 -0.35353 -0.405 0 
169 -0.350758 -0.391896 0 
170 -0.340754 -0.380471 0 
171 -0.347165 -0.370239 0 
172 -0.339925 -0.356685 0 
173 -0.343653 -0.339789 0 
174 -0.351036 -0.341827 0 
175 -0.354609 -0.330067 0 
176 -0.366495 -0.320871 0 
177 -0.348794 -0.295634 0 
178 -0.362503 -0.291658 0 
179 -0.362759 -0.285502 0 
180 -0.3567 -0.259211 0 
181 -0.35983 -0.255513 0 
182 -0.363871 -0.250543 0 
183 -0.356738 -0.227893 0 
184 -0.360329 -0.218008 0 
185 -0.351216 -0.203663 0 
186 -0.355489 -0.197122 0 
187 -0.364135 -0.174954 0 
188 -0.36338 -0.159449 0 
189 -0.375217 -0.154316 0 
190 -0.35384 -0.137669 0 
191 -0.365301 -0.131797 0 
192 -0.356858 -0.112157 0 
193 -0.361849 -0.106885 0 
194 -0.357779 -0.0955099 0 
195 -0.35353 -0.0859335 0 
196 -0.341713 -0.405 0 
197 -0.348642 -0.397997 0 
198 -0.341618 -0.387318 0 
199 -0.324132 -0.379536 0 
200 -0.335327 -0.357396 0 
201 -0.334708 -0.350349 0 
202 -0.340845 -0.325992 0 
203 -0.342996 -0.315576 0 
204 -0.34687 -0.312306 0 
205 -0.339873 -0.298657 0 
206 -0.34412 -0.289825 0 
207 -0.351792 -0.279712 0 
208 -0.345274 -0.252648 0 
209 -0.343054 -0.245721 0 
210 -0.344528 -0.231989 0 
211 -0.350618 -0.229744 0 
212 -0.345978 -0.210784 0 
213 -0.343495 -0.202217 0 
214 -0.351915 -0.191683 0 
215 -0.353539 -0.183657 0 
216 -0.352903 -0.177647 0 
217 -0.35398 -0.152144 0 
218 -0.338618 -0.140031 0 
219 -0.349195 -0.130463 0 
220 -0.355938 -0.126589 0 
221 -0.343424 -0.103777 0 
222 -0.355529 -0.0997823 0 
223 -0.341713 -0.0859335 0 
224 -0.329895 -0.405 0 
225 -0.327383 -0.400115 0 
226 -0.315025 -0.391131 0 
227 -0.307614 -0.382251 0 
228 -0.313353 -0.37597 0 
229 -0.328524 -0.343823 0 
230 -0.329104 -0.339512 0 
231 -0.326377 -0.332843 0 
232 -0.335984 -0.309015 0 
233 -0.328428 -0.298709 0 
234 -0.332951 -0.280236 0 
235 -0.343408 -0.282704 0 
236 -0.335327 -0.250014 0 
237 -0.337753 -0.244743 0 
238 -0.339933 -0.238076 0 
239 -0.333315 -0.21456 0 
240 -0.340228 -0.211806 0 
241 -0.3364 -0.196645 0 
242 -0.342991 -0.194478 0 
243 -0.324711 -0.170619 0 
244 -0.340294 -0.16954 0 
245 -0.332079 -0.147878 0 
246 -0.33254 -0.142363 0 
247 -0.340405 -0.128299 0 
248 -0.33596 -0.116706 0 
249 -0.33411 -0.101785 0 
250 -0.333851 -0.0942801 0 
251 -0.329895 -0.0859335 0 
252 -0.318078 -0.405 0 
253 -0.312438 -0.397853 0 
254 -0.308433 -0.391862 0 
255 -0.299198 -0.37993 0 
256 -0.31072 -0.357315 0 
257 -0.316547 -0.349487 0 
258 -0.315985 -0.336024 0 
259 -0.317141 -0.328813 0 
260 -0.309719 -0.307182 0 
261 -0.323294 -0.300121 0 
262 -0.321766 -0.29281 0 
263 -0.32889 -0.271005 0 
264 -0.323554 -0.248193 0 
265 -0.322332 -0.243399 0 
266 -0.323995 -0.232776 0 
267 -0.33103 -0.231306 0 
268 -0.321471 -0.206881 0 
269 -0.323259 -0.202672 0 
270 -0.3287 -0.191576 0 
271 -0.313577 -0.17133 0 
272 -0.314802 -0.158866 0 
273 -0.326961 -0.151529 0 
274 -0.326195 -0.137915 0 
275 -0.326029 -0.122917 0 
276 -0.315761 -0.109699 0 
277 -0.330914 -0.106294 0 
278 -0.325495 -0.0947318 0 
279 -0.318078 -0.0859335 0 
280 -0.306261 -0.405 0 
281 -0.296853 -0.399009 0 
282 -0.297056 -0.394415 0 
283 -0.287806 -0.375943 0 
284 -0.294861 -0.368886 0 
285 -0.308978 -0.348202 0 
286 -0.310677 -0.331637 0 
287 -0.311382 -0.327688 0 
288 -0.308096 -0.318724 0 
289 -0.301762 -0.30149 0 
290 -0.311776 -0.286242 0 
291 -0.308468 -0.277242 0 
292 -0.319211 -0.257914 0 
293 -0.319133 -0.250563 0 
294 -0.310356 -0.246943 0 
295 -0.31609 -0.221226 0 
296 -0.318255 -0.217793 0 
297 -0.3052 -0.195669 0 
298 -0.320683 -0.19218 0 
299 -0.307523 -0.174919 0 
300 -0.300845 -0.170258 0 
301 -0.302801 -0.153432 0 
302 -0.303029 -0.146117 0 
303 -0.316898 -0.12143 0 
304 -0.304843 -0.106578 0 
305 -0.3126 -0.102368 0 
306 -0.300138 -0.0911003 0 
307 -0.306261 -0.0859335 0 
308 -0.294444 -0.405 0 
309 -0.293399 -0.400006 0 
310 -0.284477 -0.390213 0 
311 -0.287194 -0.386945 0 
312 -0.281233 -0.372007 0 
313 -0.302429 -0.348582 0 
314 -0.304764 -0.340342 0 
315 -0.305605 -0.332123 0 
316 -0.289197 -0.310442 0 
317 -0.290314 -0.304382 0 
318 -0.290189 -0.299781 0 
319 -0.303009 -0.281261 0 
320 -0.298924 -0.269442 0 
321 -0.300161 -0.255993 0 
322 -0.30458 -0.248863 0 
323 -0.29588 -0.228083 0 
324 -0.303428 -0.220187 0 
325 -0.305824 -0.213321 0 
326 -0.289649 -0.185287 0 
327 -0.291546 -0.178312 0 
328 -0.291019 -0.174683 0 
329 -0.295817 -0.14336 0 
330 -0.295895 -0.136074 0 
331 -0.29776 -0.13379 0 
332 -0.303612 -0.11305 0 
333 -0.296052 -0.101654 0 
334 -0.297864 -0.0961928 0 
335 -0.294444 -0.0859335 0 
336 -0.282626 -0.405 0 
337 -0.286164 -0.400295 0 
338 -0.271361 -0.386314 0 
339 -0.273321 -0.383102 0 
340 -0.277773 -0.377815 0 
341 -0.274611 -0.358183 0 
342 -0.294693 -0.340966 0 
343 -0.277292 -0.326921 0 
344 -0.290638 -0.32201 0 
345 -0.276506 -0.30549 0 
346 -0.279433 -0.292743 0 
347 -0.294466 -0.282187 0 
348 -0.281067 -0.258134 0 
349 -0.291688 -0.258327 0 
350 -0.295017 -0.252499 0 
351 -0.280037 -0.218295 0 
352 -0.284637 -0.216427 0 
353 -0.27625 -0.201773 0 
354 -0.288451 -0.19966 0 
355 -0.276075 -0.178212 0 
356 -0.284427 -0.170867 0 
357 -0.285589 -0.156008 0 
358 -0.289142 -0.135202 0 
359 -0.292027 -0.132256 0 
360 -0.28801 -0.1219 0 
361 -0.28947 -0.112284 0 
362 -0.290095 -0.0989364 0 
363 -0.282626 -0.0859335 0 
364 -0.270809 -0.405 0 
365 -0.26312 -0.395494 0 
366 -0.265064 -0.389385 0 
367 -0.267118 -0.382253 0 
368 -0.264299 -0.36 0 
369 -0.265985 -0.350427 0 
370 -0.263466 -0.340768 0 
371 -0.272349 -0.330958 0 
372 -0.270522 -0.316474 0 
373 -0.270764 -0.308437 0 
374 -0.2717 -0.28666 0 
375 -0.278947 -0.272015 0 
376 -0.275819 -0.262699 0 
377 -0.277315 -0.249859 0 
378 -0.270922 -0.234839 0 
379 -0.272574 -0.227486 0 
380 -0.272751 -0.211668 0 
381 -0.267927 -0.199189 0 
382 -0.271316 -0.193577 0 
383 -0.267145 -0.179376 0 
384 -0.27636 -0.168542 0 
385 -0.273361 -0.16403 0 
386 -0.275833 -0.156041 0 
387 -0.2772 -0.124241 0 
388 -0.285438 -0.123861 0 
389 -0.283429 -0.116084 0 
390 -0.281665 -0.0979272 0 
391 -0.270809 -0.0859335 0 
392 -0.258992 -0.405 0 
393 -0.258195 -0.401432 0 
394 -0.256824 -0.395605 0 
395 -0.260044 -0.374599 0 
396 -0.259843 -0.368837 0 
397 -0.257968 -0.362348 0 
398 -0.258993 -0.338563 0 
399 -0.258037 -0.332761 0 
400 -0.254584 -0.310306 0 
401 -0.251887 -0.303229 0 
402 -0.250651 -0.295147 0 
403 -0.25044 -0.287746 0 
404 -0.249346 -0.277923 0 
405 -0.262321 -0.254746 0 
406 -0.261066 -0.24866 0 
407 -0.264087 -0.225044 0 
408 -0.261458 -0.210393 0 
409 -0.254526 -0.189507 0 
410 -0.252117 -0.180801 0 
411 -0.260859 -0.180104 0 
412 -0.250699 -0.16896 0 
413 -0.263977 -0.160995 0 
414 -0.257639 -0.135743 0 
415 -0.261272 -0.129003 0 
416 -0.27333 -0.117218 0 
417 -0.278303 -0.11315 0 
418 -0.276469 -0.10729 0 
419 -0.258992 -0.0859335 0 
420 -0.247175 -0.405 0 
421 -0.246086 -0.397807 0 
422 -0.239135 -0.389813 0 
423 -0.248549 -0.387079 0 
424 -0.248676 -0.379551 0 
425 -0.24494 -0.35844 0 
426 -0.249732 -0.353182 0 
427 -0.250443 -0.342489 0 
428 -0.248064 -0.306563 0 
429 -0.245117 -0.29987 0 
430 -0.240617 -0.285535 0 
431 -0.240347 -0.276795 0 
432 -0.242601 -0.269505 0 
433 -0.247827 -0.263525 0 
434 -0.251995 -0.240339 0 
435 -0.24702 -0.222923 0 
436 -0.257041 -0.216198 0 
437 -0.240163 -0.20045 0 
438 -0.247413 -0.185127 0 
439 -0.24884 -0.175686 0 
440 -0.245043 -0.169802 0 
441 -0.248571 -0.162516 0 
442 -0.24819 -0.156335 0 
443 -0.243895 -0.127935 0 
444 -0.239827 -0.122287 0 
445 -0.253187 -0.102866 0 
446 -0.256654 -0.0990159 0 
447 -0.247175 -0.0859335 0 
448 -0.235357 -0.405 0 
449 -0.243803 -0.39959 0 
450 -0.235789 -0.389844 0 
451 -0.229792 -0.380317 0 
452 -0.240166 -0.370396 0 
453 -0.240663 -0.361281 0 
454 -0.22786 -0.342643 0 
455 -0.226857 -0.325532 0 
456 -0.240403 -0.325632 0 
457 -0.238273 -0.313256 0 
458 -0.237634 -0.294317 0 
459 -0.232428 -0.273078 0 
460 -0.229605 -0.261506 0 
461 -0.229453 -0.252582 0 
462 -0.242553 -0.252319 0 
463 -0.242858 -0.240601 0 
464 -0.235357 -0.215924 0 
465 -0.235357 -0.204106 0 
466 -0.235357 -0.192289 0 
467 -0.235357 -0.180472 0 
468 -0.235357 -0.168654 0 
469 -0.235357 -0.156837 0 
470 -0.235357 -0.14502 0 
471 -0.235357 -0.133203 0 
472 -0.235357 -0.121385 0 
473 -0.235357 -0.109568 0 
474 -0.235357 -0.0977508 0 
475 -0.235357 -0.0859335 0 
476 -0.22354 -0.405 0 
477 -0.217753 -0.394273 0 
478 -0.227913 -0.388026 0 
479 -0.224048 -0.378697 0 
480 -0.218771 -0.368513 0 
481 -0.233021 -0.362911 0 
482 -0.215257 -0.338753 0 
483 -0.221179 -0.336412 0 
484 -0.217691 -0.307535 0 
485 -0.221804 -0.300258 0 
486 -0.229335 -0.295925 0 
487 -0.219804 -0.261926 0 
488 -0.217977 -0.251647 0 
489 -0.217823 -0.240631 0 
490 -0.220738 -0.237437 0 
491 -0.232175 -0.236828 0 
492 -0.22354 -0.215924 0 
493 -0.211723 -0.405 0 
494 -0.214148 -0.394369 0 
495 -0.211054 -0.383432 0 
496 -0.21889 -0.379606 0 
497 -0.208745 -0.362314 0 
498 -0.21615 -0.357396 0 
499 -0.207377 -0.340214 0 
500 -0.211796 -0.324869 0 
501 -0.211824 -0.314683 0 
502 -0.211429 -0.307351 0 
503 -0.210474 -0.294014 0 
504 -0.21376 -0.270213 0 
505 -0.205754 -0.271438 0 
506 -0.205649 -0.256427 0 
507 -0.211668 -0.230469 0 
508 -0.208674 -0.22146 0 
509 -0.211723 -0.215924 0 
510 -0.199905 -0.405 0 
511 -0.196075 -0.401307 0 
512 -0.207079 -0.38377 0 
513 -0.198967 -0.372532 0 
514 -0.206463 -0.367282 0 
515 -0.196212 -0.354172 0 
516 -0.199659 -0.348963 0 
517 -0.204468 -0.327405 0 
518 -0.195336 -0.320423 0 
519 -0.201842 -0.30601 0 
520 -0.207036 -0.303803 0 
521 -0.202707 -0.284569 0 
522 -0.202158 -0.276583 0 
523 -0.197097 -0.258327 0 
524 -0.204754 -0.230229 0 
525 -0.207212 -0.224868 0 
526 -0.199905 -0.215924 0 
527 -0.188088 -0.405 0 
528 -0.191975 -0.401925 0 
529 -0.191823 -0.392628 0 
530 -0.198228 -0.381751 0 
531 -0.183627 -0.361718 0 
532 -0.191992 -0.35512 0 
533 -0.19674 -0.34033 0 
534 -0.19863 -0.330645 0 
535 -0.179596 -0.319042 0 
536 -0.187427 -0.315132 0 
537 -0.199208 -0.296125 0 
538 -0.195957 -0.281573 0 
539 -0.191095 -0.274487 0 
540 -0.194125 -0.266812 0 
541 -0.188684 -0.247522 0 
542 -0.1878 -0.227185 0 
543 -0.188088 -0.215924 0 
544 -0.176271 -0.405 0 
545 -0.183166 -0.39848 0 
546 -0.174455 -0.380027 0 
547 -0.172939 -0.369673 0 
548 -0.179109 -0.364496 0 
549 -0.174605 -0.349372 0 
550 -0.170849 -0.342244 0 
551 -0.180796 -0.333258 0 
552 -0.173531 -0.321737 0 
553 -0.18028 -0.309157 0 
554 -0.176921 -0.2979 0 
555 -0.192979 -0.287993 0 
556 -0.174046 -0.27093 0 
557 -0.173944 -0.244576 0 
558 -0.174104 -0.233328 0 
559 -0.174521 -0.222373 0 
560 -0.176271 -0.215924 0 
561 -0.164454 -0.405 0 
562 -0.169056 -0.388278 0 
563 -0.164258 -0.376531 0 
564 -0.168394 -0.374694 0 
565 -0.165708 -0.353049 0 
566 -0.170619 -0.350787 0 
567 -0.161749 -0.337523 0 
568 -0.166999 -0.335821 0 
569 -0.168382 -0.325666 0 
570 -0.164712 -0.302488 0 
571 -0.161762 -0.293107 0 
572 -0.152341 -0.27749 0 
573 -0.157249 -0.26842 0 
574 -0.15938 -0.259818 0 
575 -0.166431 -0.229154 0 
576 -0.165062 -0.223993 0 
577 -0.164454 -0.215924 0 
578 -0.152636 -0.405 0 
579 -0.143181 -0.391896 0 
580 -0.155897 -0.380739 0 
581 -0.160216 -0.362187 0 
582 -0.160743 -0.353605 0 
583 -0.159586 -0.346783 0 
584 -0.159173 -0.341677 0 
585 -0.15929 -0.333926 0 
586 -0.159486 -0.313484 0 
587 -0.157266 -0.298033 0 
588 -0.151292 -0.285458 0 
589 -0.147235 -0.277524 0 
590 -0.14872 -0.272623 0 
591 -0.152388 -0.245093 0 
592 -0.1542 -0.238097 0 
593 -0.158692 -0.228353 0 
594 -0.152636 -0.215924 0 
595 -0.140819 -0.405 0 
596 -0.139469 -0.399518 0 
597 -0.135604 -0.381753 0 
598 -0.146293 -0.374492 0 
599 -0.145381 -0.36702 0 
600 -0.144307 -0.36023 0 
601 -0.142936 -0.347945 0 
602 -0.137968 -0.330903 0 
603 -0.152452 -0.324729 0 
604 -0.147129 -0.305847 0 
605 -0.148451 -0.296379 0 
606 -0.128255 -0.268593 0 
607 -0.129595 -0.263132 0 
608 -0.139074 -0.260116 0 
609 -0.141134 -0.246814 0 
610 -0.128537 -0.223721 0 
611 -0.140819 -0.215924 0 
612 -0.129002 -0.405 0 
613 -0.127034 -0.391656 0 
614 -0.127772 -0.376512 0 
615 -0.140439 -0.3744 0 
616 -0.131772 -0.3631 0 
617 -0.138518 -0.358745 0 
618 -0.130713 -0.338594 0 
619 -0.132489 -0.333559 0 
620 -0.137635 -0.318029 0 
621 -0.130256 -0.297062 0 
622 -0.117001 -0.279898 0 
623 -0.12012 -0.271479 0 
624 -0.128093 -0.25719 0 
625 -0.13057 -0.253457 0 
626 -0.124287 -0.233682 0 
627 -0.11965 -0.222661 0 
628 -0.129002 -0.215924 0 
629 -0.117184 -0.405 0 
630 -0.121488 -0.398507 0 
631 -0.119869 -0.377085 0 
632 -0.12863 -0.369478 0 
633 -0.125966 -0.36304 0 
634 -0.12358 -0.356802 0 
635 -0.12222 -0.338483 0 
636 -0.127814 -0.333436 0 
637 -0.128509 -0.325818 0 
638 -0.124731 -0.297345 0 
639 -0.111994 -0.281587 0 
640 -0.115804 -0.273851 0 
641 -0.100778 -0.26883 0 
642 -0.116041 -0.245851 0 
643 -0.119363 -0.242855 0 
644 -0.116002 -0.224793 0 
645 -0.117184 -0.215924 0 
646 -0.105367 -0.405 0 
647 -0.0950172 -0.389885 0 
648 -0.114931 -0.377808 0 
649 -0.103537 -0.366981 0 
650 -0.105728 -0.362626 0 
651 -0.112643 -0.35647 0 
652 -0.114309 -0.333357 0 
653 -0.106532 -0.320251 0 
654 -0.107099 -0.312708 0 
655 -0.116221 -0.306775 0 
656 -0.113954 -0.30118 0 
657 -0.0947538 -0.278193 0 
658 -0.0884898 -0.27047 0 
659 -0.106008 -0.241086 0 
660 -0.105418 -0.235937 0 
661 -0.109924 -0.232865 0 
662 -0.105367 -0.215924 0 
663 -0.105367 -0.204106 0 
664 -0.105367 -0.192289 0 
665 -0.105367 -0.180472 0 
666 -0.105367 -0.168654 0 
667 -0.105367 -0.156837 0 
668 -0.105367 -0.14502 0 
669 -0.105367 -0.133203 0 
670 -0.105367 -0.121385 0 
671 -0.105367 -0.109568 0 
672 -0.105367 -0.0977508 0 
673 -0.105367 -0.0859335 0 
674 -0.105367 -0.0741163 0 
675 -0.105367 -0.062299 0 
676 -0.105367 -0.0504817 0 
677 -0.105367 -0.0386644 0 
678 -0.105367 -0.0268472 0 
679 -0.105367 -0.0150299 0 
680 -0.105367 -0.00321262 0 
681 -0.105367 0.00860465 0 
682 -0.105367 0.0204219 0 
683 -0.105367 0.0322392 0 
684 -0.105367 0.0440565 0 
685 -0.105367 0.0558737 0 
686 -0.105367 0.067691 0 
687 -0.105367 0.0795083 0 
688 -0.105367 0.0913256 0 
689 -0.105367 0.103143 0 
690 -0.105367 0.11496 0 
691 -0.105367 0.126777 0 
692 -0.105367 0.138595 0 
693 -0.105367 0.150412 0 
694 -0.105367 0.162229 0 
695 -0.105367 0.174047 0 
696 -0.105367 0.185864 0 
697 -0.105367 0.197681 0 
698 -0.105367 0.209498 0 
699 -0.105367 0.221316 0 
700 -0.105367 0.233133 0 
701 -0.105367 0.24495 0 
702 -0.105367 0.256767 0 
703 -0.105367 0.268585 0 
704 -0.105367 0.280402 0 
705 -0.105367 0.292219 0 
706 -0.105367 0.304036 0 
707 -0.105367 0.315854 0 
708 -0.105367 0.327671 0 
709 -0.105367 0.339488 0 
710 -0.105367 0.351306 0 
711 -0.105367 0.363123 0 
712 -0.105367 0.37494 0 
713 -0.105367 0.386757 0 
714 -0.105367 0.398575 0 
715 -0.105367 0.410392 0 
716 -0.09355 -0.405 0 
717 -0.0827615 -0.382933 0 
718 -0.0857561 -0.377979 0 
719 -0.0882674 -0.364481 0 
720 -0.106794 -0.359444 0 
721 -0.107394 -0.357726 0 
722 -0.107941 -0.337366 0 
723 -0.103015 -0.320892 0 
724 -0.104229 -0.31294 0 
725 -0.098486 -0.305429 0 
726 -0.0989006 -0.296401 0 
727 -0.0933504 -0.288887 0 
728 -0.0820882 -0.270811 0 
729 -0.0846879 -0.250714 0 
730 -0.0929614 -0.234408 0 
731 -0.102012 -0.229736 0 
732 -0.0910731 -0.206957 0 
733 -0.0900444 -0.200925 0 
734 -0.0916064 -0.192617 0 
735 -0.0965327 -0.175283 0 
736 -0.101269 -0.160383 0 
737 -0.102207 -0.154325 0 
738 -0.0993854 -0.146357 0 
739 -0.0851731 -0.129288 0 
740 -0.0978656 -0.108811 0 
741 -0.098013 -0.0967706 0 
742 -0.0984823 -0.0859074 0 
743 -0.0999445 -0.0803208 0 
744 -0.0979315 -0.072693 0 
745 -0.0864507 -0.0596431 0 
746 -0.0885869 -0.0545981 0 
747 -0.0963676 -0.0390665 0 
748 -0.101462 -0.0221689 0 
749 -0.101953 -0.0198139 0 
750 -0.0962889 -0.00224 0 
751 -0.0843788 0.0107371 0 
752 -0.0853173 0.0162244 0 
753 -0.0998468 0.0289002 0 
754 -0.0938445 0.055057 0 
755 -0.0913891 0.0649498 0 
756 -0.100901 0.0673046 0 
757 -0.0991383 0.0863668 0 
758 -0.0984953 0.0937441 0 
759 -0.0880631 0.11116 0 
760 -0.0902567 0.116451 0 
761 -0.0892006 0.12071 0 
762 -0.10274 0.137845 0 
763 -0.0949038 0.144948 0 
764 -0.0979719 0.151107 0 
765 -0.0987326 0.161954 0 
766 -0.0934055 0.192941 0 
767 -0.098657 0.203611 0 
768 -0.0950681 0.217166 0 
769 -0.100791 0.21755 0 
770 -0.0950371 0.241501 0 
771 -0.100277 0.243119 0 
772 -0.0882451 0.260834 0 
773 -0.0898036 0.265631 0 
774 -0.102662 0.278421 0 
775 -0.0963991 0.288399 0 
776 -0.0917459 0.302026 0 
777 -0.0819853 0.306878 0 
778 -0.0913036 0.32006 0 
779 -0.0928134 0.338896 0 
780 -0.100566 0.344983 0 
781 -0.0891918 0.361892 0 
782 -0.100794 0.373001 0 
783 -0.0904674 0.379053 0 
784 -0.0989669 0.401878 0 
785 -0.09355 0.410392 0 
786 -0.0817327 -0.405 0 
787 -0.0773194 -0.385109 0 
788 -0.0823558 -0.369803 0 
789 -0.0833818 -0.364072 0 
790 -0.0899464 -0.355713 0 
791 -0.100335 -0.351988 0 
792 -0.101791 -0.33499 0 
793 -0.0927911 -0.323734 0 
794 -0.0823085 -0.312156 0 
795 -0.0858059 -0.305445 0 
796 -0.0767604 -0.289273 0 
797 -0.0842505 -0.283175 0 
798 -0.0757459 -0.269622 0 
799 -0.0810615 -0.243341 0 
800 -0.0855372 -0.237669 0 
801 -0.086327 -0.224057 0 
802 -0.0879888 -0.218501 0 
803 -0.0781697 -0.207864 0 
804 -0.0887597 -0.190581 0 
805 -0.091426 -0.177256 0 
806 -0.0802389 -0.171312 0 
807 -0.0829501 -0.148754 0 
808 -0.086414 -0.143008 0 
809 -0.0789018 -0.129844 0 
810 -0.0770024 -0.117768 0 
811 -0.0934818 -0.097776 0 
812 -0.085054 -0.0932432 0 
813 -0.0786159 -0.0810928 0 
814 -0.0685755 -0.0744785 0 
815 -0.0844124 -0.0635492 0 
816 -0.0831971 -0.0562477 0 
817 -0.0799497 -0.0376407 0 
818 -0.0850432 -0.0334079 0 
819 -0.0932856 -0.0172821 0 
820 -0.0935471 -0.00917905 0 
821 -0.0777589 0.0113717 0 
822 -0.0807936 0.0252632 0 
823 -0.0863753 0.0257598 0 
824 -0.0881945 0.0462584 0 
825 -0.0863716 0.0507726 0 
826 -0.077292 0.0836797 0 
827 -0.0924714 0.0847507 0 
828 -0.0750978 0.103303 0 
829 -0.0808149 0.109003 0 
830 -0.0747747 0.11259 0 
831 -0.0866593 0.12357 0 
832 -0.0879534 0.131288 0 
833 -0.0865434 0.135434 0 
834 -0.0863297 0.16653 0 
835 -0.0868278 0.175183 0 
836 -0.087024 0.181691 0 
837 -0.0830377 0.195554 0 
838 -0.0906359 0.209762 0 
839 -0.0886054 0.23056 0 
840 -0.0887626 0.239095 0 
841 -0.0924848 0.24575 0 
842 -0.0821961 0.260117 0 
843 -0.0831456 0.274057 0 
844 -0.0896996 0.277363 0 
845 -0.0712772 0.295096 0 
846 -0.0712495 0.301547 0 
847 -0.0751882 0.307137 0 
848 -0.0774998 0.314744 0 
849 -0.0871144 0.340112 0 
850 -0.0789894 0.347633 0 
851 -0.08373 0.35793 0 
852 -0.0789074 0.371534 0 
853 -0.0841865 0.378068 0 
854 -0.0774883 0.400874 0 
855 -0.0817327 0.410392 0 
856 -0.0699154 -0.405 0 
857 -0.0711586 -0.384288 0 
858 -0.0703874 -0.380988 0 
859 -0.072658 -0.370647 0 
860 -0.0766253 -0.357657 0 
861 -0.0889347 -0.349515 0 
862 -0.0698373 -0.32835 0 
863 -0.0755186 -0.31783 0 
864 -0.0742413 -0.309063 0 
865 -0.0656509 -0.291976 0 
866 -0.0702588 -0.2874 0 
867 -0.0590432 -0.276109 0 
868 -0.071519 -0.269563 0 
869 -0.066728 -0.259167 0 
870 -0.0666568 -0.229895 0 
871 -0.0779076 -0.223143 0 
872 -0.0758479 -0.215145 0 
873 -0.0603973 -0.202241 0 
874 -0.0668899 -0.197971 0 
875 -0.0664635 -0.190706 0 
876 -0.0750545 -0.172894 0 
877 -0.0718763 -0.163705 0 
878 -0.0659149 -0.131708 0 
879 -0.0735576 -0.127929 0 
880 -0.0722172 -0.114434 0 
881 -0.0768203 -0.101555 0 
882 -0.0673792 -0.0956975 0 
883 -0.0779542 -0.0876869 0 
884 -0.0629056 -0.0767423 0 
885 -0.0662117 -0.0583439 0 
886 -0.0796224 -0.0552583 0 
887 -0.0751642 -0.0437608 0 
888 -0.069235 -0.0191226 0 
889 -0.070659 -0.0125042 0 
890 -0.0700602 0.00316447 0 
891 -0.0698863 0.0114745 0 
892 -0.0768503 0.0240471 0 
893 -0.0754591 0.0364507 0 
894 -0.0728982 0.0466857 0 
895 -0.078291 0.0543806 0 
896 -0.0704744 0.0791615 0 
897 -0.0756243 0.0915812 0 
898 -0.0725666 0.0980086 0 
899 -0.0630048 0.106707 0 
900 -0.0720123 0.112499 0 
901 -0.076214 0.119918 0 
902 -0.0686635 0.131684 0 
903 -0.0724246 0.137648 0 
904 -0.0777783 0.15503 0 
905 -0.0779168 0.16294 0 
906 -0.0769752 0.193014 0 
907 -0.0771137 0.199111 0 
908 -0.0854284 0.212371 0 
909 -0.0833909 0.21855 0 
910 -0.0782929 0.237838 0 
911 -0.0849996 0.243117 0 
912 -0.0680266 0.260964 0 
913 -0.0736786 0.265923 0 
914 -0.0760693 0.280838 0 
915 -0.0707141 0.28658 0 
916 -0.0612266 0.292894 0 
917 -0.0589677 0.311713 0 
918 -0.0707272 0.332064 0 
919 -0.0747474 0.336968 0 
920 -0.0626643 0.345755 0 
921 -0.0637488 0.352537 0 
922 -0.0751395 0.370344 0 
923 -0.0718351 0.386459 0 
924 -0.0710729 0.401553 0 
925 -0.0699154 0.410392 0 
926 -0.0580981 -0.405 0 
927 -0.0635225 -0.3921 0 
928 -0.0638034 -0.387421 0 
929 -0.0626772 -0.361744 0 
930 -0.0724004 -0.359793 0 
931 -0.0609051 -0.344987 0 
932 -0.0694665 -0.338252 0 
933 -0.0556263 -0.325443 0 
934 -0.056033 -0.318905 0 
935 -0.0612929 -0.304637 0 
936 -0.0538608 -0.280878 0 
937 -0.0507977 -0.274176 0 
938 -0.0634453 -0.268462 0 
939 -0.0484844 -0.247818 0 
940 -0.0549328 -0.244268 0 
941 -0.0566964 -0.222013 0 
942 -0.0679139 -0.215001 0 
943 -0.0506485 -0.199684 0 
944 -0.0526088 -0.194558 0 
945 -0.063026 -0.187345 0 
946 -0.0658593 -0.177876 0 
947 -0.0539319 -0.153446 0 
948 -0.0596693 -0.14022 0 
949 -0.0604557 -0.12653 0 
950 -0.0599765 -0.122524 0 
951 -0.0536507 -0.113731 0 
952 -0.0564901 -0.0952379 0 
953 -0.0509568 -0.0863628 0 
954 -0.0567045 -0.0789 0 
955 -0.0602664 -0.0538164 0 
956 -0.063323 -0.0497868 0 
957 -0.0704332 -0.0467889 0 
958 -0.0540178 -0.0301473 0 
959 -0.0556594 -0.0216217 0 
960 -0.0661648 -0.00148153 0 
961 -0.0653511 0.00245761 0 
962 -0.0541736 0.0310524 0 
963 -0.0515195 0.0389118 0 
964 -0.0663749 0.0459433 0 
965 -0.0525515 0.0617615 0 
966 -0.065476 0.0755014 0 
967 -0.0493142 0.0795566 0 
968 -0.0485956 0.0882083 0 
969 -0.0572951 0.106464 0 
970 -0.0657785 0.114609 0 
971 -0.0573912 0.124795 0 
972 -0.0635283 0.130456 0 
973 -0.0597149 0.149317 0 
974 -0.053974 0.164996 0 
975 -0.0549866 0.171795 0 
976 -0.0668728 0.175518 0 
977 -0.0666579 0.198567 0 
978 -0.0575896 0.204189 0 
979 -0.0700073 0.218807 0 
980 -0.0699658 0.241436 0 
981 -0.0609712 0.252573 0 
982 -0.0545761 0.262335 0 
983 -0.0619304 0.269552 0 
984 -0.0509918 0.28062 0 
985 -0.0512764 0.288734 0 
986 -0.0541333 0.293706 0 
987 -0.0528097 0.322455 0 
988 -0.0539865 0.326573 0 
989 -0.0563964 0.341179 0 
990 -0.044006 0.35037 0 
991 -0.0588104 0.363932 0 
992 -0.0599001 0.372464 0 
993 -0.0565648 0.378973 0 
994 -0.0583963 0.387325 0 
995 -0.0580981 0.410392 0 
996 -0.0462809 -0.405 0 
997 -0.0602513 -0.389314 0 
998 -0.0583102 -0.382195 0 
999 -0.056693 -0.368978 0 
1000 -0.0551026 -0.349594 0 
1001 -0.0536397 -0.342546 0 
1002 -0.0588953 -0.335292 0 
1003 -0.0471103 -0.32473 0 
1004 -0.0506394 -0.311235 0 
1005 -0.0477436 -0.297771 0 
1006 -0.0490821 -0.285188 0 
1007 -0.0458996 -0.269962 0 
1008 -0.0443378 -0.263166 0 
1009 -0.0449034 -0.257872 0 
1010 -0.0397284 -0.241036 0 
1011 -0.0487747 -0.226293 0 
1012 -0.0472643 -0.20974 0 
1013 -0.0452465 -0.201759 0 
1014 -0.0487409 -0.187939 0 
1015 -0.0500066 -0.177436 0 
1016 -0.0432359 -0.163752 0 
1017 -0.0455725 -0.153586 0 
1018 -0.0541618 -0.143535 0 
1019 -0.0529628 -0.138496 0 
1020 -0.053309 -0.128318 0 
1021 -0.0371218 -0.107583 0 
1022 -0.0481412 -0.0943089 0 
1023 -0.0503556 -0.090934 0 
1024 -0.0420952 -0.0832237 0 
1025 -0.0439043 -0.0770347 0 
1026 -0.0467604 -0.0464825 0 
1027 -0.0550662 -0.0426857 0 
1028 -0.0473535 -0.0313926 0 
1029 -0.0521492 -0.0124015 0 
1030 -0.0540793 -0.00943633 0 
1031 -0.0563228 0.00744202 0 
1032 -0.0475139 0.0231053 0 
1033 -0.0496188 0.0357369 0 
1034 -0.045485 0.0471025 0 
1035 -0.0529841 0.0532682 0 
1036 -0.0412557 0.0679244 0 
1037 -0.0447827 0.0764878 0 
1038 -0.0416799 0.097868 0 
1039 -0.0423234 0.113602 0 
1040 -0.0487333 0.115841 0 
1041 -0.044893 0.129318 0 
1042 -0.0383964 0.1453 0 
1043 -0.0391411 0.155525 0 
1044 -0.0463535 0.160129 0 
1045 -0.0518248 0.179611 0 
1046 -0.0522321 0.186888 0 
1047 -0.0613669 0.196142 0 
1048 -0.048744 0.201541 0 
1049 -0.0568867 0.218534 0 
1050 -0.0560589 0.229962 0 
1051 -0.0527005 0.249728 0 
1052 -0.0491116 0.262114 0 
1053 -0.0391571 0.26829 0 
1054 -0.0400187 0.273646 0 
1055 -0.0401828 0.278018 0 
1056 -0.0402376 0.309185 0 
1057 -0.0437729 0.312517 0 
1058 -0.0438201 0.33341 0 
1059 -0.0463356 0.337523 0 
1060 -0.0382148 0.350141 0 
1061 -0.0328304 0.365763 0 
1062 -0.0358717 0.374167 0 
1063 -0.0355167 0.381836 0 
1064 -0.0407969 0.404512 0 
1065 -0.0462809 0.410392 0 
1066 -0.0344636 -0.405 0 
1067 -0.0422264 -0.385532 0 
1068 -0.0399884 -0.374837 0 
1069 -0.0447771 -0.370961 0 
1070 -0.050254 -0.357266 0 
1071 -0.0322127 -0.340497 0 
1072 -0.0367171 -0.334078 0 
1073 -0.0327578 -0.327468 0 
1074 -0.0322779 -0.322391 0 
1075 -0.0437979 -0.296821 0 
1076 -0.0371848 -0.288485 0 
1077 -0.0415816 -0.280967 0 
1078 -0.0272959 -0.253548 0 
1079 -0.0362478 -0.247616 0 
1080 -0.0316348 -0.232667 0 
1081 -0.0360542 -0.230409 0 
1082 -0.0396451 -0.220607 0 
1083 -0.0351147 -0.190936 0 
1084 -0.0420885 -0.19062 0 
1085 -0.0456974 -0.176229 0 
1086 -0.039065 -0.16739 0 
1087 -0.0416607 -0.153484 0 
1088 -0.034434 -0.143748 0 
1089 -0.0438011 -0.133865 0 
1090 -0.0407781 -0.123643 0 
1091 -0.02651 -0.105094 0 
1092 -0.026469 -0.101941 0 
1093 -0.0369981 -0.0873119 0 
1094 -0.0373074 -0.0832112 0 
1095 -0.0343048 -0.0625624 0 
1096 -0.0374534 -0.0576611 0 
1097 -0.0320219 -0.0321664 0 
1098 -0.030657 -0.0237138 0 
1099 -0.0362148 -0.020672 0 
1100 -0.0433232 -0.00982467 0 
1101 -0.0239753 0.00946228 0 
1102 -0.039255 0.0203304 0 
1103 -0.0439554 0.0367104 0 
1104 -0.0365468 0.0536487 0 
1105 -0.04436 0.0538635 0 
1106 -0.0308578 0.0708736 0 
1107 -0.0406626 0.0754125 0 
1108 -0.0371222 0.0835555 0 
1109 -0.0296728 0.100641 0 
1110 -0.0329523 0.124546 0 
1111 -0.0294472 0.132869 0 
1112 -0.0225772 0.139897 0 
1113 -0.0319282 0.149406 0 
1114 -0.0364228 0.164393 0 
1115 -0.038243 0.178889 0 
1116 -0.0283218 0.183674 0 
1117 -0.0377922 0.194768 0 
1118 -0.0388912 0.20104 0 
1119 -0.0445523 0.210071 0 
1120 -0.0455946 0.216055 0 
1121 -0.0461498 0.233428 0 
1122 -0.035285 0.259566 0 
1123 -0.0377275 0.264529 0 
1124 -0.0355259 0.271553 0 
1125 -0.0299124 0.286346 0 
1126 -0.027908 0.297639 0 
1127 -0.0333759 0.320817 0 
1128 -0.0373513 0.326192 0 
1129 -0.030708 0.34615 0 
1130 -0.0276053 0.354783 0 
1131 -0.0220462 0.365069 0 
1132 -0.0245912 0.370882 0 
1133 -0.0227823 0.374109 0 
1134 -0.0344037 0.406126 0 
1135 -0.0344636 0.410392 0 
1136 -0.0226463 -0.405 0 
1137 -0.0296982 -0.385584 0 
1138 -0.0353092 -0.37617 0 
1139 -0.0275431 -0.35759 0 
1140 -0.0288961 -0.350287 0 
1141 -0.0210657 -0.338321 0 
1142 -0.0208139 -0.334508 0 
1143 -0.0216955 -0.321277 0 
1144 -0.0289909 -0.319291 0 
1145 -0.0274936 -0.307153 0 
1146 -0.0313194 -0.288829 0 
1147 -0.021622 -0.270113 0 
1148 -0.0230491 -0.262235 0 
1149 -0.0150276 -0.244981 0 
1150 -0.0277635 -0.236944 0 
1151 -0.0266303 -0.227076 0 
1152 -0.0320134 -0.220985 0 
1153 -0.0276135 -0.190484 0 
1154 -0.0337541 -0.183666 0 
1155 -0.0333684 -0.17665 0 
1156 -0.0142747 -0.164785 0 
1157 -0.0335116 -0.154261 0 
1158 -0.0137182 -0.136296 0 
1159 -0.0347874 -0.133395 0 
1160 -0.0165413 -0.111706 0 
1161 -0.0197075 -0.105227 0 
1162 -0.0240857 -0.098756 0 
1163 -0.0234084 -0.0925399 0 
1164 -0.0258252 -0.0759133 0 
1165 -0.022472 -0.0662253 0 
1166 -0.0192786 -0.0455087 0 
1167 -0.0275893 -0.0439109 0 
1168 -0.0250333 -0.0366066 0 
1169 -0.0191819 -0.00796481 0 
1170 -0.0211589 -0.00162138 0 
1171 -0.00969929 0.0125399 0 
1172 -0.0162005 0.0165971 0 
1173 -0.0193863 0.0233755 0 
1174 -0.0330668 0.0511417 0 
1175 -0.0339936 0.058441 0 
1176 -0.0276635 0.0670222 0 
1177 -0.0173522 0.0825671 0 
1178 -0.0298241 0.0871327 0 
1179 -0.0209416 0.102941 0 
1180 -0.0203163 0.10646 0 
1181 -0.0180168 0.133873 0 
1182 -0.0134523 0.137574 0 
1183 -0.0154507 0.144405 0 
1184 -0.0301137 0.159677 0 
1185 -0.0304129 0.169239 0 
1186 -0.027067 0.181113 0 
1187 -0.0221146 0.189149 0 
1188 -0.0230114 0.202657 0 
1189 -0.0254537 0.211751 0 
1190 -0.0255035 0.228712 0 
1191 -0.038672 0.229846 0 
1192 -0.0261498 0.259555 0 
1193 -0.0324246 0.264746 0 
1194 -0.0228143 0.281869 0 
1195 -0.0222638 0.291801 0 
1196 -0.0213243 0.303028 0 
1197 -0.024654 0.322566 0 
1198 -0.0183777 0.327965 0 
1199 -0.0224052 0.338412 0 
1200 -0.00875855 0.337632 0 
1201 -0.0166431 0.363074 0 
1202 -0.00856673 0.366908 0 
1203 -0.0174752 0.375351 0 
1204 -0.0155609 0.393312 0 
1205 -0.0226463 0.410392 0 
1206 -0.0108291 -0.405 0 
1207 -0.020562 -0.388392 0 
1208 -0.0143001 -0.379411 0 
1209 -0.0228931 -0.35976 0 
1210 -0.0114838 -0.358152 0 
1211 -0.0183871 -0.3446 0 
1212 -0.0170757 -0.338114 0 
1213 -0.0132539 -0.32175 0 
1214 -0.0177033 -0.31254 0 
1215 -0.0159934 -0.301355 0 
1216 -0.0216134 -0.298756 0 
1217 -0.0141802 -0.267196 0 
1218 -0.0173034 -0.264791 0 
1219 -0.00729696 -0.240863 0 
1220 -0.0225692 -0.234562 0 
1221 -0.0174461 -0.226502 0 
1222 -0.0153969 -0.196005 0 
1223 -0.0200155 -0.189268 0 
1224 -0.0102417 -0.182569 0 
1225 -0.00719823 -0.175621 0 
1226 -0.0105936 -0.168501 0 
1227 0.003907 -0.149752 0 
1228 -0.00851229 -0.139449 0 
1229 -0.00673097 -0.120276 0 
1230 -0.00657857 -0.110606 0 
1231 -0.0135223 -0.107334 0 
1232 0.00145112 -0.095042 0 
1233 -0.00160607 -0.0884936 0 
1234 -0.0170544 -0.0803622 0 
1235 -0.0207448 -0.0722943 0 
1236 -0.00835501 -0.0557499 0 
1237 -0.0141716 -0.0347851 0 
1238 -0.0136167 -0.02878 0 
1239 -0.0118704 -0.0073307 0 
1240 -0.0105915 -0.00410981 0 
1241 -0.00650103 0.0100396 0 
1242 -0.00693734 0.0197802 0 
1243 -0.0149261 0.0389304 0 
1244 -0.0181217 0.0469997 0 
1245 -0.0269331 0.05567 0 
1246 -0.00530453 0.0726696 0 
1247 -0.0147872 0.0769673 0 
1248 -0.00174976 0.0964141 0 
1249 -0.0107018 0.106958 0 
1250 -0.00967099 0.110391 0 
1251 -0.0107296 0.119695 0 
1252 -0.00700943 0.134209 0 
1253 -0.0119764 0.154969 0 
1254 -0.0152992 0.154761 0 
1255 -0.0211084 0.1653 0 
1256 -0.023873 0.171505 0 
1257 -0.0145842 0.192457 0 
1258 -0.0126359 0.221124 0 
1259 -0.0176186 0.223493 0 
1260 -0.0149157 0.236007 0 
1261 -0.0260852 0.239332 0 
1262 -0.0197505 0.250593 0 
1263 -0.00950281 0.272748 0 
1264 -0.0176968 0.279245 0 
1265 -0.014061 0.299719 0 
1266 -0.0144137 0.305385 0 
1267 -0.0158013 0.314853 0 
1268 -0.0170836 0.324956 0 
1269 -0.00377126 0.328742 0 
1270 -0.00223685 0.334241 0 
1271 0.00409115 0.348332 0 
1272 -0.00306935 0.366136 0 
1273 -0.0119077 0.375354 0 
1274 -0.0082711 0.386483 0 
1275 -0.0108291 0.410392 0 
1276 0.000988205 -0.405 0 
1277 -0.000672307 -0.392537 0 
1278 -0.0113106 -0.383626 0 
1279 -0.00562808 -0.370631 0 
1280 -0.0001653 -0.362016 0 
1281 0.00293823 -0.354506 0 
1282 -0.0106203 -0.33001 0 
1283 -0.00901197 -0.320198 0 
1284 -0.0044077 -0.306584 0 
1285 -0.00986247 -0.303744 0 
1286 -0.00713933 -0.282934 0 
1287 -0.0071637 -0.275423 0 
1288 -0.00563937 -0.254684 0 
1289 0.000296126 -0.239398 0 
1290 0.00061204 -0.230011 0 
1291 -0.00831225 -0.223628 0 
1292 -0.000432902 -0.216815 0 
1293 0.00305497 -0.188578 0 
1294 0.00517169 -0.182576 0 
1295 0.00636419 -0.178621 0 
1296 0.0109024 -0.163666 0 
1297 0.00632115 -0.156374 0 
1298 0.010408 -0.142508 0 
1299 0.00564613 -0.13125 0 
1300 0.00534012 -0.124713 0 
1301 0.000855285 -0.103663 0 
1302 0.00845985 -0.0955165 0 
1303 -0.00084607 -0.0838575 0 
1304 -0.00693171 -0.0782377 0 
1305 0.00878181 -0.0579907 0 
1306 0.00951268 -0.0476135 0 
1307 0.00153027 -0.045384 0 
1308 0.0017644 -0.031438 0 
1309 8.90627e-05 -0.0268118 0 
1310 -0.00211277 -0.000759464 0 
1311 -0.00391905 0.00574745 0 
1312 0.0116057 0.0208045 0 
1313 -0.0021456 0.0318858 0 
1314 -0.0116729 0.0458449 0 
1315 0.0017466 0.0557089 0 
1316 0.00724368 0.0635865 0 
1317 0.00162953 0.0865577 0 
1318 0.00815253 0.0988264 0 
1319 0.00625215 0.101464 0 
1320 -0.00248843 0.111165 0 
1321 0.00512162 0.138147 0 
1322 0.00178817 0.144231 0 
1323 -0.00225381 0.148825 0 
1324 -0.0119286 0.162576 0 
1325 -0.0139156 0.16704 0 
1326 -0.00613093 0.188451 0 
1327 -0.00492374 0.198179 0 
1328 -0.00140798 0.206483 0 
1329 -0.00278893 0.237117 0 
1330 -0.00564469 0.242773 0 
1331 -0.00261738 0.250895 0 
1332 -0.00193346 0.258574 0 
1333 0.00296192 0.266883 0 
1334 -0.00785253 0.291704 0 
1335 -0.00857254 0.297521 0 
1336 0.00491821 0.303941 0 
1337 0.0101221 0.309555 0 
1338 0.00473898 0.319861 0 
1339 0.00659972 0.326254 0 
1340 0.00984014 0.336073 0 
1341 0.0139966 0.358464 0 
1342 0.0194098 0.374981 0 
1343 0.00825072 0.381882 0 
1344 0.00580291 0.398218 0 
1345 0.000988205 0.410392 0 
1346 0.0128055 -0.405 0 
1347 0.00541039 -0.390704 0 
1348 0.0109171 -0.382802 0 
1349 -0.0017611 -0.374567 0 
1350 0.00563683 -0.358216 0 
1351 0.0112544 -0.347039 0 
1352 0.0125091 -0.340595 0 
1353 -0.00074725 -0.319348 0 
1354 0.012305 -0.311396 0 
1355 0.00249177 -0.293267 0 
1356 -0.00163916 -0.290813 0 
1357 0.00864158 -0.269987 0 
1358 0.00316915 -0.247235 0 
1359 0.00696016 -0.23881 0 
1360 0.00324845 -0.232512 0 
1361 0.0124814 -0.222354 0 
1362 0.00482012 -0.216232 0 
1363 0.014319 -0.200981 0 
1364 0.0184911 -0.181713 0 
1365 0.0167637 -0.176987 0 
1366 0.0254545 -0.166503 0 
1367 0.0125196 -0.150879 0 
1368 0.0165929 -0.136567 0 
1369 0.0112579 -0.132914 0 
1370 0.00957811 -0.116621 0 
1371 0.00827708 -0.109316 0 
1372 0.00808234 -0.101919 0 
1373 0.0172632 -0.0900633 0 
1374 0.0190349 -0.0673693 0 
1375 0.0138055 -0.0612044 0 
1376 0.0129059 -0.0483113 0 
1377 0.0172972 -0.0383209 0 
1378 0.0258224 -0.0250862 0 
1379 0.01076 -0.0176338 0 
1380 0.00973627 0.00201565 0 
1381 0.0184564 0.0122621 0 
1382 0.0161432 0.0184433 0 
1383 0.0168675 0.0276656 0 
1384 0.0136976 0.0500985 0 
1385 0.0169098 0.0578423 0 
1386 0.0108774 0.0632309 0 
1387 0.0113049 0.0786542 0 
1388 0.010007 0.0947024 0 
1389 0.0113655 0.100467 0 
1390 0.0166635 0.112832 0 
1391 0.0109914 0.135569 0 
1392 0.0121327 0.145459 0 
1393 0.013536 0.150706 0 
1394 0.0103536 0.162856 0 
1395 -0.000497358 0.170474 0 
1396 -0.000238892 0.176244 0 
1397 0.00520361 0.203541 0 
1398 0.0138413 0.217109 0 
1399 0.00696792 0.229086 0 
1400 0.00334103 0.243913 0 
1401 0.0113197 0.24883 0 
1402 0.00779307 0.253192 0 
1403 0.00513071 0.259308 0 
1404 0.0174257 0.276614 0 
1405 0.0097394 0.29513 0 
1406 0.0140697 0.300574 0 
1407 0.0122719 0.307415 0 
1408 0.0203482 0.31421 0 
1409 0.0180727 0.326497 0 
1410 0.0262112 0.347893 0 
1411 0.0295685 0.365245 0 
1412 0.0334666 0.372496 0 
1413 0.0212194 0.39121 0 
1414 0.012261 0.391135 0 
1415 0.0128055 0.410392 0 
1416 0.0246227 -0.405 0 
1417 0.0139165 -0.392187 0 
1418 0.015353 -0.38563 0 
1419 0.0273484 -0.369805 0 
1420 0.0113848 -0.360588 0 
1421 0.0248799 -0.341379 0 
1422 0.0270151 -0.330729 0 
1423 0.0252965 -0.325523 0 
1424 0.0173395 -0.312927 0 
1425 0.0158559 -0.295269 0 
1426 0.00918045 -0.282189 0 
1427 0.0187802 -0.263812 0 
1428 0.0168548 -0.259788 0 
1429 0.0206775 -0.237119 0 
1430 0.0233229 -0.233422 0 
1431 0.0176463 -0.223123 0 
1432 0.0190743 -0.209555 0 
1433 0.0287056 -0.192592 0 
1434 0.0266732 -0.188427 0 
1435 0.0243005 -0.176272 0 
1436 0.0275734 -0.171862 0 
1437 0.0334833 -0.158858 0 
1438 0.0321619 -0.150541 0 
1439 0.0295241 -0.123796 0 
1440 0.0300802 -0.117394 0 
1441 0.0160197 -0.109141 0 
1442 0.031163 -0.0916079 0 
1443 0.0269623 -0.0859994 0 
1444 0.0283977 -0.0678652 0 
1445 0.0182608 -0.0620412 0 
1446 0.0291174 -0.0490263 0 
1447 0.0268365 -0.0430358 0 
1448 0.0282086 -0.0325312 0 
1449 0.032541 -0.0170785 0 
1450 0.0166902 -0.000797413 0 
1451 0.0206049 0.00818827 0 
1452 0.0216729 0.0154324 0 
1453 0.0327965 0.0416055 0 
1454 0.021935 0.0408973 0 
1455 0.02339 0.0626383 0 
1456 0.0202909 0.0647435 0 
1457 0.0156489 0.0701581 0 
1458 0.0176495 0.0840595 0 
1459 0.0192558 0.0944261 0 
1460 0.0212865 0.114421 0 
1461 0.0221307 0.12345 0 
1462 0.0217686 0.131369 0 
1463 0.0209679 0.156993 0 
1464 0.0158141 0.157183 0 
1465 0.0168125 0.174475 0 
1466 0.0167698 0.180014 0 
1467 0.0139078 0.185223 0 
1468 0.0200915 0.216103 0 
1469 0.0258744 0.220611 0 
1470 0.0152588 0.237973 0 
1471 0.0183862 0.242526 0 
1472 0.0239894 0.25821 0 
1473 0.0292963 0.264544 0 
1474 0.0197138 0.270749 0 
1475 0.0379042 0.281347 0 
1476 0.0383624 0.291022 0 
1477 0.0381867 0.310572 0 
1478 0.0340773 0.317972 0 
1479 0.024562 0.321827 0 
1480 0.0321671 0.347148 0 
1481 0.034081 0.367973 0 
1482 0.0381612 0.376167 0 
1483 0.0254179 0.396006 0 
1484 0.0247573 0.403248 0 
1485 0.0246227 0.410392 0 
1486 0.03644 -0.405 0 
1487 0.0342666 -0.399454 0 
1488 0.0353364 -0.394383 0 
1489 0.031721 -0.375546 0 
1490 0.0430713 -0.353762 0 
1491 0.0305333 -0.344153 0 
1492 0.0383791 -0.3331 0 
1493 0.0394021 -0.330026 0 
1494 0.0355878 -0.320682 0 
1495 0.0207089 -0.294557 0 
1496 0.0264437 -0.280471 0 
1497 0.0254791 -0.262474 0 
1498 0.0323704 -0.257925 0 
1499 0.0265004 -0.2382 0 
1500 0.0345239 -0.233958 0 
1501 0.0292539 -0.229378 0 
1502 0.0415425 -0.213746 0 
1503 0.0321438 -0.203294 0 
1504 0.0351228 -0.190203 0 
1505 0.0367724 -0.187402 0 
1506 0.0331323 -0.17552 0 
1507 0.0431516 -0.151365 0 
1508 0.0351646 -0.151905 0 
1509 0.0418781 -0.137587 0 
1510 0.0384989 -0.110159 0 
1511 0.0341046 -0.109831 0 
1512 0.032431 -0.0991005 0 
1513 0.036415 -0.0872135 0 
1514 0.0334168 -0.078982 0 
1515 0.045193 -0.0542009 0 
1516 0.0355261 -0.0484653 0 
1517 0.0388878 -0.0341882 0 
1518 0.0426834 -0.0248287 0 
1519 0.0437822 -0.0133932 0 
1520 0.0412396 -0.00870452 0 
1521 0.0322311 0.0168823 0 
1522 0.0359148 0.0270494 0 
1523 0.0403578 0.0421292 0 
1524 0.0350076 0.0484828 0 
1525 0.0288121 0.052104 0 
1526 0.0312684 0.0726182 0 
1527 0.0377118 0.0861462 0 
1528 0.0281447 0.096415 0 
1529 0.0274233 0.102445 0 
1530 0.0271887 0.106405 0 
1531 0.0313531 0.135397 0 
1532 0.0320639 0.145125 0 
1533 0.0295759 0.150067 0 
1534 0.0233721 0.169059 0 
1535 0.0212271 0.173898 0 
1536 0.0244135 0.179755 0 
1537 0.0314666 0.19918 0 
1538 0.030606 0.211889 0 
1539 0.0308504 0.21799 0 
1540 0.0333972 0.237034 0 
1541 0.036007 0.245397 0 
1542 0.0323721 0.253752 0 
1543 0.0315625 0.26204 0 
1544 0.0402902 0.27331 0 
1545 0.0439985 0.279178 0 
1546 0.0459 0.30424 0 
1547 0.0436522 0.310278 0 
1548 0.0491909 0.332807 0 
1549 0.0441773 0.342593 0 
1550 0.0391086 0.348904 0 
1551 0.0397008 0.371863 0 
1552 0.044642 0.3818 0 
1553 0.0456636 0.387491 0 
1554 0.0490062 0.401962 0 
1555 0.03644 0.410392 0 
1556 0.0482573 -0.405 0 
1557 0.0505593 -0.396647 0 
1558 0.0471027 -0.389533 0 
1559 0.0402263 -0.383467 0 
1560 0.0541969 -0.346286 0 
1561 0.0509137 -0.343562 0 
1562 0.0486074 -0.334186 0 
1563 0.0484829 -0.330834 0 
1564 0.0389438 -0.301841 0 
1565 0.0343482 -0.299459 0 
1566 0.0326012 -0.293539 0 
1567 0.0389382 -0.274052 0 
1568 0.0378623 -0.260874 0 
1569 0.0383103 -0.240509 0 
1570 0.0471515 -0.237655 0 
1571 0.0461634 -0.222636 0 
1572 0.0464717 -0.216368 0 
1573 0.0460319 -0.207371 0 
1574 0.0453193 -0.203115 0 
1575 0.0453795 -0.193436 0 
1576 0.041045 -0.170348 0 
1577 0.0481404 -0.155573 0 
1578 0.045208 -0.144952 0 
1579 0.0504748 -0.133534 0 
1580 0.0590018 -0.112264 0 
1581 0.0420822 -0.101316 0 
1582 0.0427243 -0.0936572 0 
1583 0.0531914 -0.0743563 0 
1584 0.0499992 -0.0663137 0 
1585 0.0516499 -0.0552252 0 
1586 0.0490501 -0.0483685 0 
1587 0.0593658 -0.0343062 0 
1588 0.0478157 -0.0261857 0 
1589 0.0505158 -0.00293632 0 
1590 0.0501209 0.00680221 0 
1591 0.0461072 0.0120579 0 
1592 0.0386793 0.0229722 0 
1593 0.04942 0.0340311 0 
1594 0.0508994 0.0521203 0 
1595 0.0497042 0.0668674 0 
1596 0.0494879 0.0760033 0 
1597 0.0507066 0.0929713 0 
1598 0.0476063 0.0958316 0 
1599 0.0439831 0.101439 0 
1600 0.03352 0.108348 0 
1601 0.0376782 0.132933 0 
1602 0.0416804 0.133838 0 
1603 0.0381523 0.151976 0 
1604 0.0346471 0.162772 0 
1605 0.0379912 0.174876 0 
1606 0.0435126 0.183313 0 
1607 0.0353369 0.18929 0 
1608 0.0511843 0.204231 0 
1609 0.0393158 0.227023 0 
1610 0.0387136 0.232126 0 
1611 0.0614664 0.247532 0 
1612 0.0587592 0.252735 0 
1613 0.0500166 0.262064 0 
1614 0.043775 0.271465 0 
1615 0.0492249 0.282821 0 
1616 0.0542318 0.295237 0 
1617 0.0519749 0.307142 0 
1618 0.0623224 0.327821 0 
1619 0.062008 0.351701 0 
1620 0.0457949 0.359441 0 
1621 0.0459701 0.367825 0 
1622 0.0489374 0.374702 0 
1623 0.0524335 0.395349 0 
1624 0.0533671 0.403459 0 
1625 0.0482573 0.410392 0 
1626 0.0600746 -0.405 0 
1627 0.0552812 -0.397032 0 
1628 0.0547246 -0.391538 0 
1629 0.0649327 -0.362034 0 
1630 0.0626121 -0.351701 0 
1631 0.0603875 -0.34134 0 
1632 0.0594594 -0.338219 0 
1633 0.0547158 -0.32654 0 
1634 0.0539276 -0.308845 0 
1635 0.0441014 -0.292385 0 
1636 0.0497564 -0.276986 0 
1637 0.0468667 -0.271332 0 
1638 0.0428704 -0.266584 0 
1639 0.0543872 -0.245563 0 
1640 0.0569934 -0.239354 0 
1641 0.0537178 -0.233299 0 
1642 0.0622225 -0.219666 0 
1643 0.049249 -0.20768 0 
1644 0.0560212 -0.200651 0 
1645 0.0720895 -0.176292 0 
1646 0.0641285 -0.171109 0 
1647 0.0503797 -0.161516 0 
1648 0.0651367 -0.142503 0 
1649 0.0671166 -0.122298 0 
1650 0.0629877 -0.117512 0 
1651 0.0728778 -0.0972723 0 
1652 0.0666964 -0.0848287 0 
1653 0.0629935 -0.0780368 0 
1654 0.0572887 -0.0679128 0 
1655 0.0546022 -0.0634077 0 
1656 0.0670428 -0.0393488 0 
1657 0.0638241 -0.0346944 0 
1658 0.0689039 -0.0278107 0 
1659 0.0630424 -0.0214712 0 
1660 0.0685841 -0.00961191 0 
1661 0.0602517 0.012099 0 
1662 0.0691353 0.0174356 0 
1663 0.0521894 0.0319037 0 
1664 0.055876 0.0409109 0 
1665 0.059657 0.0615849 0 
1666 0.0531892 0.0708127 0 
1667 0.0637861 0.0761779 0 
1668 0.0594924 0.0973794 0 
1669 0.0604497 0.102132 0 
1670 0.0580456 0.119242 0 
1671 0.0425874 0.122143 0 
1672 0.0439893 0.131292 0 
1673 0.0537276 0.143228 0 
1674 0.0422692 0.161854 0 
1675 0.0582579 0.181967 0 
1676 0.0619276 0.189862 0 
1677 0.052883 0.196042 0 
1678 0.0566288 0.202904 0 
1679 0.0600726 0.223005 0 
1680 0.0593693 0.232097 0 
1681 0.0743182 0.24868 0 
1682 0.0602112 0.25781 0 
1683 0.0578562 0.260481 0 
1684 0.0691905 0.285763 0 
1685 0.071174 0.295864 0 
1686 0.06748 0.30182 0 
1687 0.0586102 0.308127 0 
1688 0.069868 0.3313 0 
1689 0.0715802 0.347458 0 
1690 0.0690432 0.363226 0 
1691 0.0757613 0.3712 0 
1692 0.0693935 0.379224 0 
1693 0.0578137 0.388602 0 
1694 0.0573839 0.394507 0 
1695 0.0600746 0.410392 0 
1696 0.0718918 -0.405 0 
1697 0.0792862 -0.398575 0 
1698 0.0702981 -0.381511 0 
1699 0.071144 -0.375168 0 
1700 0.0766203 -0.361624 0 
1701 0.0781956 -0.352426 0 
1702 0.0717374 -0.3337 0 
1703 0.0626881 -0.329972 0 
1704 0.0640222 -0.31661 0 
1705 0.0717395 -0.288475 0 
1706 0.063057 -0.281471 0 
1707 0.0558259 -0.267467 0 
1708 0.0641283 -0.252097 0 
1709 0.0669518 -0.241756 0 
1710 0.0669502 -0.235953 0 
1711 0.0697657 -0.225862 0 
1712 0.082526 -0.208604 0 
1713 0.079332 -0.203634 0 
1714 0.0685332 -0.19617 0 
1715 0.0737376 -0.189745 0 
1716 0.0865125 -0.167325 0 
1717 0.0652171 -0.160392 0 
1718 0.0794634 -0.139351 0 
1719 0.0731546 -0.135931 0 
1720 0.0830382 -0.104249 0 
1721 0.0795377 -0.0992168 0 
1722 0.0706509 -0.0865017 0 
1723 0.0779339 -0.0827441 0 
1724 0.0664141 -0.0710074 0 
1725 0.0691197 -0.064512 0 
1726 0.0679977 -0.0599079 0 
1727 0.0838982 -0.0274781 0 
1728 0.0773558 -0.023954 0 
1729 0.073889 -0.0223937 0 
1730 0.0850736 0.0010952 0 
1731 0.0753771 0.0014928 0 
1732 0.0752552 0.0113134 0 
1733 0.075748 0.0324094 0 
1734 0.0706775 0.0501386 0 
1735 0.0642626 0.0578716 0 
1736 0.080243 0.0678264 0 
1737 0.0774167 0.0755583 0 
1738 0.0751825 0.0797349 0 
1739 0.0673693 0.108471 0 
1740 0.0622131 0.117859 0 
1741 0.0585742 0.127008 0 
1742 0.0711305 0.139546 0 
1743 0.075137 0.149372 0 
1744 0.0593877 0.158526 0 
1745 0.0618444 0.164813 0 
1746 0.066686 0.179029 0 
1747 0.0734248 0.198368 0 
1748 0.0763968 0.208357 0 
1749 0.0677621 0.224981 0 
1750 0.0810181 0.242999 0 
1751 0.0829783 0.250531 0 
1752 0.0721797 0.258643 0 
1753 0.0687053 0.262938 0 
1754 0.0822239 0.275761 0 
1755 0.0755432 0.29671 0 
1756 0.0825657 0.305062 0 
1757 0.0833895 0.314618 0 
1758 0.074145 0.3254 0 
1759 0.0804319 0.347338 0 
1760 0.0792804 0.366388 0 
1761 0.0910772 0.377408 0 
1762 0.0900894 0.382242 0 
1763 0.0849524 0.387941 0 
1764 0.0724877 0.404898 0 
1765 0.0718918 0.410392 0 
1766 0.0837091 -0.405 0 
1767 0.0839984 -0.39755 0 
1768 0.0801689 -0.385397 0 
1769 0.0803234 -0.366232 0 
1770 0.0819898 -0.360559 0 
1771 0.0865032 -0.342696 0 
1772 0.0890049 -0.328678 0 
1773 0.0838379 -0.323756 0 
1774 0.0837563 -0.295714 0 
1775 0.0803758 -0.288214 0 
1776 0.0759102 -0.280507 0 
1777 0.0645449 -0.272613 0 
1778 0.070846 -0.25457 0 
1779 0.0743765 -0.243458 0 
1780 0.0920927 -0.234885 0 
1781 0.0745062 -0.226128 0 
1782 0.0847316 -0.217423 0 
1783 0.0882752 -0.203417 0 
1784 0.0880882 -0.196681 0 
1785 0.0929929 -0.18537 0 
1786 0.0916359 -0.171424 0 
1787 0.0900988 -0.155192 0 
1788 0.0855999 -0.148357 0 
1789 0.0921011 -0.117281 0 
1790 0.0905284 -0.107011 0 
1791 0.0899516 -0.0977095 0 
1792 0.0905142 -0.0950713 0 
1793 0.0816243 -0.0837455 0 
1794 0.0819169 -0.0767407 0 
1795 0.0912769 -0.0617805 0 
1796 0.0784188 -0.0565098 0 
1797 0.0928549 -0.0271467 0 
1798 0.0896682 -0.0207093 0 
1799 0.0827608 -0.018831 0 
1800 0.0940768 -0.000770973 0 
1801 0.0892321 0.0170602 0 
1802 0.0867508 0.0227492 0 
1803 0.0810186 0.0261536 0 
1804 0.0856252 0.0356837 0 
1805 0.0798524 0.0598431 0 
1806 0.0852394 0.0654475 0 
1807 0.0848385 0.072566 0 
1808 0.0886396 0.0900001 0 
1809 0.0771146 0.100514 0 
1810 0.0841242 0.118425 0 
1811 0.0922195 0.130083 0 
1812 0.0786465 0.140203 0 
1813 0.0774225 0.145724 0 
1814 0.0848145 0.159403 0 
1815 0.0720367 0.168593 0 
1816 0.0821917 0.193354 0 
1817 0.0819009 0.202963 0 
1818 0.0811729 0.208513 0 
1819 0.0783508 0.229706 0 
1820 0.0896228 0.241782 0 
1821 0.0848347 0.250838 0 
1822 0.0868141 0.258465 0 
1823 0.0840377 0.26349 0 
1824 0.087424 0.274688 0 
1825 0.0945313 0.287685 0 
1826 0.0880172 0.303339 0 
1827 0.0915261 0.326416 0 
1828 0.0822579 0.324959 0 
1829 0.0882294 0.354871 0 
1830 0.0894681 0.360628 0 
1831 0.0946703 0.375561 0 
1832 0.0915589 0.386263 0 
1833 0.0844338 0.399 0 
1834 0.0825342 0.400941 0 
1835 0.0837091 0.410392 0 
1836 0.0955264 -0.405 0 
1837 0.0899352 -0.390737 0 
1838 0.0891408 -0.386275 0 
1839 0.0914487 -0.379541 0 
1840 0.0941585 -0.351374 0 
1841 0.097876 -0.340522 0 
1842 0.0929356 -0.337519 0 
1843 0.103022 -0.318236 0 
1844 0.0945316 -0.31376 0 
1845 0.0995244 -0.29241 0 
1846 0.0853752 -0.279344 0 
1847 0.0985912 -0.267367 0 
1848 0.0881877 -0.258176 0 
1849 0.0780907 -0.248269 0 
1850 0.0980781 -0.237784 0 
1851 0.103288 -0.222255 0 
1852 0.0945927 -0.215443 0 
1853 0.0926993 -0.211834 0 
1854 0.102386 -0.184759 0 
1855 0.0990752 -0.181053 0 
1856 0.0983464 -0.155823 0 
1857 0.0960032 -0.147612 0 
1858 0.0947009 -0.144034 0 
1859 0.0989311 -0.137697 0 
1860 0.102037 -0.117023 0 
1861 0.0946977 -0.0985537 0 
1862 0.0970864 -0.0933419 0 
1863 0.10046 -0.0762812 0 
1864 0.0966847 -0.0718823 0 
1865 0.102649 -0.0638868 0 
1866 0.0996383 -0.0503072 0 
1867 0.0938452 -0.0459345 0 
1868 0.103706 -0.0227692 0 
1869 0.0941302 -0.0128631 0 
1870 0.10176 8.22555e-05 0 
1871 0.0939758 0.0183124 0 
1872 0.100948 0.029512 0 
1873 0.0999868 0.0351955 0 
1874 0.0914371 0.0377962 0 
1875 0.0988082 0.0511046 0 
1876 0.098575 0.0575677 0 
1877 0.0966795 0.0856525 0 
1878 0.0933771 0.0889518 0 
1879 0.097124 0.101938 0 
1880 0.085645 0.107567 0 
1881 0.100426 0.127798 0 
1882 0.104466 0.138352 0 
1883 0.0931403 0.154429 0 
1884 0.0988696 0.16508 0 
1885 0.0988736 0.169927 0 
1886 0.0933452 0.189501 0 
1887 0.0844877 0.201069 0 
1888 0.0985732 0.209361 0 
1889 0.0927193 0.217201 0 
1890 0.095177 0.242091 0 
1891 0.0942023 0.254632 0 
1892 0.104337 0.265769 0 
1893 0.0924549 0.271788 0 
1894 0.0938084 0.278658 0 
1895 0.101002 0.291158 0 
1896 0.0936716 0.308746 0 
1897 0.0967675 0.328337 0 
1898 0.0944773 0.337066 0 
1899 0.0950801 0.344695 0 
1900 0.0949861 0.352922 0 
1901 0.100334 0.378003 0 
1902 0.0948189 0.384518 0 
1903 0.0934204 0.393792 0 
1904 0.0888597 0.399436 0 
1905 0.0955264 0.410392 0 
1906 0.107344 -0.405 0 
1907 0.107344 -0.393183 0 
1908 0.107344 -0.381365 0 
1909 0.107344 -0.369548 0 
1910 0.107344 -0.357731 0 
1911 0.107344 -0.345913 0 
1912 0.107344 -0.334096 0 
1913 0.107344 -0.322279 0 
1914 0.107344 -0.310462 0 
1915 0.107344 -0.298644 0 
1916 0.107344 -0.286827 0 
1917 0.107344 -0.27501 0 
1918 0.107344 -0.263193 0 
1919 0.107344 -0.251375 0 
1920 0.107344 -0.239558 0 
1921 0.107344 -0.227741 0 
1922 0.107344 -0.215924 0 
1923 0.107344 -0.204106 0 
1924 0.107344 -0.192289 0 
1925 0.107344 -0.180472 0 
1926 0.107344 -0.168654 0 
1927 0.107344 -0.156837 0 
1928 0.107344 -0.14502 0 
1929 0.107344 -0.133203 0 
1930 0.107344 -0.121385 0 
1931 0.107344 -0.109568 0 
1932 0.107344 -0.0977508 0 
1933 0.107344 -0.0859335 0 
1934 0.107344 -0.0741163 0 
1935 0.107344 -0.062299 0 
1936 0.107344 -0.0504817 0 
1937 0.107344 -0.0386644 0 
1938 0.107344 -0.0268472 0 
1939 0.107344 -0.0150299 0 
1940 0.107344 -0.00321262 0 
1941 0.107344 0.00860465 0 
1942 0.107344 0.0204219 0 
1943 0.107344 0.0322392 0 
1944 0.107344 0.0440565 0 
1945 0.107344 0.0558737 0 
1946 0.107344 0.067691 0 
1947 0.107344 0.0795083 0 
1948 0.107344 0.0913256 0 
1949 0.107344 0.103143 0 
1950 0.107344 0.11496 0 
1951 0.107344 0.126777 0 
1952 0.107344 0.138595 0 
1953 0.107344 0.150412 0 
1954 0.107344 0.162229 0 
1955 0.107344 0.174047 0 
1956 0.107344 0.185864 0 
1957 0.107344 0.197681 0 
1958 0.107344 0.209498 0 
1959 0.107344 0.221316 0 
1960 0.109549 0.232465 0 
1961 0.102252 0.246029 0 
1962 0.106935 0.263519 0 
1963 0.110338 0.274492 0 
1964 0.107953 0.289346 0 
1965 0.111111 0.298256 0 
1966 0.115542 0.306969 0 
1967 0.101066 0.323427 0 
1968 0.100152 0.331301 0 
1969 0.110499 0.353124 0 
1970 0.106117 0.367308 0 
1971 0.10716 0.377945 0 
1972 0.111841 0.382791 0 
1973 0.0975905 0.393443 0 
1974 0.106333 0.403881 0 
1975 0.107344 0.410392 0 
1976 0.119161 0.221316 0 
1977 0.120888 0.237616 0 
1978 0.108845 0.244627 0 
1979 0.113333 0.269665 0 
1980 0.116299 0.280765 0 
1981 0.117181 0.293202 0 
1982 0.122977 0.301381 0 
1983 0.11807 0.304615 0 
1984 0.12491 0.316907 0 
1985 0.1155 0.342968 0 
1986 0.116068 0.350909 0 
1987 0.12465 0.354928 0 
1988 0.117848 0.37416 0 
1989 0.116806 0.379947 0 
1990 0.115556 0.399865 0 
1991 0.119291 0.407058 0 
1992 0.119161 0.410392 0 
1993 0.130978 0.221316 0 
1994 0.133756 0.232279 0 
1995 0.133087 0.249038 0 
1996 0.119872 0.256142 0 
1997 0.127177 0.281865 0 
1998 0.127429 0.285383 0 
1999 0.126124 0.300758 0 
2000 0.122827 0.306177 0 
2001 0.129659 0.318341 0 
2002 0.126935 0.335024 0 
2003 0.123541 0.346281 0 
2004 0.136394 0.353082 0 
2005 0.124873 0.37198 0 
2006 0.123651 0.386964 0 
2007 0.122435 0.391906 0 
2008 0.122978 0.398266 0 
2009 0.130978 0.410392 0 
2010 0.142796 0.221316 0 
2011 0.146442 0.244924 0 
2012 0.141296 0.251975 0 
2013 0.144907 0.260764 0 
2014 0.133842 0.276578 0 
2015 0.139934 0.279894 0 
2016 0.138748 0.28596 0 
2017 0.13478 0.313676 0 
2018 0.141718 0.325064 0 
2019 0.132232 0.331346 0 
2020 0.145 0.345725 0 
2021 0.140739 0.351706 0 
2022 0.146235 0.35923 0 
2023 0.133406 0.382769 0 
2024 0.127819 0.390553 0 
2025 0.142421 0.404686 0 
2026 0.142796 0.410392 0 
2027 0.154613 0.221316 0 
2028 0.15342 0.242411 0 
2029 0.159045 0.245348 0 
2030 0.147813 0.258337 0 
2031 0.160913 0.264234 0 
2032 0.156482 0.274518 0 
2033 0.144891 0.296731 0 
2034 0.145189 0.306033 0 
2035 0.141903 0.316212 0 
2036 0.159835 0.334948 0 
2037 0.146025 0.340927 0 
2038 0.159913 0.353614 0 
2039 0.151983 0.359138 0 
2040 0.141051 0.3813 0 
2041 0.159678 0.398571 0 
2042 0.151403 0.406062 0 
2043 0.154613 0.410392 0 
2044 0.16643 0.221316 0 
2045 0.16124 0.230671 0 
2046 0.163488 0.244693 0 
2047 0.156861 0.256188 0 
2048 0.173323 0.263067 0 
2049 0.157653 0.290023 0 
2050 0.153815 0.294753 0 
2051 0.169225 0.300795 0 
2052 0.150964 0.316844 0 
2053 0.16781 0.333824 0 
2054 0.163103 0.345886 0 
2055 0.170907 0.355283 0 
2056 0.173397 0.368218 0 
2057 0.164589 0.376434 0 
2058 0.157232 0.385533 0 
2059 0.17106 0.402058 0 
2060 0.16643 0.410392 0 
2061 0.178247 0.221316 0 
2062 0.175532 0.224288 0 
2063 0.166622 0.2421 0 
2064 0.177779 0.249352 0 
2065 0.178317 0.257517 0 
2066 0.179587 0.278612 0 
2067 0.172043 0.293212 0 
2068 0.177657 0.298716 0 
2069 0.166845 0.317202 0 
2070 0.166634 0.322297 0 
2071 0.177751 0.338167 0 
2072 0.174649 0.349571 0 
2073 0.17566 0.364521 0 
2074 0.188738 0.373439 0 
2075 0.173237 0.389814 0 
2076 0.184049 0.406675 0 
2077 0.178247 0.410392 0 
2078 0.190065 0.221316 0 
2079 0.178269 0.233583 0 
2080 0.175756 0.237422 0 
2081 0.183785 0.247394 0 
2082 0.191986 0.269984 0 
2083 0.184749 0.270164 0 
2084 0.192013 0.296496 0 
2085 0.184969 0.300549 0 
2086 0.18432 0.321814 0 
2087 0.178772 0.329327 0 
2088 0.184335 0.339216 0 
2089 0.180828 0.348916 0 
2090 0.193425 0.366034 0 
2091 0.193736 0.372014 0 
2092 0.196813 0.38168 0 
2093 0.185779 0.396058 0 
2094 0.190065 0.410392 0 
2095 0.201882 0.221316 0 
2096 0.201909 0.225634 0 
2097 0.18673 0.239484 0 
2098 0.188118 0.246348 0 
2099 0.196637 0.262602 0 
2100 0.195164 0.276419 0 
2101 0.201166 0.299893 0 
2102 0.191305 0.306504 0 
2103 0.189752 0.318982 0 
2104 0.20853 0.331622 0 
2105 0.215435 0.341406 0 
2106 0.191392 0.354004 0 
2107 0.197937 0.363985 0 
2108 0.207291 0.380397 0 
2109 0.203686 0.385255 0 
2110 0.201325 0.389228 0 
2111 0.201882 0.410392 0 
2112 0.213699 0.221316 0 
2113 0.217596 0.227709 0 
2114 0.216991 0.234082 0 
2115 0.208342 0.255485 0 
2116 0.213833 0.267529 0 
2117 0.214656 0.273944 0 
2118 0.21032 0.279715 0 
2119 0.209991 0.304281 0 
2120 0.195169 0.312942 0 
2121 0.225127 0.332016 0 
2122 0.223728 0.33909 0 
2123 0.210083 0.354694 0 
2124 0.219491 0.36214 0 
2125 0.217336 0.375788 0 
2126 0.211325 0.387942 0 
2127 0.212259 0.400511 0 
2128 0.213699 0.410392 0 
2129 0.225516 0.0795083 0 
2130 0.225516 0.0913256 0 
2131 0.225516 0.103143 0 
2132 0.225516 0.11496 0 
2133 0.225516 0.126777 0 
2134 0.225516 0.138595 0 
2135 0.225516 0.150412 0 
2136 0.225516 0.162229 0 
2137 0.225516 0.174047 0 
2138 0.225516 0.185864 0 
2139 0.225516 0.197681 0 
2140 0.225516 0.209498 0 
2141 0.225516 0.221316 0 
2142 0.234387 0.228526 0 
2143 0.235312 0.245084 0 
2144 0.222221 0.244226 0 
2145 0.220278 0.253371 0 
2146 0.220676 0.27401 0 
2147 0.222631 0.30006 0 
2148 0.217752 0.305109 0 
2149 0.227612 0.313977 0 
2150 0.230257 0.325584 0 
2151 0.230559 0.345332 0 
2152 0.226709 0.347754 0 
2153 0.227999 0.355224 0 
2154 0.223864 0.367325 0 
2155 0.221321 0.387002 0 
2156 0.228594 0.406874 0 
2157 0.225516 0.410392 0 
2158 0.237334 0.0795083 0 
2159 0.241745 0.0993905 0 
2160 0.235241 0.110333 0 
2161 0.239672 0.122145 0 
2162 0.232554 0.12244 0 
2163 0.240907 0.147725 0 
2164 0.232604 0.148285 0 
2165 0.242268 0.172201 0 
2166 0.230355 0.173025 0 
2167 0.231198 0.191533 0 
2168 0.232576 0.198107 0 
2169 0.243538 0.212162 0 
2170 0.228862 0.216614 0 
2171 0.243525 0.226031 0 
2172 0.241984 0.255753 0 
2173 0.240324 0.259578 0 
2174 0.241988 0.271595 0 
2175 0.23265 0.292024 0 
2176 0.228817 0.298179 0 
2177 0.229303 0.305321 0 
2178 0.242957 0.31538 0 
2179 0.240641 0.319434 0 
2180 0.234744 0.341195 0 
2181 0.238873 0.352929 0 
2182 0.232502 0.356687 0 
2183 0.236601 0.372684 0 
2184 0.230981 0.3916 0 
2185 0.230632 0.395787 0 
2186 0.237334 0.410392 0 
2187 0.249151 0.0795083 0 
2188 0.265452 0.0971267 0 
2189 0.263371 0.101825 0 
2190 0.244081 0.121069 0 
2191 0.245257 0.131334 0 
2192 0.252939 0.153721 0 
2193 0.2543 0.164918 0 
2194 0.250005 0.169558 0 
2195 0.244917 0.181106 0 
2196 0.250257 0.191648 0 
2197 0.23836 0.197862 0 
2198 0.245438 0.206895 0 
2199 0.255756 0.219658 0 
2200 0.254826 0.224924 0 
2201 0.24877 0.255864 0 
2202 0.246225 0.259308 0 
2203 0.257738 0.273819 0 
2204 0.239093 0.290142 0 
2205 0.249851 0.29589 0 
2206 0.253856 0.301929 0 
2207 0.255933 0.30931 0 
2208 0.244829 0.329182 0 
2209 0.240921 0.336872 0 
2210 0.261956 0.359791 0 
2211 0.247 0.363618 0 
2212 0.255601 0.378161 0 
2213 0.236034 0.392495 0 
2214 0.244152 0.401839 0 
2215 0.249151 0.410392 0 
2216 0.260968 0.0795083 0 
2217 0.264365 0.0850703 0 
2218 0.277166 0.0989361 0 
2219 0.277108 0.113289 0 
2220 0.274299 0.123401 0 
2221 0.262026 0.136666 0 
2222 0.263446 0.143317 0 
2223 0.265177 0.165894 0 
2224 0.250335 0.178025 0 
2225 0.264236 0.183909 0 
2226 0.265169 0.197596 0 
2227 0.26698 0.211309 0 
2228 0.266057 0.221337 0 
2229 0.273435 0.231915 0 
2230 0.269942 0.235072 0 
2231 0.260143 0.265229 0 
2232 0.265621 0.273415 0 
2233 0.25696 0.285815 0 
2234 0.251842 0.291928 0 
2235 0.253261 0.297589 0 
2236 0.258956 0.304262 0 
2237 0.26569 0.31318 0 
2238 0.268781 0.346513 0 
2239 0.266645 0.354962 0 
2240 0.263691 0.366137 0 
2241 0.255854 0.371032 0 
2242 0.271015 0.387784 0 
2243 0.261836 0.403858 0 
2244 0.260968 0.410392 0 
2245 0.272786 0.0795083 0 
2246 0.284583 0.0911033 0 
2247 0.282664 0.0960525 0 
2248 0.284292 0.111305 0 
2249 0.282656 0.124867 0 
2250 0.279924 0.128797 0 
2251 0.268184 0.147141 0 
2252 0.270782 0.156501 0 
2253 0.274169 0.172019 0 
2254 0.275278 0.178395 0 
2255 0.274071 0.207228 0 
2256 0.275469 0.219584 0 
2257 0.273214 0.223838 0 
2258 0.278449 0.231075 0 
2259 0.282668 0.245411 0 
2260 0.278262 0.246577 0 
2261 0.269395 0.273662 0 
2262 0.263097 0.284163 0 
2263 0.270932 0.290327 0 
2264 0.270941 0.300483 0 
2265 0.271295 0.30659 0 
2266 0.27155 0.314692 0 
2267 0.275448 0.331371 0 
2268 0.283143 0.342822 0 
2269 0.269438 0.366318 0 
2270 0.279564 0.377489 0 
2271 0.276444 0.385167 0 
2272 0.272354 0.407061 0 
2273 0.272786 0.410392 0 
2274 0.284603 0.0795083 0 
2275 0.289019 0.0842095 0 
2276 0.290647 0.0901515 0 
2277 0.291667 0.120915 0 
2278 0.288785 0.122315 0 
2279 0.282329 0.140005 0 
2280 0.278611 0.143365 0 
2281 0.273053 0.154481 0 
2282 0.280415 0.163076 0 
2283 0.285319 0.184599 0 
2284 0.282284 0.205519 0 
2285 0.290703 0.209408 0 
2286 0.291128 0.22089 0 
2287 0.287843 0.23315 0 
2288 0.286303 0.235438 0 
2289 0.291129 0.255103 0 
2290 0.285764 0.256045 0 
2291 0.280267 0.275665 0 
2292 0.271866 0.287118 0 
2293 0.276798 0.295408 0 
2294 0.278225 0.304552 0 
2295 0.294613 0.323006 0 
2296 0.290401 0.338217 0 
2297 0.289949 0.343773 0 
2298 0.289185 0.350967 0 
2299 0.289798 0.37558 0 
2300 0.281724 0.399482 0 
2301 0.278463 0.40344 0 
2302 0.284603 0.410392 0 
2303 0.29642 0.0795083 0 
2304 0.294434 0.083157 0 
2305 0.304407 0.0989179 0 
2306 0.30104 0.105901 0 
2307 0.298662 0.131898 0 
2308 0.291942 0.134724 0 
2309 0.28749 0.141136 0 
2310 0.280633 0.1501 0 
2311 0.301149 0.163755 0 
2312 0.295645 0.184198 0 
2313 0.305503 0.191229 0 
2314 0.295031 0.207476 0 
2315 0.294532 0.216588 0 
2316 0.294117 0.22824 0 
2317 0.293249 0.237539 0 
2318 0.300042 0.253225 0 
2319 0.289325 0.267699 0 
2320 0.286446 0.273899 0 
2321 0.29651 0.27905 0 
2322 0.296423 0.29981 0 
2323 0.292132 0.304268 0 
2324 0.298876 0.3183 0 
2325 0.299842 0.331121 0 
2326 0.300449 0.339216 0 
2327 0.296112 0.357696 0 
2328 0.296553 0.379875 0 
2329 0.296047 0.383755 0 
2330 0.292795 0.405529 0 
2331 0.29642 0.410392 0 
2332 0.308237 0.0795083 0 
2333 0.31119 0.0845528 0 
2334 0.311648 0.0932716 0 
2335 0.325126 0.128224 0 
2336 0.317579 0.131994 0 
2337 0.309125 0.13807 0 
2338 0.316519 0.146361 0 
2339 0.312642 0.152778 0 
2340 0.30864 0.159971 0 
2341 0.307714 0.180455 0 
2342 0.310063 0.189492 0 
2343 0.308455 0.198235 0 
2344 0.304028 0.226451 0 
2345 0.304135 0.233044 0 
2346 0.29674 0.235477 0 
2347 0.303666 0.249031 0 
2348 0.308268 0.258417 0 
2349 0.301062 0.267785 0 
2350 0.301856 0.277412 0 
2351 0.302044 0.298645 0 
2352 0.311438 0.315196 0 
2353 0.312551 0.324183 0 
2354 0.316498 0.332632 0 
2355 0.326385 0.342011 0 
2356 0.308579 0.348142 0 
2357 0.304609 0.360943 0 
2358 0.30554 0.389978 0 
2359 0.303334 0.394828 0 
2360 0.308237 0.410392 0 
2361 0.320055 0.0795083 0 
2362 0.328577 0.0879933 0 
2363 0.334292 0.109177 0 
2364 0.330226 0.11439 0 
2365 0.333967 0.135123 0 
2366 0.327359 0.138176 0 
2367 0.32213 0.146155 0 
2368 0.320261 0.152183 0 
2369 0.326747 0.171758 0 
2370 0.320348 0.18047 0 
2371 0.320027 0.197501 0 
2372 0.322169 0.215255 0 
2373 0.319072 0.220174 0 
2374 0.308166 0.233349 0 
2375 0.312442 0.238356 0 
2376 0.32905 0.259721 0 
2377 0.32707 0.266149 0 
2378 0.327374 0.272216 0 
2379 0.332826 0.286976 0 
2380 0.316176 0.290364 0 
2381 0.309972 0.302207 0 
2382 0.322252 0.32054 0 
2383 0.324324 0.331953 0 
2384 0.336958 0.343482 0 
2385 0.317975 0.349641 0 
2386 0.322702 0.384188 0 
2387 0.316843 0.390214 0 
2388 0.312751 0.399733 0 
2389 0.320055 0.410392 0 
2390 0.331872 0.0795083 0 
2391 0.340891 0.0900289 0 
2392 0.338237 0.0944525 0 
2393 0.347664 0.125895 0 
2394 0.346031 0.131874 0 
2395 0.33619 0.147877 0 
2396 0.335211 0.15423 0 
2397 0.338364 0.164692 0 
2398 0.336607 0.173999 0 
2399 0.330196 0.177107 0 
2400 0.331595 0.214004 0 
2401 0.328947 0.220042 0 
2402 0.326148 0.224496 0 
2403 0.32601 0.228581 0 
2404 0.332378 0.23575 0 
2405 0.326567 0.244375 0 
2406 0.336195 0.258839 0 
2407 0.33436 0.272886 0 
2408 0.342032 0.292256 0 
2409 0.334914 0.29374 0 
2410 0.328845 0.297417 0 
2411 0.3301 0.315008 0 
2412 0.336286 0.327194 0 
2413 0.34381 0.342929 0 
2414 0.335657 0.365703 0 
2415 0.329226 0.369327 0 
2416 0.329216 0.39509 0 
2417 0.321375 0.398319 0 
2418 0.331872 0.410392 0 
2419 0.343689 0.0795083 0 
2420 0.345059 0.0862355 0 
2421 0.353825 0.109823 0 
2422 0.358314 0.130102 0 
2423 0.35693 0.133828 0 
2424 0.3524 0.13733 0 
2425 0.342397 0.160224 0 
2426 0.34235 0.166013 0 
2427 0.34377 0.174216 0 
2428 0.34683 0.201297 0 
2429 0.341399 0.210068 0 
2430 0.346567 0.21284 0 
2431 0.337413 0.221691 0 
2432 0.338281 0.228108 0 
2433 0.340259 0.236685 0 
2434 0.335353 0.241792 0 
2435 0.352017 0.264819 0 
2436 0.340854 0.265224 0 
2437 0.345731 0.287433 0 
2438 0.34529 0.297393 0 
2439 0.338865 0.300569 0 
2440 0.345807 0.317437 0 
2441 0.349508 0.332296 0 
2442 0.358872 0.349142 0 
2443 0.352655 0.35105 0 
2444 0.341689 0.37871 0 
2445 0.342071 0.388609 0 
2446 0.334251 0.401018 0 
2447 0.343689 0.410392 0 
2448 0.355506 0.0795083 0 
2449 0.358442 0.0960387 0 
2450 0.357571 0.101708 0 
2451 0.362873 0.124064 0 
2452 0.364535 0.128578 0 
2453 0.357367 0.151444 0 
2454 0.353256 0.157808 0 
2455 0.363282 0.163109 0 
2456 0.34992 0.172393 0 
2457 0.358715 0.196425 0 
2458 0.360048 0.201373 0 
2459 0.352052 0.212184 0 
2460 0.343883 0.221576 0 
2461 0.339805 0.223803 0 
2462 0.347626 0.235341 0 
2463 0.360413 0.254546 0 
2464 0.360492 0.262957 0 
2465 0.364537 0.281304 0 
2466 0.36215 0.289351 0 
2467 0.357878 0.294328 0 
2468 0.358738 0.307902 0 
2469 0.361678 0.322749 0 
2470 0.352061 0.323972 0 
2471 0.363111 0.34705 0 
2472 0.365817 0.363579 0 
2473 0.36228 0.368871 0 
2474 0.359514 0.377632 0 
2475 0.35997 0.393829 0 
2476 0.355506 0.410392 0 
2477 0.367324 0.0795083 0 
2478 0.362668 0.0881561 0 
2479 0.362219 0.0988732 0 
2480 0.373043 0.113509 0 
2481 0.378424 0.124016 0 
2482 0.379016 0.128567 0 
2483 0.375146 0.153755 0 
2484 0.371059 0.162382 0 
2485 0.358978 0.171236 0 
2486 0.37293 0.178175 0 
2487 0.366153 0.204376 0 
2488 0.361226 0.209536 0 
2489 0.367611 0.215725 0 
2490 0.352694 0.228951 0 
2491 0.359513 0.239667 0 
2492 0.361588 0.246314 0 
2493 0.364048 0.256374 0 
2494 0.368734 0.271725 0 
2495 0.369491 0.28276 0 
2496 0.378451 0.308448 0 
2497 0.364278 0.306081 0 
2498 0.368372 0.327309 0 
2499 0.370531 0.335985 0 
2500 0.370583 0.344581 0 
2501 0.367646 0.352346 0 
2502 0.376413 0.369313 0 
2503 0.369639 0.388841 0 
2504 0.370334 0.404052 0 
2505 0.367324 0.410392 0 
2506 0.379141 0.0795083 0 
2507 0.375171 0.0832508 0 
2508 0.386298 0.0936591 0 
2509 0.383329 0.10144 0 
2510 0.383601 0.10837 0 
2511 0.387594 0.135568 0 
2512 0.385474 0.14964 0 
2513 0.385149 0.152615 0 
2514 0.378361 0.167849 0 
2515 0.382321 0.173759 0 
2516 0.38305 0.184105 0 
2517 0.376286 0.209473 0 
2518 0.372895 0.216069 0 
2519 0.364588 0.226338 0 
2520 0.379602 0.245037 0 
2521 0.38218 0.252489 0 
2522 0.375255 0.258649 0 
2523 0.387075 0.28429 0 
2524 0.388065 0.297687 0 
2525 0.382983 0.301279 0 
2526 0.384233 0.321823 0 
2527 0.386492 0.336292 0 
2528 0.383706 0.340483 0 
2529 0.392135 0.355381 0 
2530 0.390657 0.362068 0 
2531 0.392226 0.373113 0 
2532 0.380484 0.381284 0 
2533 0.372469 0.397765 0 
2534 0.379141 0.410392 0 
2535 0.390958 0.0795083 0 
2536 0.387161 0.0864109 0 
2537 0.390671 0.093137 0 
2538 0.393878 0.107258 0 
2539 0.392627 0.117354 0 
2540 0.396788 0.144763 0 
2541 0.388487 0.149906 0 
2542 0.387665 0.15629 0 
2543 0.385199 0.16359 0 
2544 0.392967 0.177351 0 
2545 0.398811 0.199702 0 
2546 0.387096 0.200841 0 
2547 0.400295 0.221018 0 
2548 0.382143 0.226232 0 
2549 0.379948 0.23079 0 
2550 0.384267 0.243128 0 
2551 0.39905 0.265771 0 
2552 0.39111 0.271634 0 
2553 0.395085 0.285692 0 
2554 0.392883 0.309802 0 
2555 0.392188 0.319888 0 
2556 0.389168 0.328009 0 
2557 0.396935 0.339841 0 
2558 0.391167 0.345596 0 
2559 0.397099 0.358862 0 
2560 0.399666 0.376689 0 
2561 0.398157 0.379223 0 
2562 0.377075 0.394519 0 
2563 0.390958 0.410392 0 
2564 0.402775 0.0795083 0 
2565 0.391167 0.0847564 0 
2566 0.403391 0.098986 0 
2567 0.411492 0.119323 0 
2568 0.40375 0.12179 0 
2569 0.401982 0.126834 0 
2570 0.409855 0.157854 0 
2571 0.402954 0.163052 0 
2572 0.400462 0.16735 0 
2573 0.40625 0.181123 0 
2574 0.403 0.185137 0 
2575 0.409151 0.214239 0 
2576 0.409203 0.222979 0 
2577 0.39391 0.231589 0 
2578 0.396996 0.23871 0 
2579 0.40863 0.256993 0 
2580 0.411714 0.270414 0 
2581 0.39883 0.270935 0 
2582 0.409873 0.297185 0 
2583 0.400826 0.297898 0 
2584 0.40974 0.316683 0 
2585 0.39589 0.326014 0 
2586 0.39741 0.332948 0 
2587 0.402246 0.344321 0 
2588 0.407486 0.363418 0 
2589 0.404453 0.365771 0 
2590 0.40339 0.383121 0 
2591 0.398447 0.388418 0 
2592 0.402775 0.410392 0 
2593 0.414593 0.0795083 0 
2594 0.414593 0.0913256 0 
2595 0.414593 0.103143 0 
2596 0.414593 0.11496 0 
2597 0.414593 0.126777 0 
2598 0.414593 0.138595 0 
2599 0.414593 0.150412 0 
2600 0.414593 0.162229 0 
2601 0.414593 0.174047 0 
2602 0.414593 0.185864 0 
2603 0.414593 0.197681 0 
2604 0.414593 0.209498 0 
2605 0.414593 0.221316 0 
2606 0.414593 0.233133 0 
2607 0.414593 0.24495 0 
2608 0.414593 0.256767 0 
2609 0.414593 0.268585 0 
2610 0.414593 0.280402 0 
2611 0.414593 0.292219 0 
2612 0.414593 0.304036 0 
2613 0.414593 0.315854 0 
2614 0.414593 0.327671 0 
2615 0.414593 0.339488 0 
2616 0.414593 0.351306 0 
2617 0.414593 0.363123 0 
2618 0.414593 0.37494 0 
2619 0.414593 0.386757 0 
2620 0.414593 0.398575 0 
2621 0.414593 0.410392 0 
