0 -1.90735e-07 -1.90735e-07 0 
1 -1.90735e-07 16.85 0 
2 -1.90735e-07 33.7 0 
3 -1.90735e-07 50.55 0 
4 -1.90735e-07 67.4 0 
5 -1.90735e-07 84.25 0 
6 -1.90735e-07 101.1 0 
7 -1.90735e-07 117.95 0 
8 -1.90735e-07 134.8 0 
9 -1.90735e-07 151.65 0 
10 -1.90735e-07 168.5 0 
11 -1.90735e-07 185.35 0 
12 -1.90735e-07 202.2 0 
13 -1.90735e-07 219.05 0 
14 -1.90735e-07 235.9 0 
15 -1.90735e-07 252.75 0 
16 -1.90735e-07 269.6 0 
17 -1.90735e-07 286.45 0 
18 -1.90735e-07 303.3 0 
19 -1.90735e-07 320.15 0 
20 -1.90735e-07 337 0 
21 -1.90735e-07 353.85 0 
22 -1.90735e-07 370.7 0 
23 -1.90735e-07 387.55 0 
24 -1.90735e-07 404.4 0 
25 -1.90735e-07 421.25 0 
26 -1.90735e-07 438.1 0 
27 -1.90735e-07 454.95 0 
28 -1.90735e-07 471.8 0 
29 -1.90735e-07 488.65 0 
30 -1.90735e-07 505.5 0 
31 -1.90735e-07 522.35 0 
32 -1.90735e-07 539.2 0 
33 -1.90735e-07 556.05 0 
34 -1.90735e-07 572.9 0 
35 -1.90735e-07 589.75 0 
36 -1.90735e-07 606.6 0 
37 -1.90735e-07 623.45 0 
38 -1.90735e-07 640.3 0 
39 -1.90735e-07 657.15 0 
40 -1.90735e-07 674 0 
41 -1.90735e-07 690.85 0 
42 -1.90735e-07 707.7 0 
43 -1.90735e-07 724.55 0 
44 -1.90735e-07 741.4 0 
45 -1.90735e-07 758.25 0 
46 -1.90735e-07 775.1 0 
47 -1.90735e-07 791.95 0 
48 -1.90735e-07 808.8 0 
49 -1.90735e-07 825.65 0 
50 -1.90735e-07 842.5 0 
51 -1.90735e-07 859.35 0 
52 -1.90735e-07 876.2 0 
53 -1.90735e-07 893.05 0 
54 -1.90735e-07 909.9 0 
55 -1.90735e-07 926.75 0 
56 -1.90735e-07 943.6 0 
57 -1.90735e-07 960.45 0 
58 -1.90735e-07 977.3 0 
59 -1.90735e-07 994.15 0 
60 -1.90735e-07 1011.01 0 
61 -1.90735e-07 1027.84 0 
62 16.85 -1.90735e-07 0 
63 16.7214 16.7215 0 
64 16.5927 33.4429 0 
65 16.4641 50.1645 0 
66 16.3353 66.8861 0 
67 16.2064 83.6079 0 
68 16.0774 100.33 0 
69 15.9482 117.052 0 
70 15.819 133.775 0 
71 15.6897 150.498 0 
72 15.5604 167.221 0 
73 15.4311 183.945 0 
74 15.3019 200.671 0 
75 15.1729 217.397 0 
76 15.0443 234.124 0 
77 14.9163 250.853 0 
78 14.789 267.583 0 
79 14.6626 284.315 0 
80 14.5374 301.049 0 
81 14.4138 317.786 0 
82 14.292 334.525 0 
83 14.1724 351.268 0 
84 14.0554 368.015 0 
85 13.9415 384.765 0 
86 13.8311 401.52 0 
87 13.7249 418.28 0 
88 13.6231 435.046 0 
89 13.5267 451.817 0 
90 13.4362 468.595 0 
91 13.352 485.381 0 
92 13.2751 502.173 0 
93 13.2059 518.974 0 
94 13.1452 535.783 0 
95 13.0938 552.601 0 
96 13.0525 569.429 0 
97 13.0216 586.267 0 
98 13.0022 603.115 0 
99 12.9947 619.974 0 
100 12.9998 636.845 0 
101 13.0181 653.727 0 
102 13.0501 670.621 0 
103 13.0963 687.526 0 
104 13.1569 704.444 0 
105 13.2325 721.374 0 
106 13.3232 738.318 0 
107 13.4292 755.271 0 
108 13.5504 772.238 0 
109 13.6868 789.217 0 
110 13.8383 806.207 0 
111 14.0042 823.209 0 
112 14.1845 840.221 0 
113 14.3784 857.242 0 
114 14.5851 874.274 0 
115 14.804 891.315 0 
116 15.034 908.362 0 
117 15.2739 925.419 0 
118 15.5226 942.48 0 
119 15.7789 959.548 0 
120 16.0412 976.62 0 
121 16.3083 993.694 0 
122 16.5785 1010.78 0 
123 16.85 1027.84 0 
124 33.7 -1.90735e-07 0 
125 33.4428 16.5928 0 
126 33.1855 33.1858 0 
127 32.9283 49.7788 0 
128 32.6707 66.372 0 
129 32.4129 82.9655 0 
130 32.1549 99.5599 0 
131 31.8966 116.154 0 
132 31.6381 132.749 0 
133 31.3795 149.345 0 
134 31.1208 165.942 0 
135 30.862 182.54 0 
136 30.6036 199.14 0 
137 30.3455 215.742 0 
138 30.0882 232.346 0 
139 29.8319 248.953 0 
140 29.5769 265.564 0 
141 29.324 282.178 0 
142 29.0733 298.796 0 
143 28.8258 315.419 0 
144 28.5817 332.048 0 
145 28.3422 348.682 0 
146 28.1078 365.326 0 
147 27.8795 381.976 0 
148 27.6582 398.636 0 
149 27.4451 415.306 0 
150 27.2412 431.986 0 
151 27.0476 448.678 0 
152 26.8658 465.384 0 
153 26.6968 482.104 0 
154 26.5422 498.838 0 
155 26.4032 515.588 0 
156 26.2813 532.356 0 
157 26.1778 549.142 0 
158 26.0942 565.948 0 
159 26.0319 582.773 0 
160 25.9924 599.619 0 
161 25.9768 616.487 0 
162 25.9864 633.378 0 
163 26.0224 650.291 0 
164 26.0859 667.23 0 
165 26.1779 684.191 0 
166 26.299 701.177 0 
167 26.4499 718.187 0 
168 26.6312 735.222 0 
169 26.8431 752.282 0 
170 27.0856 769.366 0 
171 27.3587 786.473 0 
172 27.6617 803.603 0 
173 27.9943 820.756 0 
174 28.3555 837.93 0 
175 28.7439 855.126 0 
176 29.1583 872.339 0 
177 29.5969 889.57 0 
178 30.0579 906.818 0 
179 30.539 924.081 0 
180 31.0377 941.356 0 
181 31.5516 958.642 0 
182 32.0778 975.936 0 
183 32.6133 993.237 0 
184 33.1555 1010.55 0 
185 33.7 1027.84 0 
186 50.55 -1.90735e-07 0 
187 50.1643 16.4642 0 
188 49.7786 32.9285 0 
189 49.3926 49.393 0 
190 49.0063 65.8577 0 
191 48.6196 82.3228 0 
192 48.2326 98.7882 0 
193 47.8452 115.255 0 
194 47.4575 131.722 0 
195 47.0693 148.191 0 
196 46.6811 164.662 0 
197 46.2928 181.133 0 
198 45.9048 197.608 0 
199 45.5174 214.086 0 
200 45.131 230.566 0 
201 44.746 247.051 0 
202 44.3631 263.54 0 
203 43.9829 280.036 0 
204 43.6063 296.537 0 
205 43.234 313.046 0 
206 42.8671 329.563 0 
207 42.5067 346.09 0 
208 42.154 362.628 0 
209 41.8103 379.178 0 
210 41.4772 395.742 0 
211 41.156 412.32 0 
212 40.8488 428.914 0 
213 40.5569 445.526 0 
214 40.2824 462.158 0 
215 40.0274 478.811 0 
216 39.7937 495.486 0 
217 39.5834 512.186 0 
218 39.3988 528.912 0 
219 39.2418 545.665 0 
220 39.1148 562.446 0 
221 39.0197 579.258 0 
222 38.9586 596.101 0 
223 38.9336 612.977 0 
224 38.9466 629.888 0 
225 38.9993 646.833 0 
226 39.0934 663.814 0 
227 39.2303 680.831 0 
228 39.4111 697.884 0 
229 39.637 714.975 0 
230 39.9086 732.102 0 
231 40.2263 749.267 0 
232 40.5904 766.468 0 
233 41.0004 783.705 0 
234 41.4559 800.977 0 
235 41.9558 818.282 0 
236 42.4989 835.62 0 
237 43.0834 852.989 0 
238 43.7071 870.387 0 
239 44.3675 887.811 0 
240 45.0617 905.26 0 
241 45.7863 922.73 0 
242 46.5377 940.22 0 
243 47.3121 957.727 0 
244 48.105 975.245 0 
245 48.9122 992.775 0 
246 49.7293 1010.31 0 
247 50.55 1027.84 0 
248 67.4 -1.90735e-07 0 
249 66.8859 16.3355 0 
250 66.3717 32.671 0 
251 65.8572 49.0068 0 
252 65.3423 65.3429 0 
253 64.8268 81.6796 0 
254 64.3108 98.0169 0 
255 63.7941 114.355 0 
256 63.2769 130.695 0 
257 62.7593 147.036 0 
258 62.2413 163.379 0 
259 61.7233 179.724 0 
260 61.2054 196.073 0 
261 60.6882 212.425 0 
262 60.1722 228.782 0 
263 59.6581 245.144 0 
264 59.1466 261.512 0 
265 58.6384 277.887 0 
266 58.1348 294.271 0 
267 57.6369 310.664 0 
268 57.146 327.069 0 
269 56.6635 343.486 0 
270 56.1912 359.919 0 
271 55.7307 376.366 0 
272 55.2841 392.832 0 
273 54.8533 409.317 0 
274 54.4408 425.824 0 
275 54.0488 442.354 0 
276 53.6799 458.911 0 
277 53.3366 475.496 0 
278 53.0217 492.111 0 
279 52.7381 508.757 0 
280 52.4885 525.44 0 
281 52.276 542.158 0 
282 52.1032 558.914 0 
283 51.9732 575.711 0 
284 51.8888 592.551 0 
285 51.8525 609.434 0 
286 51.8671 626.363 0 
287 51.9348 643.338 0 
288 52.0581 660.362 0 
289 52.2387 677.433 0 
290 52.4783 694.555 0 
291 52.7784 711.726 0 
292 53.1399 728.946 0 
293 53.5634 746.216 0 
294 54.0491 763.536 0 
295 54.5968 780.903 0 
296 55.2056 798.317 0 
297 55.8743 815.777 0 
298 56.6012 833.279 0 
299 57.3837 850.824 0 
300 58.2193 868.407 0 
301 59.1044 886.027 0 
302 60.035 903.679 0 
303 61.0068 921.361 0 
304 62.0149 939.069 0 
305 63.0538 956.798 0 
306 64.118 974.545 0 
307 65.2014 992.306 0 
308 66.2983 1010.08 0 
309 67.4 1027.84 0 
310 84.25 -1.90735e-07 0 
311 83.6077 16.2066 0 
312 82.9651 32.4134 0 
313 82.3222 48.6203 0 
314 81.6788 64.8276 0 
315 81.0345 81.0356 0 
316 80.3895 97.2444 0 
317 79.7437 113.455 0 
318 79.0971 129.665 0 
319 78.4496 145.878 0 
320 77.8017 162.094 0 
321 77.1535 178.312 0 
322 76.5054 194.534 0 
323 75.8579 210.761 0 
324 75.2118 226.992 0 
325 74.5676 243.231 0 
326 73.9265 259.476 0 
327 73.2894 275.73 0 
328 72.6577 291.996 0 
329 72.0329 308.273 0 
330 71.4164 324.563 0 
331 70.8103 340.87 0 
332 70.2165 357.194 0 
333 69.6373 373.537 0 
334 69.0751 389.903 0 
335 68.5325 406.293 0 
336 68.0123 422.71 0 
337 67.5176 439.158 0 
338 67.0515 455.636 0 
339 66.6174 472.151 0 
340 66.2186 488.703 0 
341 65.8587 505.296 0 
342 65.5414 521.931 0 
343 65.2703 538.613 0 
344 65.049 555.342 0 
345 64.8813 572.123 0 
346 64.7707 588.957 0 
347 64.7206 605.846 0 
348 64.7343 622.792 0 
349 64.815 639.796 0 
350 64.9654 656.862 0 
351 65.188 673.987 0 
352 65.485 691.176 0 
353 65.8584 708.427 0 
354 66.3091 725.74 0 
355 66.8382 743.116 0 
356 67.4458 760.555 0 
357 68.1318 778.053 0 
358 68.8953 795.611 0 
359 69.7345 813.226 0 
360 70.6474 830.897 0 
361 71.6311 848.62 0 
362 72.6819 866.392 0 
363 73.7956 884.21 0 
364 74.9672 902.069 0 
365 76.1911 919.965 0 
366 77.461 937.895 0 
367 78.7704 955.852 0 
368 80.1119 973.832 0 
369 81.4777 991.828 0 
370 82.8608 1009.84 0 
371 84.25 1027.84 0 
372 101.1 -1.90735e-07 0 
373 100.33 16.0776 0 
374 99.5594 32.1554 0 
375 98.7875 48.2334 0 
376 98.0159 64.3118 0 
377 97.2431 80.3908 0 
378 96.4691 96.4707 0 
379 95.6941 112.552 0 
380 94.9179 128.635 0 
381 94.1405 144.719 0 
382 93.3624 160.805 0 
383 92.5836 176.897 0 
384 91.8047 192.991 0 
385 91.0264 209.09 0 
386 90.2492 225.197 0 
387 89.4742 241.309 0 
388 88.7024 257.431 0 
389 87.9351 273.563 0 
390 87.1738 289.708 0 
391 86.4203 305.866 0 
392 85.6765 322.041 0 
393 84.9448 338.234 0 
394 84.2273 354.448 0 
395 83.5269 370.685 0 
396 82.8464 386.949 0 
397 82.1891 403.242 0 
398 81.5583 419.567 0 
399 80.9578 435.928 0 
400 80.3912 452.327 0 
401 79.8628 468.769 0 
402 79.3765 485.255 0 
403 78.9368 501.789 0 
404 78.548 518.377 0 
405 78.2147 535.019 0 
406 77.9413 551.719 0 
407 77.7323 568.481 0 
408 77.592 585.307 0 
409 77.5248 602.2 0 
410 77.5346 619.161 0 
411 77.6254 636.194 0 
412 77.8004 653.3 0 
413 78.0629 670.479 0 
414 78.4157 687.735 0 
415 78.8608 705.065 0 
416 79.4 722.473 0 
417 80.0344 739.955 0 
418 80.7644 757.513 0 
419 81.5896 775.144 0 
420 82.5092 792.848 0 
421 83.5212 810.622 0 
422 84.6232 828.462 0 
423 85.8114 846.367 0 
424 87.0817 864.331 0 
425 88.4289 882.35 0 
426 89.8471 900.421 0 
427 91.3292 918.538 0 
428 92.868 936.694 0 
429 94.4548 954.883 0 
430 96.0813 973.101 0 
431 97.738 991.339 0 
432 99.4148 1009.6 0 
433 101.1 1027.84 0 
434 117.95 -1.90735e-07 0 
435 117.052 15.9485 0 
436 116.154 31.8972 0 
437 115.254 47.8461 0 
438 114.354 63.7953 0 
439 113.452 79.7452 0 
440 112.55 95.6959 0 
441 111.645 111.648 0 
442 110.74 127.601 0 
443 109.832 143.556 0 
444 108.923 159.515 0 
445 108.014 175.476 0 
446 107.104 191.442 0 
447 106.193 207.415 0 
448 105.284 223.393 0 
449 104.377 239.379 0 
450 103.473 255.376 0 
451 102.575 271.384 0 
452 101.682 287.406 0 
453 100.798 303.444 0 
454 99.9245 319.501 0 
455 99.0651 335.578 0 
456 98.2206 351.679 0 
457 97.3963 367.808 0 
458 96.5948 383.966 0 
459 95.8189 400.159 0 
460 95.0744 416.388 0 
461 94.3635 432.659 0 
462 93.6926 448.975 0 
463 93.0661 465.34 0 
464 92.4877 481.757 0 
465 91.9641 498.232 0 
466 91.499 514.768 0 
467 91.0993 531.367 0 
468 90.7688 548.035 0 
469 90.5142 564.776 0 
470 90.3402 581.59 0 
471 90.2522 598.484 0 
472 90.2545 615.46 0 
473 90.3512 632.519 0 
474 90.5479 649.664 0 
475 90.8479 666.895 0 
476 91.2543 684.217 0 
477 91.7695 701.627 0 
478 92.3957 719.128 0 
479 93.1352 736.718 0 
480 93.9871 754.398 0 
481 94.9528 772.164 0 
482 96.0311 790.015 0 
483 97.2181 807.95 0 
484 98.5125 825.964 0 
485 99.9091 844.053 0 
486 101.404 862.214 0 
487 102.992 880.441 0 
488 104.663 898.728 0 
489 106.411 917.07 0 
490 108.226 935.458 0 
491 110.1 953.887 0 
492 112.021 972.349 0 
493 113.977 990.835 0 
494 115.959 1009.35 0 
495 117.95 1027.84 0 
496 134.8 -1.90735e-07 0 
497 133.775 15.8194 0 
498 132.749 31.6388 0 
499 131.721 47.4584 0 
500 130.694 63.2783 0 
501 129.663 79.0988 0 
502 128.633 94.9199 0 
503 127.599 110.742 0 
504 126.563 126.566 0 
505 125.525 142.391 0 
506 124.485 158.22 0 
507 123.445 174.052 0 
508 122.403 189.889 0 
509 121.36 205.731 0 
510 120.317 221.582 0 
511 119.277 237.441 0 
512 118.24 253.309 0 
513 117.207 269.192 0 
514 116.182 285.088 0 
515 115.165 301.003 0 
516 114.159 316.939 0 
517 113.169 332.898 0 
518 112.196 348.884 0 
519 111.243 364.9 0 
520 110.316 380.95 0 
521 109.418 397.038 0 
522 108.556 413.169 0 
523 107.73 429.346 0 
524 106.951 445.575 0 
525 106.221 461.859 0 
526 105.545 478.204 0 
527 104.931 494.613 0 
528 104.386 511.093 0 
529 103.914 527.647 0 
530 103.521 544.279 0 
531 103.216 560.994 0 
532 103.003 577.796 0 
533 102.889 594.688 0 
534 102.879 611.674 0 
535 102.979 628.757 0 
536 103.192 645.94 0 
537 103.526 663.223 0 
538 103.982 680.609 0 
539 104.566 698.1 0 
540 105.279 715.694 0 
541 106.122 733.393 0 
542 107.097 751.194 0 
543 108.205 769.098 0 
544 109.442 787.1 0 
545 110.808 805.199 0 
546 112.299 823.39 0 
547 113.91 841.669 0 
548 115.635 860.032 0 
549 117.469 878.47 0 
550 119.402 896.981 0 
551 121.425 915.554 0 
552 123.527 934.182 0 
553 125.698 952.858 0 
554 127.924 971.573 0 
555 130.193 990.315 0 
556 132.491 1009.08 0 
557 134.8 1027.84 0 
558 151.65 -1.90735e-07 0 
559 150.498 15.6902 0 
560 149.345 31.3802 0 
561 148.19 47.0705 0 
562 147.034 62.7609 0 
563 145.876 78.4515 0 
564 144.716 94.1429 0 
565 143.554 109.835 0 
566 142.388 125.528 0 
567 141.221 141.224 0 
568 140.049 156.921 0 
569 138.876 172.623 0 
570 137.701 188.329 0 
571 136.525 204.042 0 
572 135.35 219.761 0 
573 134.174 235.49 0 
574 133.002 251.23 0 
575 131.834 266.984 0 
576 130.672 282.753 0 
577 129.52 298.543 0 
578 128.38 314.354 0 
579 127.255 330.191 0 
580 126.148 346.057 0 
581 125.065 361.957 0 
582 124.008 377.894 0 
583 122.984 393.874 0 
584 121.997 409.902 0 
585 121.054 425.982 0 
586 120.158 442.118 0 
587 119.319 458.317 0 
588 118.541 474.585 0 
589 117.832 490.925 0 
590 117.198 507.345 0 
591 116.649 523.848 0 
592 116.188 540.44 0 
593 115.825 557.126 0 
594 115.567 573.91 0 
595 115.421 590.799 0 
596 115.393 607.793 0 
597 115.49 624.897 0 
598 115.718 642.114 0 
599 116.081 659.448 0 
600 116.585 676.898 0 
601 117.234 694.468 0 
602 118.032 712.156 0 
603 118.978 729.964 0 
604 120.076 747.89 0 
605 121.325 765.932 0 
606 122.725 784.088 0 
607 124.273 802.355 0 
608 125.965 820.728 0 
609 127.796 839.202 0 
610 129.759 857.772 0 
611 131.847 876.43 0 
612 134.051 895.17 0 
613 136.36 913.983 0 
614 138.76 932.859 0 
615 141.24 951.791 0 
616 143.785 970.767 0 
617 146.379 989.776 0 
618 149.008 1008.82 0 
619 151.65 1027.84 0 
620 168.5 -1.90735e-07 0 
621 167.221 15.5608 0 
622 165.941 31.1216 0 
623 164.66 46.6824 0 
624 163.377 62.243 0 
625 162.091 77.8038 0 
626 160.803 93.3649 0 
627 159.512 108.926 0 
628 158.217 124.49 0 
629 156.918 140.053 0 
630 155.616 155.62 0 
631 154.31 171.19 0 
632 153.002 186.764 0 
633 151.692 202.343 0 
634 150.38 217.932 0 
635 149.069 233.528 0 
636 147.759 249.137 0 
637 146.454 264.759 0 
638 145.155 280.4 0 
639 143.864 296.059 0 
640 142.585 311.743 0 
641 141.323 327.455 0 
642 140.079 343.197 0 
643 138.859 358.977 0 
644 137.669 374.798 0 
645 136.512 390.665 0 
646 135.396 406.584 0 
647 134.327 422.559 0 
648 133.311 438.599 0 
649 132.356 454.709 0 
650 131.468 470.893 0 
651 130.656 487.158 0 
652 129.928 503.513 0 
653 129.292 519.96 0 
654 128.756 536.507 0 
655 128.33 553.16 0 
656 128.02 569.923 0 
657 127.835 586.802 0 
658 127.783 603.8 0 
659 127.871 620.923 0 
660 128.106 638.173 0 
661 128.495 655.555 0 
662 129.043 673.069 0 
663 129.754 690.717 0 
664 130.633 708.5 0 
665 131.682 726.418 0 
666 132.903 744.469 0 
667 134.296 762.653 0 
668 135.86 780.966 0 
669 137.594 799.405 0 
670 139.492 817.964 0 
671 141.549 836.64 0 
672 143.758 855.423 0 
673 146.111 874.309 0 
674 148.596 893.287 0 
675 151.202 912.348 0 
676 153.913 931.483 0 
677 156.717 950.679 0 
678 159.597 969.927 0 
679 162.533 989.214 0 
680 165.509 1008.53 0 
681 168.5 1027.84 0 
682 185.35 -1.90735e-07 0 
683 183.945 15.4315 0 
684 182.539 30.863 0 
685 181.132 46.2942 0 
686 179.723 61.7251 0 
687 178.31 77.1558 0 
688 176.894 92.5864 0 
689 175.473 108.017 0 
690 174.049 123.448 0 
691 172.619 138.88 0 
692 171.185 154.315 0 
693 169.746 169.752 0 
694 168.304 185.192 0 
695 166.858 200.639 0 
696 165.41 216.093 0 
697 163.961 231.555 0 
698 162.513 247.029 0 
699 161.068 262.518 0 
700 159.627 278.024 0 
701 158.195 293.552 0 
702 156.775 309.104 0 
703 155.371 324.686 0 
704 153.985 340.301 0 
705 152.625 355.956 0 
706 151.295 371.654 0 
707 150 387.403 0 
708 148.749 403.207 0 
709 147.548 419.075 0 
710 146.404 435.011 0 
711 145.325 451.023 0 
712 144.319 467.119 0 
713 143.396 483.304 0 
714 142.565 499.586 0 
715 141.836 515.972 0 
716 141.216 532.469 0 
717 140.717 549.083 0 
718 140.347 565.819 0 
719 140.116 582.684 0 
720 140.033 599.683 0 
721 140.105 616.822 0 
722 140.342 634.102 0 
723 140.751 651.529 0 
724 141.337 669.105 0 
725 142.107 686.831 0 
726 143.065 704.709 0 
727 144.214 722.737 0 
728 145.558 740.917 0 
729 147.096 759.245 0 
730 148.827 777.719 0 
731 150.75 796.333 0 
732 152.859 815.086 0 
733 155.149 833.968 0 
734 157.613 852.973 0 
735 160.241 872.094 0 
736 163.02 891.319 0 
737 165.937 910.64 0 
738 168.976 930.043 0 
739 172.12 949.518 0 
740 175.351 969.05 0 
741 178.647 988.626 0 
742 181.99 1008.24 0 
743 185.35 1027.84 0 
744 202.2 -1.90735e-07 0 
745 200.671 15.3024 0 
746 199.139 30.6046 0 
747 197.606 45.9063 0 
748 196.071 61.2074 0 
749 194.532 76.508 0 
750 192.987 91.8078 0 
751 191.439 107.107 0 
752 189.884 122.406 0 
753 188.325 137.707 0 
754 186.759 153.007 0 
755 185.187 168.31 0 
756 183.609 183.615 0 
757 182.027 198.926 0 
758 180.442 214.244 0 
759 178.853 229.57 0 
760 177.264 244.908 0 
761 175.676 260.259 0 
762 174.092 275.629 0 
763 172.515 291.021 0 
764 170.95 306.437 0 
765 169.398 321.884 0 
766 167.867 337.367 0 
767 166.36 352.89 0 
768 164.885 368.461 0 
769 163.446 384.085 0 
770 162.052 399.769 0 
771 160.711 415.521 0 
772 159.431 431.347 0 
773 158.219 447.256 0 
774 157.088 463.255 0 
775 156.045 479.353 0 
776 155.103 495.557 0 
777 154.269 511.875 0 
778 153.556 528.313 0 
779 152.975 544.882 0 
780 152.536 561.586 0 
781 152.25 578.434 0 
782 152.126 595.429 0 
783 152.175 612.578 0 
784 152.406 629.885 0 
785 152.828 647.356 0 
786 153.448 664.991 0 
787 154.271 682.794 0 
788 155.306 700.766 0 
789 156.553 718.907 0 
790 158.019 737.215 0 
791 159.702 755.69 0 
792 161.603 774.329 0 
793 163.719 793.126 0 
794 166.045 812.077 0 
795 168.577 831.173 0 
796 171.306 850.409 0 
797 174.22 869.774 0 
798 177.306 889.257 0 
799 180.55 908.848 0 
800 183.933 928.533 0 
801 187.437 948.298 0 
802 191.039 968.128 0 
803 194.717 988.008 0 
804 198.449 1007.93 0 
805 202.2 1027.84 0 
806 219.05 -1.90735e-07 0 
807 217.396 15.1734 0 
808 215.741 30.3466 0 
809 214.083 45.519 0 
810 212.423 60.6905 0 
811 210.758 75.8607 0 
812 209.087 91.0296 0 
813 207.41 106.197 0 
814 205.727 121.364 0 
815 204.036 136.53 0 
816 202.338 151.697 0 
817 200.633 166.865 0 
818 198.92 182.034 0 
819 197.2 197.207 0 
820 195.475 212.387 0 
821 193.745 227.574 0 
822 192.013 242.772 0 
823 190.281 257.984 0 
824 188.549 273.212 0 
825 186.824 288.463 0 
826 185.109 303.739 0 
827 183.407 319.046 0 
828 181.724 334.391 0 
829 180.065 349.777 0 
830 178.437 365.213 0 
831 176.847 380.706 0 
832 175.303 396.263 0 
833 173.813 411.892 0 
834 172.388 427.6 0 
835 171.036 443.398 0 
836 169.767 459.293 0 
837 168.595 475.296 0 
838 167.529 491.413 0 
839 166.581 507.654 0 
840 165.764 524.03 0 
841 165.091 540.546 0 
842 164.572 557.212 0 
843 164.22 574.033 0 
844 164.047 591.02 0 
845 164.063 608.175 0 
846 164.28 625.506 0 
847 164.707 643.015 0 
848 165.353 660.709 0 
849 166.225 678.588 0 
850 167.332 696.654 0 
851 168.675 714.908 0 
852 170.261 733.347 0 
853 172.09 751.973 0 
854 174.162 770.781 0 
855 176.476 789.764 0 
856 179.027 808.92 0 
857 181.809 828.24 0 
858 184.812 847.716 0 
859 188.026 867.335 0 
860 191.435 887.088 0 
861 195.022 906.962 0 
862 198.77 926.942 0 
863 202.654 947.013 0 
864 206.652 967.156 0 
865 210.737 987.357 0 
866 214.881 1007.6 0 
867 219.05 1027.84 0 
868 235.9 -1.90735e-07 0 
869 234.124 15.045 0 
870 232.345 30.0894 0 
871 230.564 45.1327 0 
872 228.78 60.1746 0 
873 226.989 75.2147 0 
874 225.192 90.2528 0 
875 223.389 105.289 0 
876 221.576 120.323 0 
877 219.756 135.355 0 
878 217.925 150.385 0 
879 216.085 165.416 0 
880 214.236 180.448 0 
881 212.378 195.483 0 
882 210.513 210.522 0 
883 208.64 225.567 0 
884 206.763 240.621 0 
885 204.882 255.69 0 
886 203.002 270.774 0 
887 201.125 285.879 0 
888 199.255 301.01 0 
889 197.397 316.172 0 
890 195.556 331.372 0 
891 193.738 346.615 0 
892 191.951 361.909 0 
893 190.202 377.264 0 
894 188.499 392.685 0 
895 186.852 408.182 0 
896 185.271 423.764 0 
897 183.768 439.443 0 
898 182.353 455.225 0 
899 181.038 471.123 0 
900 179.837 487.145 0 
901 178.763 503.303 0 
902 177.83 519.604 0 
903 177.052 536.061 0 
904 176.441 552.68 0 
905 176.012 569.471 0 
906 175.778 586.441 0 
907 175.751 603.598 0 
908 175.944 620.946 0 
909 176.368 638.493 0 
910 177.033 656.242 0 
911 177.947 674.194 0 
912 179.12 692.354 0 
913 180.556 710.721 0 
914 182.26 729.295 0 
915 184.235 748.075 0 
916 186.481 767.055 0 
917 188.997 786.232 0 
918 191.778 805.601 0 
919 194.818 825.152 0 
920 198.109 844.876 0 
921 201.635 864.763 0 
922 205.384 884.799 0 
923 209.336 904.971 0 
924 213.469 925.261 0 
925 217.759 945.654 0 
926 222.178 966.129 0 
927 226.697 986.667 0 
928 231.285 1007.26 0 
929 235.9 1027.84 0 
930 252.75 -1.90735e-07 0 
931 250.852 14.9169 0 
932 248.952 29.8332 0 
933 247.049 44.7479 0 
934 245.141 59.6606 0 
935 243.228 74.5707 0 
936 241.306 89.4779 0 
937 239.375 104.381 0 
938 237.435 119.283 0 
939 235.484 134.18 0 
940 233.522 149.075 0 
941 231.548 163.968 0 
942 229.562 178.861 0 
943 227.566 193.754 0 
944 225.558 208.65 0 
945 223.541 223.55 0 
946 221.515 238.46 0 
947 219.485 253.38 0 
948 217.451 268.314 0 
949 215.418 283.27 0 
950 213.389 298.249 0 
951 211.369 313.261 0 
952 209.365 328.308 0 
953 207.382 343.402 0 
954 205.428 358.547 0 
955 203.511 373.754 0 
956 201.64 389.03 0 
957 199.825 404.387 0 
958 198.078 419.834 0 
959 196.411 435.382 0 
960 194.835 451.042 0 
961 193.367 466.825 0 
962 192.018 482.742 0 
963 190.805 498.805 0 
964 189.741 515.025 0 
965 188.844 531.412 0 
966 188.129 547.976 0 
967 187.609 564.728 0 
968 187.301 581.676 0 
969 187.219 598.828 0 
970 187.377 616.19 0 
971 187.787 633.768 0 
972 188.463 651.569 0 
973 189.412 669.594 0 
974 190.644 687.847 0 
975 192.168 706.329 0 
976 193.987 725.037 0 
977 196.108 743.974 0 
978 198.53 763.133 0 
979 201.252 782.509 0 
980 204.271 802.097 0 
981 207.579 821.89 0 
982 211.168 841.875 0 
983 215.024 862.041 0 
984 219.131 882.375 0 
985 223.469 902.859 0 
986 228.012 923.478 0 
987 232.735 944.211 0 
988 237.605 965.038 0 
989 242.589 985.936 0 
990 247.654 1006.89 0 
991 252.75 1027.84 0 
992 269.6 -1.90735e-07 0 
993 267.582 14.7896 0 
994 265.562 29.5784 0 
995 263.538 44.3652 0 
996 261.509 59.1492 0 
997 259.472 73.9298 0 
998 257.427 88.7064 0 
999 255.371 103.479 0 
1000 253.304 118.246 0 
1001 251.223 133.008 0 
1002 249.13 147.767 0 
1003 247.022 162.521 0 
1004 244.9 177.272 0 
1005 242.762 192.022 0 
1006 240.612 206.773 0 
1007 238.449 221.526 0 
1008 236.273 236.285 0 
1009 234.09 251.054 0 
1010 231.899 265.835 0 
1011 229.706 280.635 0 
1012 227.513 295.459 0 
1013 225.327 310.312 0 
1014 223.152 325.201 0 
1015 220.996 340.136 0 
1016 218.867 355.124 0 
1017 216.773 370.174 0 
1018 214.723 385.296 0 
1019 212.73 400.503 0 
1020 210.805 415.803 0 
1021 208.961 431.21 0 
1022 207.213 446.735 0 
1023 205.576 462.392 0 
1024 204.064 478.194 0 
1025 202.695 494.151 0 
1026 201.488 510.277 0 
1027 200.456 526.586 0 
1028 199.62 543.086 0 
1029 198.995 559.79 0 
1030 198.598 576.707 0 
1031 198.448 593.847 0 
1032 198.558 611.217 0 
1033 198.942 628.823 0 
1034 199.616 646.672 0 
1035 200.591 664.767 0 
1036 201.877 683.111 0 
1037 203.483 701.708 0 
1038 205.416 720.554 0 
1039 207.681 739.65 0 
1040 210.278 758.992 0 
1041 213.21 778.574 0 
1042 216.472 798.392 0 
1043 220.059 818.435 0 
1044 223.96 838.693 0 
1045 228.163 859.153 0 
1046 232.648 879.799 0 
1047 237.394 900.615 0 
1048 242.376 921.582 0 
1049 247.562 942.677 0 
1050 252.918 963.876 0 
1051 258.405 985.156 0 
1052 263.984 1006.5 0 
1053 269.6 1027.84 0 
1054 286.45 -1.90735e-07 0 
1055 284.315 14.6633 0 
1056 282.176 29.3254 0 
1057 280.034 43.985 0 
1058 277.885 58.6413 0 
1059 275.727 73.2929 0 
1060 273.559 87.9392 0 
1061 271.379 102.579 0 
1062 269.186 117.214 0 
1063 266.977 131.841 0 
1064 264.752 146.461 0 
1065 262.511 161.075 0 
1066 260.251 175.685 0 
1067 257.973 190.29 0 
1068 255.679 204.893 0 
1069 253.368 219.496 0 
1070 251.041 234.103 0 
1071 248.702 248.715 0 
1072 246.351 263.338 0 
1073 243.993 277.977 0 
1074 241.632 292.637 0 
1075 239.272 307.326 0 
1076 236.921 322.049 0 
1077 234.584 336.817 0 
1078 232.271 351.637 0 
1079 229.989 366.521 0 
1080 227.751 381.479 0 
1081 225.566 396.523 0 
1082 223.451 411.665 0 
1083 221.417 426.918 0 
1084 219.48 442.297 0 
1085 217.658 457.816 0 
1086 215.968 473.488 0 
1087 214.427 489.327 0 
1088 213.056 505.35 0 
1089 211.873 521.567 0 
1090 210.898 537.993 0 
1091 210.151 554.639 0 
1092 209.65 571.516 0 
1093 209.416 588.636 0 
1094 209.462 606.007 0 
1095 209.809 623.635 0 
1096 210.471 641.528 0 
1097 211.461 659.69 0 
1098 212.791 678.126 0 
1099 214.471 696.836 0 
1100 216.512 715.821 0 
1101 218.919 735.079 0 
1102 221.693 754.609 0 
1103 224.838 774.405 0 
1104 228.351 794.46 0 
1105 232.225 814.765 0 
1106 236.452 835.308 0 
1107 241.017 856.077 0 
1108 245.902 877.054 0 
1109 251.085 898.221 0 
1110 256.535 919.556 0 
1111 262.22 941.036 0 
1112 268.1 962.633 0 
1113 274.131 984.322 0 
1114 280.269 1006.08 0 
1115 286.45 1027.84 0 
1116 303.3 -1.90735e-07 0 
1117 301.049 14.5381 0 
1118 298.795 29.0748 0 
1119 296.535 43.6085 0 
1120 294.268 58.1378 0 
1121 291.992 72.6614 0 
1122 289.704 87.1782 0 
1123 287.401 101.687 0 
1124 285.083 116.188 0 
1125 282.747 130.68 0 
1126 280.392 145.162 0 
1127 278.017 159.636 0 
1128 275.62 174.102 0 
1129 273.202 188.56 0 
1130 270.762 203.013 0 
1131 268.302 217.463 0 
1132 265.822 231.912 0 
1133 263.324 246.366 0 
1134 260.81 260.825 0 
1135 258.284 275.297 0 
1136 255.748 289.789 0 
1137 253.21 304.304 0 
1138 250.675 318.853 0 
1139 248.149 333.446 0 
1140 245.642 348.089 0 
1141 243.163 362.794 0 
1142 240.724 377.576 0 
1143 238.336 392.445 0 
1144 236.014 407.415 0 
1145 233.774 422.502 0 
1146 231.633 437.72 0 
1147 229.609 453.086 0 
1148 227.72 468.614 0 
1149 225.989 484.322 0 
1150 224.435 500.226 0 
1151 223.081 516.339 0 
1152 221.949 532.678 0 
1153 221.061 549.255 0 
1154 220.438 566.084 0 
1155 220.1 583.174 0 
1156 220.069 600.538 0 
1157 220.362 618.182 0 
1158 220.997 636.115 0 
1159 221.989 654.341 0 
1160 223.353 672.864 0 
1161 225.102 691.688 0 
1162 227.243 710.813 0 
1163 229.787 730.239 0 
1164 232.738 749.962 0 
1165 236.098 769.977 0 
1166 239.867 790.279 0 
1167 244.038 810.856 0 
1168 248.604 831.699 0 
1169 253.552 852.792 0 
1170 258.861 874.118 0 
1171 264.508 895.658 0 
1172 270.461 917.386 0 
1173 276.682 939.277 0 
1174 283.131 961.301 0 
1175 289.754 983.427 0 
1176 296.502 1005.63 0 
1177 303.3 1027.84 0 
1178 320.15 -1.90735e-07 0 
1179 317.785 14.4146 0 
1180 315.418 28.8272 0 
1181 313.044 43.2362 0 
1182 310.661 57.64 0 
1183 308.269 72.0367 0 
1184 305.862 86.4249 0 
1185 303.439 100.804 0 
1186 300.997 115.171 0 
1187 298.535 129.528 0 
1188 296.051 143.872 0 
1189 293.543 158.204 0 
1190 291.01 172.526 0 
1191 288.451 186.836 0 
1192 285.867 201.137 0 
1193 283.257 215.431 0 
1194 280.622 229.719 0 
1195 277.962 244.008 0 
1196 275.281 258.3 0 
1197 272.582 272.599 0 
1198 269.869 286.914 0 
1199 267.145 301.25 0 
1200 264.419 315.616 0 
1201 261.696 330.021 0 
1202 258.985 344.477 0 
1203 256.298 358.994 0 
1204 253.644 373.585 0 
1205 251.039 388.265 0 
1206 248.497 403.05 0 
1207 246.034 417.954 0 
1208 243.669 432.996 0 
1209 241.423 448.192 0 
1210 239.316 463.562 0 
1211 237.373 479.123 0 
1212 235.615 494.891 0 
1213 234.068 510.887 0 
1214 232.757 527.125 0 
1215 231.705 543.621 0 
1216 230.939 560.388 0 
1217 230.479 577.44 0 
1218 230.35 594.788 0 
1219 230.572 612.441 0 
1220 231.164 630.408 0 
1221 232.146 648.693 0 
1222 233.532 667.303 0 
1223 235.337 686.241 0 
1224 237.573 705.507 0 
1225 240.25 725.101 0 
1226 243.374 745.022 0 
1227 246.95 765.263 0 
1228 250.979 785.82 0 
1229 255.457 806.682 0 
1230 260.377 827.84 0 
1231 265.724 849.276 0 
1232 271.482 870.971 0 
1233 277.623 892.906 0 
1234 284.116 915.054 0 
1235 290.92 937.384 0 
1236 297.986 959.866 0 
1237 305.256 982.463 0 
1238 312.673 1005.14 0 
1239 320.15 1027.84 0 
1240 337 -1.90735e-07 0 
1241 334.524 14.2928 0 
1242 332.046 28.5833 0 
1243 329.561 42.8694 0 
1244 327.066 57.1492 0 
1245 324.559 71.4204 0 
1246 322.036 85.6814 0 
1247 319.495 99.9307 0 
1248 316.932 114.166 0 
1249 314.347 128.388 0 
1250 311.734 142.594 0 
1251 309.096 156.785 0 
1252 306.427 170.96 0 
1253 303.728 185.121 0 
1254 300.998 199.267 0 
1255 298.237 213.402 0 
1256 295.444 227.528 0 
1257 292.622 241.647 0 
1258 289.772 255.765 0 
1259 286.896 269.887 0 
1260 283.998 284.018 0 
1261 281.084 298.166 0 
1262 278.16 312.339 0 
1263 275.23 326.548 0 
1264 272.307 340.803 0 
1265 269.398 355.118 0 
1266 266.518 369.506 0 
1267 263.68 383.982 0 
1268 260.899 398.563 0 
1269 258.195 413.268 0 
1270 255.587 428.116 0 
1271 253.097 443.126 0 
1272 250.75 458.319 0 
1273 248.57 473.714 0 
1274 246.585 489.332 0 
1275 244.82 505.193 0 
1276 243.305 521.314 0 
1277 242.066 537.715 0 
1278 241.132 554.409 0 
1279 240.528 571.41 0 
1280 240.28 588.733 0 
1281 240.411 606.387 0 
1282 240.943 624.381 0 
1283 241.898 642.721 0 
1284 243.292 661.414 0 
1285 245.141 680.464 0 
1286 247.461 699.871 0 
1287 250.264 719.637 0 
1288 253.558 739.759 0 
1289 257.35 760.234 0 
1290 261.642 781.055 0 
1291 266.435 802.216 0 
1292 271.72 823.701 0 
1293 277.487 845.498 0 
1294 283.718 867.586 0 
1295 290.387 889.941 0 
1296 297.461 912.537 0 
1297 304.895 935.341 0 
1298 312.635 958.315 0 
1299 320.618 981.42 0 
1300 328.772 1004.63 0 
1301 337 1027.84 0 
1302 353.85 -1.90735e-07 0 
1303 351.267 14.1731 0 
1304 348.681 28.3438 0 
1305 346.088 42.5091 0 
1306 343.483 56.6668 0 
1307 340.865 70.8144 0 
1308 338.23 84.9496 0 
1309 335.572 99.0704 0 
1310 332.891 113.175 0 
1311 330.184 127.262 0 
1312 327.446 141.331 0 
1313 324.676 155.38 0 
1314 321.874 169.409 0 
1315 319.034 183.419 0 
1316 316.159 197.409 0 
1317 313.247 211.383 0 
1318 310.297 225.343 0 
1319 307.31 239.289 0 
1320 304.287 253.229 0 
1321 301.231 267.165 0 
1322 298.145 281.105 0 
1323 295.034 295.056 0 
1324 291.903 309.027 0 
1325 288.759 323.028 0 
1326 285.612 337.071 0 
1327 282.47 351.168 0 
1328 279.349 365.337 0 
1329 276.262 379.593 0 
1330 273.225 393.954 0 
1331 270.259 408.441 0 
1332 267.386 423.075 0 
1333 264.629 437.877 0 
1334 262.016 452.872 0 
1335 259.574 468.082 0 
1336 257.332 483.529 0 
1337 255.323 499.237 0 
1338 253.576 515.225 0 
1339 252.123 531.514 0 
1340 250.995 548.121 0 
1341 250.222 565.061 0 
1342 249.831 582.347 0 
1343 249.849 599.993 0 
1344 250.301 618.007 0 
1345 251.21 636.397 0 
1346 252.595 655.17 0 
1347 254.475 674.33 0 
1348 256.868 693.878 0 
1349 259.786 713.816 0 
1350 263.244 734.144 0 
1351 267.25 754.858 0 
1352 271.806 775.954 0 
1353 276.919 797.421 0 
1354 282.582 819.251 0 
1355 288.786 841.428 0 
1356 295.516 863.932 0 
1357 302.748 886.737 0 
1358 310.445 909.813 0 
1359 318.564 933.126 0 
1360 327.043 956.633 0 
1361 335.811 980.289 0 
1362 344.786 1004.05 0 
1363 353.85 1027.84 0 
1364 370.7 -1.90735e-07 0 
1365 368.014 14.0562 0 
1366 365.324 28.1094 0 
1367 362.626 42.1565 0 
1368 359.915 56.1945 0 
1369 357.19 70.2207 0 
1370 354.443 84.2323 0 
1371 351.673 98.227 0 
1372 348.876 112.202 0 
1373 346.05 126.157 0 
1374 343.189 140.088 0 
1375 340.292 153.995 0 
1376 337.355 167.879 0 
1377 334.378 181.736 0 
1378 331.358 195.57 0 
1379 328.295 209.38 0 
1380 325.185 223.169 0 
1381 322.033 236.938 0 
1382 318.836 250.694 0 
1383 315.596 264.439 0 
1384 312.318 278.181 0 
1385 309.004 291.926 0 
1386 305.66 305.684 0 
1387 302.292 319.465 0 
1388 298.91 333.282 0 
1389 295.524 347.148 0 
1390 292.146 361.082 0 
1391 288.793 375.098 0 
1392 285.481 389.219 0 
1393 282.232 403.467 0 
1394 279.069 417.863 0 
1395 276.018 432.437 0 
1396 273.11 447.21 0 
1397 270.376 462.212 0 
1398 267.848 477.467 0 
1399 265.562 493 0 
1400 263.552 508.836 0 
1401 261.855 524.996 0 
1402 260.504 541.499 0 
1403 259.532 558.363 0 
1404 258.973 575.603 0 
1405 258.853 593.23 0 
1406 259.203 611.257 0 
1407 260.045 629.691 0 
1408 261.403 648.539 0 
1409 263.298 667.806 0 
1410 265.747 687.494 0 
1411 268.771 707.606 0 
1412 272.383 728.143 0 
1413 276.595 749.101 0 
1414 281.417 770.478 0 
1415 286.852 792.266 0 
1416 292.902 814.456 0 
1417 299.559 837.032 0 
1418 306.813 859.976 0 
1419 314.641 883.26 0 
1420 323.009 906.854 0 
1421 331.871 930.717 0 
1422 341.163 954.803 0 
1423 350.803 979.058 0 
1424 360.695 1003.44 0 
1425 370.7 1027.84 0 
1426 387.55 -1.90735e-07 0 
1427 384.764 13.9423 0 
1428 381.975 27.8811 0 
1429 379.175 41.8128 0 
1430 376.363 55.7341 0 
1431 373.533 69.6416 0 
1432 370.68 83.532 0 
1433 367.802 97.4028 0 
1434 364.892 111.25 0 
1435 361.95 125.073 0 
1436 358.969 138.868 0 
1437 355.945 152.636 0 
1438 352.879 166.372 0 
1439 349.765 180.077 0 
1440 346.602 193.752 0 
1441 343.388 207.397 0 
1442 340.12 221.013 0 
1443 336.799 234.602 0 
1444 333.426 248.17 0 
1445 330 261.717 0 
1446 326.525 275.253 0 
1447 323.004 288.784 0 
1448 319.439 302.318 0 
1449 315.84 315.868 0 
1450 312.212 329.444 0 
1451 308.568 343.063 0 
1452 304.919 356.741 0 
1453 301.282 370.499 0 
1454 297.674 384.357 0 
1455 294.118 398.342 0 
1456 290.639 412.478 0 
1457 287.266 426.795 0 
1458 284.032 441.322 0 
1459 280.972 456.089 0 
1460 278.122 471.125 0 
1461 275.524 486.461 0 
1462 273.217 502.123 0 
1463 271.24 518.134 0 
1464 269.633 534.517 0 
1465 268.432 551.29 0 
1466 267.674 568.47 0 
1467 267.389 586.069 0 
1468 267.611 604.1 0 
1469 268.365 622.57 0 
1470 269.674 641.489 0 
1471 271.563 660.859 0 
1472 274.054 680.687 0 
1473 277.167 700.973 0 
1474 280.921 721.72 0 
1475 285.332 742.926 0 
1476 290.413 764.591 0 
1477 296.171 786.71 0 
1478 302.614 809.273 0 
1479 309.738 832.268 0 
1480 317.537 855.678 0 
1481 325.993 879.475 0 
1482 335.079 903.625 0 
1483 344.748 928.086 0 
1484 354.935 952.803 0 
1485 365.549 977.713 0 
1486 376.476 1002.77 0 
1487 387.55 1027.84 0 
1488 404.4 -1.90735e-07 0 
1489 401.519 13.832 0 
1490 398.634 27.6599 0 
1491 395.739 41.4797 0 
1492 392.829 55.2875 0 
1493 389.899 69.0793 0 
1494 386.944 82.8516 0 
1495 383.961 96.6003 0 
1496 380.942 110.324 0 
1497 377.887 124.017 0 
1498 374.788 137.678 0 
1499 371.644 151.306 0 
1500 368.449 164.896 0 
1501 365.201 178.45 0 
1502 361.896 191.966 0 
1503 358.532 205.443 0 
1504 355.107 218.884 0 
1505 351.62 232.29 0 
1506 348.069 245.663 0 
1507 344.455 259.009 0 
1508 340.779 272.331 0 
1509 337.044 285.638 0 
1510 333.255 298.939 0 
1511 329.415 312.243 0 
1512 325.532 325.564 0 
1513 321.617 338.917 0 
1514 317.682 352.322 0 
1515 313.741 365.799 0 
1516 309.816 379.371 0 
1517 305.928 393.065 0 
1518 302.104 406.912 0 
1519 298.375 420.943 0 
1520 294.779 435.193 0 
1521 291.355 449.696 0 
1522 288.146 464.486 0 
1523 285.197 479.597 0 
1524 282.552 495.06 0 
1525 280.256 510.902 0 
1526 278.355 527.145 0 
1527 276.89 543.81 0 
1528 275.899 560.917 0 
1529 275.422 578.477 0 
1530 275.487 596.503 0 
1531 276.127 615.004 0 
1532 277.367 633.987 0 
1533 279.229 653.457 0 
1534 281.739 673.421 0 
1535 284.922 693.878 0 
1536 288.802 714.836 0 
1537 293.399 736.293 0 
1538 298.731 758.251 0 
1539 304.808 780.708 0 
1540 311.642 803.659 0 
1541 319.241 827.091 0 
1542 327.602 850.992 0 
1543 336.717 875.336 0 
1544 346.566 900.087 0 
1545 357.108 925.199 0 
1546 368.28 950.608 0 
1547 379.986 976.24 0 
1548 392.094 1002.02 0 
1549 404.4 1027.84 0 
1550 421.25 -1.90735e-07 0 
1551 418.28 13.7257 0 
1552 415.304 27.4467 0 
1553 412.317 41.1586 0 
1554 409.314 54.8568 0 
1555 406.289 68.5367 0 
1556 403.237 82.1943 0 
1557 400.153 95.8253 0 
1558 397.031 109.426 0 
1559 393.867 122.993 0 
1560 390.656 136.522 0 
1561 387.392 150.012 0 
1562 384.073 163.458 0 
1563 380.693 176.86 0 
1564 377.25 190.217 0 
1565 373.738 203.527 0 
1566 370.157 216.791 0 
1567 366.502 230.009 0 
1568 362.775 243.185 0 
1569 358.971 256.322 0 
1570 355.093 269.424 0 
1571 351.142 282.499 0 
1572 347.12 295.554 0 
1573 343.032 308.6 0 
1574 338.884 321.651 0 
1575 334.685 334.722 0 
1576 330.448 347.832 0 
1577 326.187 361.003 0 
1578 321.919 374.261 0 
1579 317.671 387.636 0 
1580 313.471 401.161 0 
1581 309.353 414.873 0 
1582 305.355 428.81 0 
1583 301.524 443.014 0 
1584 297.909 457.524 0 
1585 294.563 472.381 0 
1586 291.537 487.618 0 
1587 288.88 503.267 0 
1588 286.641 519.35 0 
1589 284.87 535.891 0 
1590 283.613 552.91 0 
1591 282.908 570.419 0 
1592 282.79 588.431 0 
1593 283.292 606.953 0 
1594 284.435 625.995 0 
1595 286.246 645.563 0 
1596 288.75 665.659 0 
1597 291.98 686.286 0 
1598 295.966 707.451 0 
1599 300.732 729.159 0 
1600 306.301 751.411 0 
1601 312.688 774.212 0 
1602 319.909 797.56 0 
1603 327.98 821.448 0 
1604 336.911 845.864 0 
1605 346.708 870.789 0 
1606 357.358 896.189 0 
1607 368.837 922.014 0 
1608 381.091 948.19 0 
1609 394.026 974.625 0 
1610 407.497 1001.22 0 
1611 421.25 1027.84 0 
1612 438.1 -1.90735e-07 0 
1613 435.045 13.624 0 
1614 431.984 27.2428 0 
1615 428.912 40.8512 0 
1616 425.821 54.4441 0 
1617 422.706 68.0165 0 
1618 419.562 81.5635 0 
1619 416.382 95.0808 0 
1620 413.161 108.563 0 
1621 409.894 122.006 0 
1622 406.575 135.407 0 
1623 403.198 148.76 0 
1624 399.757 162.065 0 
1625 396.25 175.317 0 
1626 392.67 188.515 0 
1627 389.015 201.656 0 
1628 385.28 214.742 0 
1629 381.461 227.771 0 
1630 377.556 240.747 0 
1631 373.562 253.669 0 
1632 369.481 266.545 0 
1633 365.31 279.379 0 
1634 361.052 292.178 0 
1635 356.709 304.954 0 
1636 352.287 317.718 0 
1637 347.794 330.487 0 
1638 343.239 343.279 0 
1639 338.637 356.119 0 
1640 334.005 369.034 0 
1641 329.368 382.056 0 
1642 324.757 395.223 0 
1643 320.208 408.577 0 
1644 315.764 422.162 0 
1645 311.477 436.026 0 
1646 307.404 450.217 0 
1647 303.61 464.782 0 
1648 300.154 479.766 0 
1649 297.084 495.198 0 
1650 294.459 511.098 0 
1651 292.338 527.495 0 
1652 290.774 544.411 0 
1653 289.807 561.86 0 
1654 289.475 579.848 0 
1655 289.812 598.385 0 
1656 290.84 617.479 0 
1657 292.569 637.139 0 
1658 295.036 657.366 0 
1659 298.283 678.157 0 
1660 302.349 699.525 0 
1661 307.264 721.478 0 
1662 313.053 744.024 0 
1663 319.734 767.171 0 
1664 327.325 790.922 0 
1665 335.858 815.275 0 
1666 345.358 840.227 0 
1667 355.844 865.767 0 
1668 367.324 891.866 0 
1669 379.792 918.477 0 
1670 393.22 945.515 0 
1671 407.537 972.857 0 
1672 422.6 1000.36 0 
1673 438.1 1027.84 0 
1674 454.95 -1.90735e-07 0 
1675 451.817 13.5275 0 
1676 448.676 27.0493 0 
1677 445.523 40.5594 0 
1678 442.351 54.052 0 
1679 439.154 67.5217 0 
1680 435.923 80.9629 0 
1681 432.653 94.3698 0 
1682 429.339 107.738 0 
1683 425.974 121.062 0 
1684 422.551 134.337 0 
1685 419.065 147.558 0 
1686 415.51 160.723 0 
1687 411.878 173.828 0 
1688 408.168 186.868 0 
1689 404.372 199.842 0 
1690 400.485 212.749 0 
1691 396.504 225.588 0 
1692 392.423 238.36 0 
1693 388.242 251.065 0 
1694 383.956 263.708 0 
1695 379.565 276.293 0 
1696 375.068 288.827 0 
1697 370.466 301.318 0 
1698 365.763 313.781 0 
1699 360.963 326.229 0 
1700 356.077 338.681 0 
1701 351.115 351.162 0 
1702 346.095 363.701 0 
1703 341.041 376.333 0 
1704 335.981 389.099 0 
1705 330.957 402.049 0 
1706 326.017 415.235 0 
1707 321.216 428.712 0 
1708 316.619 442.537 0 
1709 312.318 456.767 0 
1710 308.387 471.464 0 
1711 304.841 486.661 0 
1712 301.774 502.348 0 
1713 299.248 518.577 0 
1714 297.338 535.38 0 
1715 296.071 552.761 0 
1716 295.492 570.715 0 
1717 295.641 589.258 0 
1718 296.541 608.398 0 
1719 298.154 628.152 0 
1720 300.541 648.505 0 
1721 303.767 669.452 0 
1722 307.881 691.013 0 
1723 312.922 713.203 0 
1724 318.915 736.035 0 
1725 325.867 759.526 0 
1726 333.8 783.681 0 
1727 342.768 808.504 0 
1728 352.818 834.004 0 
1729 363.986 860.184 0 
1730 376.301 887.033 0 
1731 389.788 914.513 0 
1732 404.46 942.538 0 
1733 420.306 970.941 0 
1734 437.244 999.472 0 
1735 454.95 1027.84 0 
1736 471.8 -1.90735e-07 0 
1737 468.594 13.4369 0 
1738 465.382 26.8673 0 
1739 462.156 40.2848 0 
1740 458.908 53.683 0 
1741 455.632 67.0556 0 
1742 452.322 80.3962 0 
1743 448.969 93.6986 0 
1744 445.568 106.958 0 
1745 442.11 120.166 0 
1746 438.591 133.32 0 
1747 435.001 146.414 0 
1748 431.336 159.442 0 
1749 427.588 172.402 0 
1750 423.751 185.287 0 
1751 419.819 198.095 0 
1752 415.786 210.824 0 
1753 411.646 223.473 0 
1754 407.394 236.038 0 
1755 403.026 248.523 0 
1756 398.538 260.928 0 
1757 393.926 273.258 0 
1758 389.188 285.516 0 
1759 384.323 297.713 0 
1760 379.334 309.857 0 
1761 374.22 321.965 0 
1762 368.99 334.053 0 
1763 363.652 346.146 0 
1764 358.221 358.275 0 
1765 352.717 370.474 0 
1766 347.171 382.792 0 
1767 341.624 395.285 0 
1768 336.13 408.017 0 
1769 330.751 421.048 0 
1770 325.541 434.453 0 
1771 320.657 448.283 0 
1772 316.233 462.663 0 
1773 312.301 477.639 0 
1774 308.965 493.212 0 
1775 306.193 509.368 0 
1776 303.985 526.079 0 
1777 302.386 543.361 0 
1778 301.465 561.226 0 
1779 301.236 579.711 0 
1780 301.735 598.825 0 
1781 303.016 618.607 0 
1782 305.21 639.051 0 
1783 308.362 660.134 0 
1784 312.486 681.874 0 
1785 317.631 704.286 0 
1786 323.816 727.389 0 
1787 331.021 751.22 0 
1788 339.241 775.769 0 
1789 348.598 801.055 0 
1790 359.16 827.1 0 
1791 370.981 853.932 0 
1792 384.106 881.568 0 
1793 398.598 910.004 0 
1794 414.528 939.183 0 
1795 431.992 968.905 0 
1796 451.097 998.735 0 
1797 471.8 1027.84 0 
1798 488.65 -1.90735e-07 0 
1799 485.38 13.3527 0 
1800 482.101 26.6983 0 
1801 478.808 40.0296 0 
1802 475.493 53.3396 0 
1803 472.147 66.6212 0 
1804 468.763 79.8675 0 
1805 465.334 93.0719 0 
1806 461.852 106.227 0 
1807 458.31 119.327 0 
1808 454.7 132.364 0 
1809 451.014 145.335 0 
1810 447.245 158.232 0 
1811 443.386 171.049 0 
1812 439.429 183.783 0 
1813 435.366 196.428 0 
1814 431.192 208.981 0 
1815 426.9 221.438 0 
1816 422.481 233.799 0 
1817 417.931 246.061 0 
1818 413.243 258.226 0 
1819 408.413 270.294 0 
1820 403.435 282.27 0 
1821 398.307 294.159 0 
1822 393.027 305.971 0 
1823 387.594 317.72 0 
1824 382.01 329.421 0 
1825 376.282 341.096 0 
1826 370.418 352.776 0 
1827 364.436 364.498 0 
1828 358.361 376.311 0 
1829 352.237 388.282 0 
1830 346.129 400.5 0 
1831 340.116 413.01 0 
1832 334.514 426.085 0 
1833 329.429 439.825 0 
1834 324.829 454.108 0 
1835 320.636 468.908 0 
1836 316.935 484.25 0 
1837 313.732 500.165 0 
1838 311.099 516.672 0 
1839 309.14 533.793 0 
1840 307.857 551.537 0 
1841 307.265 569.922 0 
1842 307.443 588.974 0 
1843 308.448 608.716 0 
1844 310.366 629.15 0 
1845 313.264 650.285 0 
1846 317.17 672.133 0 
1847 322.099 694.713 0 
1848 328.069 718.055 0 
1849 335.161 742.192 0 
1850 343.542 767.122 0 
1851 353.223 792.847 0 
1852 364.245 819.411 0 
1853 376.673 846.877 0 
1854 390.542 875.3 0 
1855 405.971 904.753 0 
1856 423.061 935.284 0 
1857 442.044 966.774 0 
1858 463.323 998.67 0 
1859 488.65 1027.84 0 
1860 505.5 -1.90735e-07 0 
1861 502.172 13.2757 0 
1862 498.836 26.5436 0 
1863 495.484 39.7957 0 
1864 492.108 53.0245 0 
1865 488.699 66.2222 0 
1866 485.25 79.381 0 
1867 481.752 92.493 0 
1868 478.198 105.552 0 
1869 474.578 118.548 0 
1870 470.884 131.477 0 
1871 467.109 144.33 0 
1872 463.245 157.1 0 
1873 459.281 169.781 0 
1874 455.212 182.368 0 
1875 451.027 194.852 0 
1876 446.718 207.233 0 
1877 442.278 219.502 0 
1878 437.699 231.658 0 
1879 432.972 243.697 0 
1880 428.091 255.618 0 
1881 423.046 267.421 0 
1882 417.833 279.108 0 
1883 412.444 290.682 0 
1884 406.874 302.151 0 
1885 401.119 313.522 0 
1886 395.177 324.813 0 
1887 389.048 336.042 0 
1888 382.735 347.235 0 
1889 376.247 358.429 0 
1890 369.601 369.671 0 
1891 362.835 381.031 0 
1892 356.238 392.769 0 
1893 349.991 405.139 0 
1894 344.289 418.138 0 
1895 338.913 431.637 0 
1896 333.889 445.616 0 
1897 329.29 460.129 0 
1898 325.177 475.212 0 
1899 321.59 490.888 0 
1900 318.609 507.185 0 
1901 316.28 524.111 0 
1902 314.621 541.679 0 
1903 313.677 559.914 0 
1904 313.518 578.839 0 
1905 314.204 598.474 0 
1906 315.795 618.84 0 
1907 318.368 639.956 0 
1908 321.97 661.831 0 
1909 326.649 684.494 0 
1910 332.481 707.975 0 
1911 339.539 732.303 0 
1912 347.916 757.489 0 
1913 357.661 783.559 0 
1914 368.879 810.564 0 
1915 381.654 838.576 0 
1916 396.131 867.684 0 
1917 412.473 898.015 0 
1918 430.902 929.704 0 
1919 451.904 962.765 0 
1920 475.986 996.697 0 
1921 505.5 1027.84 0 
1922 522.35 -1.90735e-07 0 
1923 518.973 13.2065 0 
1924 515.587 26.4044 0 
1925 512.184 39.5853 0 
1926 508.755 52.7407 0 
1927 505.292 65.8621 0 
1928 501.785 78.9409 0 
1929 498.227 91.9689 0 
1930 494.607 104.938 0 
1931 490.918 117.838 0 
1932 487.15 130.664 0 
1933 483.295 143.406 0 
1934 479.342 156.057 0 
1935 475.284 168.608 0 
1936 471.109 181.052 0 
1937 466.81 193.384 0 
1938 462.376 205.594 0 
1939 457.798 217.68 0 
1940 453.066 229.633 0 
1941 448.17 241.451 0 
1942 443.101 253.129 0 
1943 437.849 264.666 0 
1944 432.406 276.059 0 
1945 426.761 287.311 0 
1946 420.905 298.425 0 
1947 414.83 309.407 0 
1948 408.529 320.268 0 
1949 401.997 331.023 0 
1950 395.226 341.695 0 
1951 388.216 352.312 0 
1952 380.959 362.914 0 
1953 373.783 373.865 0 
1954 367.035 385.487 0 
1955 360.636 397.681 0 
1956 354.53 410.344 0 
1957 348.749 423.494 0 
1958 343.308 437.159 0 
1959 338.34 451.395 0 
1960 333.854 466.225 0 
1961 329.897 481.641 0 
1962 326.523 497.666 0 
1963 323.793 514.34 0 
1964 321.757 531.665 0 
1965 320.436 549.678 0 
1966 319.898 568.405 0 
1967 320.215 587.871 0 
1968 321.446 608.1 0 
1969 323.668 629.119 0 
1970 326.946 650.952 0 
1971 331.344 673.61 0 
1972 336.957 697.132 0 
1973 343.876 721.556 0 
1974 352.169 746.908 0 
1975 361.923 773.207 0 
1976 373.254 800.484 0 
1977 386.302 828.839 0 
1978 401.222 858.376 0 
1979 418.276 889.253 0 
1980 437.88 921.69 0 
1981 460.672 956.223 0 
1982 488.198 991.333 0 
1983 525 1027.84 0 
1984 539.2 -1.90735e-07 0 
1985 535.782 13.1458 0 
1986 532.355 26.2823 0 
1987 528.91 39.4005 0 
1988 525.436 52.4909 0 
1989 521.928 65.5443 0 
1990 518.372 78.5517 0 
1991 514.762 91.5033 0 
1992 511.087 104.391 0 
1993 507.338 117.205 0 
1994 503.504 129.936 0 
1995 499.577 142.574 0 
1996 495.547 155.113 0 
1997 491.402 167.541 0 
1998 487.132 179.851 0 
1999 482.728 192.034 0 
2000 478.178 204.083 0 
2001 473.47 215.988 0 
2002 468.595 227.744 0 
2003 463.54 239.344 0 
2004 458.294 250.782 0 
2005 452.845 262.052 0 
2006 447.18 273.152 0 
2007 441.288 284.078 0 
2008 435.155 294.831 0 
2009 428.768 305.413 0 
2010 422.115 315.829 0 
2011 415.182 326.088 0 
2012 407.959 336.208 0 
2013 400.434 346.211 0 
2014 392.694 356.326 0 
2015 385.403 367.125 0 
2016 378.439 378.532 0 
2017 371.673 390.367 0 
2018 365.157 402.662 0 
2019 358.998 415.483 0 
2020 353.201 428.858 0 
2021 347.847 442.787 0 
2022 342.967 457.289 0 
2023 338.618 472.403 0 
2024 334.861 488.12 0 
2025 331.72 504.48 0 
2026 329.235 521.528 0 
2027 327.472 539.282 0 
2028 326.508 557.775 0 
2029 326.421 577.024 0 
2030 327.267 597.063 0 
2031 329.126 617.912 0 
2032 332.067 639.62 0 
2033 336.148 662.194 0 
2034 341.48 685.651 0 
2035 348.177 710.044 0 
2036 356.323 735.439 0 
2037 365.998 761.831 0 
2038 377.313 789.242 0 
2039 390.424 817.733 0 
2040 405.537 847.399 0 
2041 422.92 878.365 0 
2042 442.961 910.749 0 
2043 466.095 944.835 0 
2044 493.287 980.44 0 
2045 525 1009.95 0 
2046 556.05 -1.90735e-07 0 
2047 552.6 13.0943 0 
2048 549.141 26.1787 0 
2049 545.663 39.2432 0 
2050 542.155 52.2779 0 
2051 538.609 65.2728 0 
2052 535.015 78.2179 0 
2053 531.362 91.103 0 
2054 527.641 103.919 0 
2055 523.841 116.654 0 
2056 519.952 129.299 0 
2057 515.964 141.844 0 
2058 511.865 154.278 0 
2059 507.644 166.593 0 
2060 503.291 178.777 0 
2061 498.791 190.82 0 
2062 494.136 202.713 0 
2063 489.311 214.447 0 
2064 484.304 226.012 0 
2065 479.102 237.399 0 
2066 473.69 248.602 0 
2067 468.055 259.609 0 
2068 462.182 270.418 0 
2069 456.056 281.019 0 
2070 449.658 291.409 0 
2071 442.973 301.585 0 
2072 435.98 311.545 0 
2073 428.66 321.293 0 
2074 420.991 330.835 0 
2075 412.945 340.207 0 
2076 405.063 350.085 0 
2077 397.594 360.733 0 
2078 390.27 371.774 0 
2079 383.115 383.22 0 
2080 376.269 395.196 0 
2081 369.738 407.694 0 
2082 363.567 420.718 0 
2083 357.812 434.304 0 
2084 352.551 448.47 0 
2085 347.781 463.22 0 
2086 343.554 478.595 0 
2087 339.954 494.63 0 
2088 337.024 511.365 0 
2089 334.831 528.815 0 
2090 333.441 547.009 0 
2091 332.919 565.968 0 
2092 333.357 585.709 0 
2093 334.816 606.289 0 
2094 337.388 627.772 0 
2095 341.125 650.157 0 
2096 346.133 673.457 0 
2097 352.526 697.734 0 
2098 360.413 723.017 0 
2099 369.895 749.373 0 
2100 381.073 776.793 0 
2101 394.118 805.272 0 
2102 409.233 834.906 0 
2103 426.618 865.697 0 
2104 446.541 897.596 0 
2105 469.366 930.426 0 
2106 495.647 964.554 0 
2107 525 998.191 0 
2108 572.9 -1.90735e-07 0 
2109 569.428 13.0528 0 
2110 565.947 26.0949 0 
2111 562.444 39.1159 0 
2112 558.912 52.1048 0 
2113 555.339 65.0511 0 
2114 551.716 77.9439 0 
2115 548.031 90.7727 0 
2116 544.274 103.526 0 
2117 540.435 116.193 0 
2118 536.5 128.762 0 
2119 532.461 141.223 0 
2120 528.305 153.564 0 
2121 524.02 165.775 0 
2122 519.593 177.842 0 
2123 515.012 189.755 0 
2124 510.264 201.504 0 
2125 505.334 213.075 0 
2126 500.208 224.458 0 
2127 494.872 235.641 0 
2128 489.31 246.615 0 
2129 483.504 257.367 0 
2130 477.438 267.889 0 
2131 471.094 278.17 0 
2132 464.45 288.2 0 
2133 457.485 297.972 0 
2134 450.173 307.476 0 
2135 442.488 316.701 0 
2136 434.398 325.634 0 
2137 426.018 334.611 0 
2138 418.059 344.388 0 
2139 410.254 354.634 0 
2140 402.563 365.266 0 
2141 395.087 376.381 0 
2142 387.887 388.004 0 
2143 380.969 400.125 0 
2144 374.423 412.799 0 
2145 368.273 426.011 0 
2146 362.549 439.785 0 
2147 357.326 454.158 0 
2148 352.637 469.174 0 
2149 348.598 484.851 0 
2150 345.234 501.211 0 
2151 342.578 518.285 0 
2152 340.726 536.082 0 
2153 339.789 554.641 0 
2154 339.826 573.997 0 
2155 340.874 594.257 0 
2156 343.009 615.434 0 
2157 346.328 637.612 0 
2158 350.946 660.86 0 
2159 356.993 685.118 0 
2160 364.561 710.375 0 
2161 373.727 736.673 0 
2162 384.702 763.946 0 
2163 397.559 792.144 0 
2164 412.402 821.331 0 
2165 429.5 851.54 0 
2166 449.053 882.588 0 
2167 471.397 914.662 0 
2168 496.938 947.42 0 
2169 525 980.057 0 
2170 589.75 -1.90735e-07 0 
2171 586.267 13.0219 0 
2172 582.772 26.0325 0 
2173 579.256 39.0204 0 
2174 575.709 51.9743 0 
2175 572.12 64.8828 0 
2176 568.478 77.7342 0 
2177 564.772 90.5173 0 
2178 560.989 103.219 0 
2179 557.12 115.829 0 
2180 553.154 128.334 0 
2181 549.076 140.723 0 
2182 544.874 152.982 0 
2183 540.537 165.099 0 
2184 536.05 177.061 0 
2185 531.4 188.856 0 
2186 526.573 200.47 0 
2187 521.552 211.89 0 
2188 516.323 223.102 0 
2189 510.868 234.093 0 
2190 505.172 244.849 0 
2191 499.214 255.357 0 
2192 492.974 265.602 0 
2193 486.432 275.572 0 
2194 479.563 285.252 0 
2195 472.343 294.628 0 
2196 464.739 303.685 0 
2197 456.718 312.404 0 
2198 448.228 320.753 0 
2199 439.756 329.526 0 
2200 431.556 339.016 0 
2201 423.402 348.858 0 
2202 415.381 359.112 0 
2203 407.582 369.857 0 
2204 400.004 381.093 0 
2205 392.725 392.854 0 
2206 385.779 405.137 0 
2207 379.176 417.933 0 
2208 372.996 431.3 0 
2209 367.313 445.279 0 
2210 362.209 459.899 0 
2211 357.702 475.156 0 
2212 353.867 491.07 0 
2213 350.764 507.687 0 
2214 348.484 525.001 0 
2215 347.089 543.149 0 
2216 346.6 562.233 0 
2217 347.128 582.283 0 
2218 348.762 603.34 0 
2219 351.652 625.414 0 
2220 355.872 648.482 0 
2221 361.549 672.469 0 
2222 368.742 697.343 0 
2223 377.546 723.184 0 
2224 388.136 749.995 0 
2225 400.677 777.77 0 
2226 415.185 806.463 0 
2227 431.906 836.223 0 
2228 451.092 867.019 0 
2229 473.017 898.618 0 
2230 497.765 930.397 0 
2231 525 961.905 0 
2232 606.6 -1.90735e-07 0 
2233 603.114 13.0023 0 
2234 599.618 25.9927 0 
2235 596.1 38.959 0 
2236 592.549 51.8894 0 
2237 588.954 64.7716 0 
2238 585.304 77.5933 0 
2239 581.587 90.3424 0 
2240 577.792 103.005 0 
2241 573.905 115.57 0 
2242 569.918 128.023 0 
2243 565.812 140.352 0 
2244 561.579 152.541 0 
2245 557.204 164.578 0 
2246 552.67 176.449 0 
2247 547.967 188.139 0 
2248 543.074 199.632 0 
2249 537.979 210.913 0 
2250 532.663 221.967 0 
2251 527.109 232.78 0 
2252 521.296 243.332 0 
2253 515.204 253.608 0 
2254 508.812 263.591 0 
2255 502.095 273.264 0 
2256 495.029 282.607 0 
2257 487.582 291.603 0 
2258 479.725 300.23 0 
2259 471.418 308.475 0 
2260 462.61 316.332 0 
2261 454.04 324.929 0 
2262 445.536 333.996 0 
2263 437.066 343.421 0 
2264 428.754 353.319 0 
2265 420.604 363.691 0 
2266 412.675 374.552 0 
2267 405.004 385.914 0 
2268 397.617 397.758 0 
2269 390.564 410.123 0 
2270 383.949 423.082 0 
2271 377.827 436.638 0 
2272 372.248 450.797 0 
2273 367.281 465.576 0 
2274 362.978 480.992 0 
2275 359.394 497.122 0 
2276 356.556 514.105 0 
2277 354.587 531.997 0 
2278 353.557 550.846 0 
2279 353.58 570.659 0 
2280 354.771 591.415 0 
2281 357.217 613.049 0 
2282 360.999 635.602 0 
2283 366.212 659.095 0 
2284 372.969 683.517 0 
2285 381.347 708.902 0 
2286 391.467 735.218 0 
2287 403.522 762.587 0 
2288 417.698 791.156 0 
2289 434.176 820.761 0 
2290 453.026 851.273 0 
2291 474.425 882.4 0 
2292 498.403 913.618 0 
2293 525 944.819 0 
2294 623.45 -1.90735e-07 0 
2295 619.974 12.9947 0 
2296 616.487 25.9768 0 
2297 612.976 38.9337 0 
2298 609.433 51.8526 0 
2299 605.844 64.7208 0 
2300 602.197 77.5252 0 
2301 598.481 90.2524 0 
2302 594.684 102.889 0 
2303 590.794 115.422 0 
2304 586.797 127.837 0 
2305 582.679 140.118 0 
2306 578.428 152.253 0 
2307 574.026 164.224 0 
2308 569.463 176.018 0 
2309 564.72 187.617 0 
2310 559.78 199.004 0 
2311 554.627 210.164 0 
2312 549.242 221.077 0 
2313 543.606 231.725 0 
2314 537.697 242.091 0 
2315 531.495 252.153 0 
2316 524.974 261.891 0 
2317 518.109 271.285 0 
2318 510.872 280.31 0 
2319 503.234 288.944 0 
2320 495.16 297.16 0 
2321 486.618 304.933 0 
2322 477.585 312.402 0 
2323 468.84 320.74 0 
2324 460.05 329.4 0 
2325 451.304 338.457 0 
2326 442.682 347.969 0 
2327 434.187 357.94 0 
2328 425.883 368.408 0 
2329 417.795 379.317 0 
2330 409.977 390.711 0 
2331 402.512 402.666 0 
2332 395.439 415.173 0 
2333 388.846 428.257 0 
2334 382.799 441.926 0 
2335 377.346 456.192 0 
2336 372.498 471.17 0 
2337 368.32 486.941 0 
2338 364.909 503.61 0 
2339 362.387 521.166 0 
2340 360.844 539.623 0 
2341 360.375 558.961 0 
2342 361.077 579.179 0 
2343 363.016 600.285 0 
2344 366.284 622.298 0 
2345 370.977 645.246 0 
2346 377.213 669.13 0 
2347 385.095 694.041 0 
2348 394.738 720.166 0 
2349 406.4 747.487 0 
2350 420.254 775.888 0 
2351 436.36 805.227 0 
2352 454.805 835.333 0 
2353 475.687 866.009 0 
2354 499.018 897.137 0 
2355 525 927.715 0 
2356 640.3 -1.90735e-07 0 
2357 636.845 12.9996 0 
2358 633.377 25.9861 0 
2359 629.887 38.9462 0 
2360 626.361 51.8666 0 
2361 622.79 64.7338 0 
2362 619.159 77.5342 0 
2363 615.457 90.2536 0 
2364 611.671 102.878 0 
2365 607.789 115.393 0 
2366 603.796 127.784 0 
2367 599.68 140.033 0 
2368 595.424 152.128 0 
2369 591.014 164.049 0 
2370 586.435 175.781 0 
2371 581.669 187.306 0 
2372 576.699 198.605 0 
2373 571.506 209.659 0 
2374 566.072 220.449 0 
2375 560.376 230.955 0 
2376 554.394 241.152 0 
2377 548.104 251.021 0 
2378 541.481 260.536 0 
2379 534.495 269.673 0 
2380 527.119 278.405 0 
2381 519.321 286.702 0 
2382 511.063 294.535 0 
2383 502.31 301.869 0 
2384 493.159 309.063 0 
2385 484.185 317.039 0 
2386 475.135 325.287 0 
2387 466.134 333.972 0 
2388 457.185 343.092 0 
2389 448.352 352.682 0 
2390 439.654 362.686 0 
2391 431.158 373.14 0 
2392 422.931 384.1 0 
2393 415.014 395.598 0 
2394 407.463 407.629 0 
2395 400.387 420.225 0 
2396 393.845 433.395 0 
2397 387.827 447.207 0 
2398 382.403 461.765 0 
2399 377.639 477.144 0 
2400 373.684 493.378 0 
2401 370.609 510.443 0 
2402 368.526 528.365 0 
2403 367.52 547.134 0 
2404 367.665 566.753 0 
2405 369.051 587.249 0 
2406 371.765 608.658 0 
2407 375.898 631.033 0 
2408 381.554 654.571 0 
2409 388.917 679.349 0 
2410 398.172 705.372 0 
2411 409.43 732.525 0 
2412 422.834 760.646 0 
2413 438.462 789.589 0 
2414 456.408 819.257 0 
2415 476.78 849.547 0 
2416 499.715 880.245 0 
2417 525 911.657 0 
2418 657.15 -1.90735e-07 0 
2419 653.727 13.0178 0 
2420 650.291 26.0219 0 
2421 646.832 38.9985 0 
2422 643.337 51.9339 0 
2423 639.795 64.8137 0 
2424 636.192 77.6239 0 
2425 632.516 90.3501 0 
2426 628.755 102.976 0 
2427 624.894 115.488 0 
2428 620.92 127.87 0 
2429 616.819 140.104 0 
2430 612.574 152.175 0 
2431 608.17 164.063 0 
2432 603.592 175.751 0 
2433 598.822 187.221 0 
2434 593.84 198.45 0 
2435 588.628 209.421 0 
2436 583.166 220.108 0 
2437 577.43 230.49 0 
2438 571.399 240.543 0 
2439 565.047 250.242 0 
2440 558.347 259.56 0 
2441 551.272 268.467 0 
2442 543.789 276.933 0 
2443 535.865 284.926 0 
2444 527.464 292.408 0 
2445 518.542 299.334 0 
2446 509.32 306.284 0 
2447 500.104 313.831 0 
2448 490.816 321.701 0 
2449 481.554 330.016 0 
2450 472.301 338.745 0 
2451 463.103 347.914 0 
2452 454.026 357.464 0 
2453 445.135 367.458 0 
2454 436.483 377.981 0 
2455 428.092 389.008 0 
2456 420.053 400.558 0 
2457 412.474 412.653 0 
2458 405.39 425.322 0 
2459 398.802 438.651 0 
2460 392.796 452.739 0 
2461 387.481 467.622 0 
2462 382.93 483.307 0 
2463 379.304 499.811 0 
2464 376.638 517.12 0 
2465 375.039 535.254 0 
2466 374.591 554.227 0 
2467 375.376 574.075 0 
2468 377.459 594.953 0 
2469 380.959 617.026 0 
2470 386.085 640.369 0 
2471 392.967 664.975 0 
2472 401.764 690.759 0 
2473 412.563 717.59 0 
2474 425.452 745.353 0 
2475 440.516 773.899 0 
2476 457.904 803.126 0 
2477 477.776 832.934 0 
2478 500.108 863.418 0 
2479 525 893.477 0 
2480 674 -1.90735e-07 0 
2481 670.62 13.0496 0 
2482 667.229 26.0851 0 
2483 663.813 39.0921 0 
2484 660.361 52.0564 0 
2485 656.861 64.9633 0 
2486 653.298 77.7979 0 
2487 649.662 90.5456 0 
2488 645.938 103.189 0 
2489 642.112 115.714 0 
2490 638.171 128.103 0 
2491 634.1 140.339 0 
2492 629.883 152.403 0 
2493 625.502 164.277 0 
2494 620.943 175.941 0 
2495 616.186 187.375 0 
2496 611.212 198.557 0 
2497 606.001 209.464 0 
2498 600.532 220.071 0 
2499 594.781 230.355 0 
2500 588.725 240.289 0 
2501 582.338 249.845 0 
2502 575.591 258.992 0 
2503 568.456 267.7 0 
2504 560.9 275.936 0 
2505 552.889 283.661 0 
2506 544.386 290.837 0 
2507 535.35 297.418 0 
2508 526.037 304.074 0 
2509 516.618 311.2 0 
2510 507.117 318.721 0 
2511 497.583 326.642 0 
2512 488.022 334.988 0 
2513 478.481 343.687 0 
2514 469.044 352.776 0 
2515 459.755 362.356 0 
2516 450.639 372.403 0 
2517 441.757 382.964 0 
2518 433.216 394.018 0 
2519 425.134 405.574 0 
2520 417.501 417.697 0 
2521 410.365 430.505 0 
2522 403.793 444.056 0 
2523 397.874 458.367 0 
2524 392.75 473.459 0 
2525 388.497 489.333 0 
2526 385.211 505.992 0 
2527 382.979 523.457 0 
2528 381.872 541.772 0 
2529 381.949 561.126 0 
2530 383.362 581.653 0 
2531 386.269 603.45 0 
2532 390.833 626.513 0 
2533 397.2 650.792 0 
2534 405.481 676.194 0 
2535 415.754 702.63 0 
2536 428.105 730.013 0 
2537 442.608 758.226 0 
2538 459.365 787.13 0 
2539 478.641 816.428 0 
2540 500.656 846.366 0 
2541 525 877.417 0 
2542 690.85 -1.90735e-07 0 
2543 687.526 13.0957 0 
2544 684.19 26.1767 0 
2545 680.83 39.2285 0 
2546 677.433 52.2363 0 
2547 673.987 65.1852 0 
2548 670.478 78.0595 0 
2549 666.894 90.8434 0 
2550 663.222 103.521 0 
2551 659.447 116.076 0 
2552 655.554 128.489 0 
2553 651.528 140.744 0 
2554 647.354 152.822 0 
2555 643.015 164.701 0 
2556 638.491 176.361 0 
2557 633.766 187.781 0 
2558 628.821 198.937 0 
2559 623.631 209.805 0 
2560 618.179 220.359 0 
2561 612.437 230.571 0 
2562 606.382 240.413 0 
2563 599.987 249.855 0 
2564 593.223 258.865 0 
2565 586.06 267.408 0 
2566 578.465 275.448 0 
2567 570.403 282.946 0 
2568 561.841 289.859 0 
2569 552.736 296.141 0 
2570 543.326 302.469 0 
2571 533.746 309.234 0 
2572 524.051 316.385 0 
2573 514.265 323.909 0 
2574 504.389 331.843 0 
2575 494.52 340.084 0 
2576 484.725 348.736 0 
2577 475.012 357.846 0 
2578 465.417 367.434 0 
2579 456.02 377.51 0 
2580 447.023 388.002 0 
2581 438.454 398.989 0 
2582 430.298 410.566 0 
2583 422.599 422.814 0 
2584 415.429 435.769 0 
2585 408.904 449.471 0 
2586 403.133 463.919 0 
2587 398.235 479.129 0 
2588 394.285 495.107 0 
2589 391.339 511.922 0 
2590 389.474 529.717 0 
2591 388.833 548.653 0 
2592 389.559 568.813 0 
2593 391.832 590.227 0 
2594 395.798 612.871 0 
2595 401.588 636.697 0 
2596 409.295 661.648 0 
2597 419.009 687.669 0 
2598 430.808 714.678 0 
2599 444.758 742.563 0 
2600 460.966 771.163 0 
2601 479.474 800.299 0 
2602 500.607 829.129 0 
2603 525 857.062 0 
2604 707.7 -1.90735e-07 0 
2605 704.444 13.1561 0 
2606 701.177 26.2975 0 
2607 697.884 39.4089 0 
2608 694.554 52.4754 0 
2609 691.176 65.4814 0 
2610 687.733 78.4112 0 
2611 684.216 91.2485 0 
2612 680.609 103.977 0 
2613 676.898 116.579 0 
2614 673.069 129.036 0 
2615 669.105 141.329 0 
2616 664.991 153.439 0 
2617 660.708 165.343 0 
2618 656.241 177.022 0 
2619 651.569 188.451 0 
2620 646.671 199.607 0 
2621 641.527 210.46 0 
2622 636.114 220.987 0 
2623 630.407 231.156 0 
2624 624.379 240.937 0 
2625 618.005 250.298 0 
2626 611.254 259.204 0 
2627 604.096 267.619 0 
2628 596.497 275.503 0 
2629 588.422 282.816 0 
2630 579.834 289.513 0 
2631 570.697 295.546 0 
2632 561.201 301.538 0 
2633 551.5 307.943 0 
2634 541.629 314.719 0 
2635 531.599 321.867 0 
2636 521.445 329.353 0 
2637 511.264 337.148 0 
2638 501.091 345.364 0 
2639 490.93 354.008 0 
2640 480.833 363.13 0 
2641 470.997 372.66 0 
2642 461.577 382.577 0 
2643 452.535 392.984 0 
2644 443.839 403.996 0 
2645 435.541 415.649 0 
2646 427.756 427.992 0 
2647 420.586 441.037 0 
2648 414.15 454.812 0 
2649 408.556 469.324 0 
2650 403.854 484.649 0 
2651 400.119 500.89 0 
2652 397.474 518.188 0 
2653 396.073 536.656 0 
2654 396.082 556.34 0 
2655 397.669 577.246 0 
2656 400.977 599.364 0 
2657 406.124 622.679 0 
2658 413.219 647.156 0 
2659 422.351 672.753 0 
2660 433.589 699.399 0 
2661 446.98 726.997 0 
2662 462.622 755.355 0 
2663 480.663 784.295 0 
2664 501.098 813.873 0 
2665 525 842.074 0 
2666 724.55 -1.90735e-07 0 
2667 721.374 13.2316 0 
2668 718.187 26.4482 0 
2669 714.974 39.6343 0 
2670 711.725 52.7749 0 
2671 708.426 65.8539 0 
2672 705.065 78.8554 0 
2673 701.628 91.7625 0 
2674 698.1 104.559 0 
2675 694.468 117.226 0 
2676 690.718 129.744 0 
2677 686.832 142.097 0 
2678 682.795 154.259 0 
2679 678.589 166.213 0 
2680 674.195 177.933 0 
2681 669.596 189.396 0 
2682 664.769 200.575 0 
2683 659.693 211.445 0 
2684 654.343 221.972 0 
2685 648.696 232.13 0 
2686 642.724 241.882 0 
2687 636.4 251.197 0 
2688 629.693 260.035 0 
2689 622.573 268.359 0 
2690 615.004 276.129 0 
2691 606.952 283.301 0 
2692 598.38 289.832 0 
2693 589.248 295.674 0 
2694 579.697 301.297 0 
2695 569.896 307.339 0 
2696 559.876 313.765 0 
2697 549.625 320.538 0 
2698 539.212 327.582 0 
2699 528.726 334.949 0 
2700 518.174 342.704 0 
2701 507.551 350.903 0 
2702 496.97 359.542 0 
2703 486.773 368.48 0 
2704 476.955 377.811 0 
2705 467.413 387.668 0 
2706 458.141 398.078 0 
2707 449.23 409.125 0 
2708 440.784 420.826 0 
2709 432.938 433.199 0 
2710 425.802 446.267 0 
2711 419.448 460.092 0 
2712 413.954 474.767 0 
2713 409.401 490.413 0 
2714 405.94 507.149 0 
2715 403.736 525.049 0 
2716 402.977 544.148 0 
2717 403.812 564.459 0 
2718 406.387 586 0 
2719 410.838 608.773 0 
2720 417.275 632.759 0 
2721 425.792 657.916 0 
2722 436.458 684.19 0 
2723 449.319 711.508 0 
2724 464.408 739.717 0 
2725 481.95 768.499 0 
2726 502.101 798.006 0 
2727 525 828.155 0 
2728 741.4 -1.90735e-07 0 
2729 738.317 13.3223 0 
2730 735.222 26.6292 0 
2731 732.102 39.9055 0 
2732 728.947 53.1357 0 
2733 725.741 66.3038 0 
2734 722.472 79.3936 0 
2735 719.129 92.3885 0 
2736 715.695 105.27 0 
2737 712.158 118.021 0 
2738 708.501 130.622 0 
2739 704.711 143.052 0 
2740 700.768 155.291 0 
2741 696.656 167.315 0 
2742 692.357 179.101 0 
2743 687.851 190.625 0 
2744 683.116 201.856 0 
2745 678.13 212.768 0 
2746 672.87 223.33 0 
2747 667.31 233.507 0 
2748 661.421 243.266 0 
2749 655.178 252.57 0 
2750 648.547 261.38 0 
2751 641.497 269.654 0 
2752 633.994 277.352 0 
2753 626.002 284.427 0 
2754 617.484 290.84 0 
2755 608.399 296.555 0 
2756 598.823 301.779 0 
2757 588.963 307.501 0 
2758 578.816 313.593 0 
2759 568.368 319.988 0 
2760 557.721 326.61 0 
2761 546.934 333.551 0 
2762 535.982 340.848 0 
2763 524.879 348.622 0 
2764 513.966 356.702 0 
2765 503.45 365.064 0 
2766 493.193 373.853 0 
2767 483.098 383.114 0 
2768 473.227 392.951 0 
2769 463.666 403.354 0 
2770 454.542 414.391 0 
2771 445.985 426.067 0 
2772 438.117 438.409 0 
2773 430.995 451.51 0 
2774 424.68 465.496 0 
2775 419.289 480.476 0 
2776 414.964 496.554 0 
2777 411.912 513.792 0 
2778 410.301 532.223 0 
2779 410.304 551.891 0 
2780 412.081 572.82 0 
2781 415.77 595.022 0 
2782 421.493 618.486 0 
2783 429.348 643.181 0 
2784 439.411 669.046 0 
2785 451.732 696.008 0 
2786 466.303 723.969 0 
2787 483.163 752.616 0 
2788 502.678 781.39 0 
2789 525 811.015 0 
2790 758.25 -1.90735e-07 0 
2791 755.271 13.4281 0 
2792 752.282 26.8408 0 
2793 749.268 40.2229 0 
2794 746.217 53.5586 0 
2795 743.117 66.8322 0 
2796 739.956 80.027 0 
2797 736.719 93.1259 0 
2798 733.394 106.112 0 
2799 729.966 118.966 0 
2800 726.421 131.668 0 
2801 722.74 144.199 0 
2802 718.909 156.536 0 
2803 714.911 168.655 0 
2804 710.726 180.533 0 
2805 706.333 192.143 0 
2806 701.714 203.457 0 
2807 696.843 214.442 0 
2808 691.697 225.07 0 
2809 686.251 235.303 0 
2810 680.475 245.106 0 
2811 674.342 254.438 0 
2812 667.82 263.26 0 
2813 660.875 271.527 0 
2814 653.473 279.195 0 
2815 645.579 286.217 0 
2816 637.155 292.547 0 
2817 628.163 298.146 0 
2818 618.618 303.037 0 
2819 608.721 308.486 0 
2820 598.471 314.26 0 
2821 587.853 320.288 0 
2822 576.991 326.51 0 
2823 565.913 333.022 0 
2824 554.559 339.911 0 
2825 543.045 347.222 0 
2826 531.874 354.726 0 
2827 521.02 362.537 0 
2828 510.265 370.773 0 
2829 499.603 379.483 0 
2830 489.096 388.694 0 
2831 478.866 398.451 0 
2832 469.038 408.795 0 
2833 459.786 419.713 0 
2834 451.188 431.292 0 
2835 443.292 443.627 0 
2836 436.153 456.847 0 
2837 429.884 471.076 0 
2838 424.666 486.406 0 
2839 420.681 502.899 0 
2840 418.137 520.611 0 
2841 417.223 539.59 0 
2842 418.115 559.868 0 
2843 420.968 581.463 0 
2844 425.913 604.374 0 
2845 433.052 628.573 0 
2846 442.458 653.999 0 
2847 454.185 680.56 0 
2848 468.255 708.145 0 
2849 484.578 736.659 0 
2850 503.222 765.519 0 
2851 525 793.869 0 
2852 775.1 -1.90735e-07 0 
2853 772.239 13.5491 0 
2854 769.366 27.0831 0 
2855 766.469 40.5866 0 
2856 763.537 54.0438 0 
2857 760.555 67.4392 0 
2858 757.514 80.7561 0 
2859 754.399 93.9778 0 
2860 751.197 107.086 0 
2861 747.893 120.062 0 
2862 744.473 132.888 0 
2863 740.92 145.54 0 
2864 737.22 157.999 0 
2865 733.353 170.238 0 
2866 729.302 182.234 0 
2867 725.045 193.958 0 
2868 720.562 205.384 0 
2869 715.831 216.477 0 
2870 710.825 227.204 0 
2871 705.52 237.53 0 
2872 699.887 247.415 0 
2873 693.895 256.817 0 
2874 687.514 265.695 0 
2875 680.709 274 0 
2876 673.445 281.683 0 
2877 665.685 288.697 0 
2878 657.393 294.988 0 
2879 648.533 300.505 0 
2880 639.076 305.194 0 
2881 629.174 310.372 0 
2882 618.861 315.825 0 
2883 608.108 321.5 0 
2884 597.053 327.341 0 
2885 585.677 333.448 0 
2886 573.943 339.937 0 
2887 562.159 346.722 0 
2888 550.75 353.689 0 
2889 539.497 360.986 0 
2890 528.201 368.682 0 
2891 516.918 376.81 0 
2892 505.753 385.4 0 
2893 494.834 394.494 0 
2894 484.347 404.087 0 
2895 474.436 414.215 0 
2896 465.139 424.977 0 
2897 456.469 436.494 0 
2898 448.49 448.881 0 
2899 441.33 462.273 0 
2900 435.148 476.769 0 
2901 430.165 492.448 0 
2902 426.594 509.378 0 
2903 424.662 527.612 0 
2904 424.568 547.19 0 
2905 426.493 568.135 0 
2906 430.581 590.451 0 
2907 436.938 614.115 0 
2908 445.633 639.072 0 
2909 456.712 665.22 0 
2910 470.208 692.444 0 
2911 486.158 720.592 0 
2912 504.294 749.859 0 
2913 525 778.834 0 
2914 791.95 -1.90735e-07 0 
2915 789.218 13.6855 0 
2916 786.473 27.3559 0 
2917 783.706 40.9962 0 
2918 780.903 54.5911 0 
2919 778.055 68.1247 0 
2920 775.146 81.5806 0 
2921 772.166 94.9426 0 
2922 769.1 108.192 0 
2923 765.936 121.31 0 
2924 762.657 134.279 0 
2925 759.249 147.075 0 
2926 755.696 159.679 0 
2927 751.979 172.063 0 
2928 748.082 184.205 0 
2929 743.982 196.075 0 
2930 739.66 207.642 0 
2931 735.092 218.876 0 
2932 730.254 229.74 0 
2933 725.117 240.197 0 
2934 719.656 250.206 0 
2935 713.838 259.722 0 
2936 707.633 268.702 0 
2937 701.002 277.093 0 
2938 693.913 284.844 0 
2939 686.324 291.899 0 
2940 678.199 298.203 0 
2941 669.497 303.692 0 
2942 660.181 308.3 0 
2943 650.334 313.225 0 
2944 640.002 318.365 0 
2945 629.157 323.693 0 
2946 617.938 329.179 0 
2947 606.292 334.894 0 
2948 594.235 340.969 0 
2949 582.244 347.233 0 
2950 570.6 353.7 0 
2951 558.865 360.508 0 
2952 546.989 367.668 0 
2953 535.063 375.203 0 
2954 523.22 383.159 0 
2955 511.643 391.538 0 
2956 500.571 400.34 0 
2957 490.055 409.653 0 
2958 480.081 419.58 0 
2959 470.65 430.221 0 
2960 461.826 441.722 0 
2961 453.738 454.193 0 
2962 446.558 467.762 0 
2963 440.495 482.54 0 
2964 435.808 498.608 0 
2965 432.74 516.024 0 
2966 431.54 534.84 0 
2967 432.419 555.079 0 
2968 435.548 576.746 0 
2969 441.044 599.826 0 
2970 448.97 624.263 0 
2971 459.346 649.955 0 
2972 472.19 676.748 0 
2973 487.52 704.442 0 
2974 505.391 732.87 0 
2975 525 762.728 0 
2976 808.8 -1.90735e-07 0 
2977 806.207 13.8368 0 
2978 803.604 27.6588 0 
2979 800.978 41.4515 0 
2980 798.318 55.1996 0 
2981 795.613 68.8875 0 
2982 792.85 82.4997 0 
2983 790.018 96.0191 0 
2984 787.104 109.429 0 
2985 784.092 122.709 0 
2986 780.97 135.841 0 
2987 777.723 148.805 0 
2988 774.335 161.577 0 
2989 770.788 174.133 0 
2990 767.064 186.448 0 
2991 763.143 198.492 0 
2992 759.004 210.236 0 
2993 754.623 221.645 0 
2994 749.978 232.683 0 
2995 745.041 243.312 0 
2996 739.782 253.489 0 
2997 734.171 263.166 0 
2998 728.174 272.296 0 
2999 721.756 280.825 0 
3000 714.878 288.698 0 
3001 707.501 295.854 0 
3002 699.581 302.231 0 
3003 691.077 307.762 0 
3004 681.945 312.369 0 
3005 672.209 317.089 0 
3006 661.907 321.929 0 
3007 651.026 326.935 0 
3008 639.69 332.088 0 
3009 627.821 337.443 0 
3010 615.459 343.087 0 
3011 603.353 348.855 0 
3012 591.398 354.878 0 
3013 579.115 361.201 0 
3014 566.637 367.804 0 
3015 554.055 374.747 0 
3016 541.545 382.044 0 
3017 529.436 389.663 0 
3018 517.853 397.685 0 
3019 506.762 406.178 0 
3020 496.12 415.239 0 
3021 485.931 424.987 0 
3022 476.261 435.526 0 
3023 467.236 447.006 0 
3024 459.029 459.556 0 
3025 451.843 473.316 0 
3026 445.938 488.408 0 
3027 441.617 504.915 0 
3028 439.166 522.883 0 
3029 438.853 542.343 0 
3030 440.889 563.299 0 
3031 445.415 585.734 0 
3032 452.49 609.593 0 
3033 462.114 634.747 0 
3034 474.239 660.993 0 
3035 488.8 688.023 0 
3036 505.684 715.561 0 
3037 525 742.323 0 
3038 825.65 -1.90735e-07 0 
3039 823.209 14.0027 0 
3040 820.757 27.9913 0 
3041 818.283 41.9513 0 
3042 815.777 55.868 0 
3043 813.228 69.7265 0 
3044 810.624 83.5112 0 
3045 807.953 97.2057 0 
3046 805.202 110.794 0 
3047 802.359 124.255 0 
3048 799.41 137.574 0 
3049 796.34 150.726 0 
3050 793.132 163.691 0 
3051 789.772 176.445 0 
3052 786.242 188.961 0 
3053 782.521 201.21 0 
3054 778.588 213.162 0 
3055 774.421 224.784 0 
3056 769.995 236.036 0 
3057 765.285 246.88 0 
3058 760.26 257.269 0 
3059 754.889 267.157 0 
3060 749.138 276.492 0 
3061 742.97 285.215 0 
3062 736.344 293.269 0 
3063 729.218 300.588 0 
3064 721.548 307.107 0 
3065 713.285 312.752 0 
3066 704.382 317.447 0 
3067 694.817 321.969 0 
3068 684.603 326.559 0 
3069 673.727 331.29 0 
3070 662.307 336.129 0 
3071 650.252 341.15 0 
3072 637.699 346.388 0 
3073 625.495 351.728 0 
3074 613.089 357.319 0 
3075 600.267 363.131 0 
3076 587.175 369.182 0 
3077 573.934 375.524 0 
3078 560.918 382.114 0 
3079 548.376 389.013 0 
3080 536.309 396.271 0 
3081 524.635 403.958 0 
3082 513.317 412.165 0 
3083 502.372 420.975 0 
3084 491.878 430.514 0 
3085 481.94 440.916 0 
3086 472.701 452.348 0 
3087 464.366 464.969 0 
3088 457.185 478.943 0 
3089 451.486 494.396 0 
3090 447.627 511.403 0 
3091 445.942 529.991 0 
3092 446.708 550.159 0 
3093 450.114 571.885 0 
3094 456.229 595.117 0 
3095 465.017 619.741 0 
3096 476.396 645.532 0 
3097 490.24 672.253 0 
3098 506.54 699.52 0 
3099 525 727.291 0 
3100 842.5 -1.90735e-07 0 
3101 840.221 14.183 0 
3102 837.931 28.3523 0 
3103 835.621 42.4942 0 
3104 833.281 56.5947 0 
3105 830.899 70.6392 0 
3106 828.465 84.6128 0 
3107 825.966 98.4998 0 
3108 823.394 112.284 0 
3109 820.732 125.947 0 
3110 817.969 139.471 0 
3111 815.092 152.835 0 
3112 812.084 166.018 0 
3113 808.929 178.994 0 
3114 805.611 191.741 0 
3115 802.11 204.226 0 
3116 798.406 216.422 0 
3117 794.477 228.291 0 
3118 790.298 239.799 0 
3119 785.844 250.901 0 
3120 781.084 261.552 0 
3121 775.988 271.702 0 
3122 770.518 281.297 0 
3123 764.64 290.275 0 
3124 758.309 298.574 0 
3125 751.481 306.124 0 
3126 744.108 312.855 0 
3127 736.135 318.693 0 
3128 727.505 323.565 0 
3129 718.188 327.882 0 
3130 708.126 332.327 0 
3131 697.295 336.843 0 
3132 685.814 341.41 0 
3133 673.616 346.118 0 
3134 661.026 350.988 0 
3135 648.633 355.933 0 
3136 635.709 361.085 0 
3137 622.345 366.388 0 
3138 608.637 371.89 0 
3139 594.858 377.603 0 
3140 581.475 383.525 0 
3141 568.549 389.736 0 
3142 555.987 396.272 0 
3143 543.712 403.183 0 
3144 531.71 410.53 0 
3145 520.031 418.398 0 
3146 508.742 426.901 0 
3147 497.93 436.178 0 
3148 487.703 446.393 0 
3149 478.231 457.745 0 
3150 469.755 470.437 0 
3151 462.592 484.655 0 
3152 457.162 500.525 0 
3153 453.896 518.106 0 
3154 453.166 537.386 0 
3155 455.244 558.321 0 
3156 460.245 580.853 0 
3157 468.114 604.883 0 
3158 478.672 630.196 0 
3159 491.793 656.362 0 
3160 507.216 683.227 0 
3161 525 710.1 0 
3162 859.35 -1.90735e-07 0 
3163 857.242 14.3769 0 
3164 855.125 28.7408 0 
3165 852.99 43.0787 0 
3166 850.826 57.3773 0 
3167 848.622 71.6229 0 
3168 846.369 85.801 0 
3169 844.057 99.8973 0 
3170 841.672 113.895 0 
3171 839.207 127.777 0 
3172 836.645 141.528 0 
3173 833.974 155.125 0 
3174 831.181 168.549 0 
3175 828.249 181.775 0 
3176 825.162 194.779 0 
3177 821.902 207.533 0 
3178 818.45 220.006 0 
3179 814.782 232.163 0 
3180 810.877 243.965 0 
3181 806.708 255.372 0 
3182 802.245 266.335 0 
3183 797.457 276.803 0 
3184 792.31 286.718 0 
3185 786.762 296.016 0 
3186 780.771 304.627 0 
3187 774.291 312.48 0 
3188 767.266 319.495 0 
3189 759.642 325.6 0 
3190 751.357 330.729 0 
3191 742.353 334.874 0 
3192 732.495 339.296 0 
3193 721.772 343.681 0 
3194 710.275 348.038 0 
3195 697.965 352.461 0 
3196 685.379 356.997 0 
3197 672.711 361.585 0 
3198 659.288 366.276 0 
3199 645.376 371.074 0 
3200 631.087 376.02 0 
3201 616.994 381.107 0 
3202 603.319 386.436 0 
3203 589.987 392.014 0 
3204 576.897 397.858 0 
3205 564.006 404.009 0 
3206 551.342 410.513 0 
3207 538.958 417.45 0 
3208 526.91 424.919 0 
3209 515.267 433.046 0 
3210 504.116 441.996 0 
3211 493.574 451.966 0 
3212 483.838 463.202 0 
3213 475.2 475.962 0 
3214 468.074 490.463 0 
3215 463.003 506.82 0 
3216 460.502 525.056 0 
3217 460.972 545.093 0 
3218 464.626 566.836 0 
3219 471.431 590.186 0 
3220 481.125 614.969 0 
3221 493.385 640.762 0 
3222 508.172 666.987 0 
3223 525 693.979 0 
3224 876.2 -1.90735e-07 0 
3225 874.274 14.5837 0 
3226 872.34 29.1553 0 
3227 870.388 43.7025 0 
3228 868.409 58.213 0 
3229 866.394 72.6738 0 
3230 864.334 87.0715 0 
3231 862.217 101.392 0 
3232 860.035 115.621 0 
3233 857.777 129.742 0 
3234 855.428 143.737 0 
3235 852.98 157.588 0 
3236 850.416 171.277 0 
3237 847.724 184.779 0 
3238 844.887 198.069 0 
3239 841.888 211.121 0 
3240 838.708 223.906 0 
3241 835.327 236.387 0 
3242 831.72 248.529 0 
3243 827.865 260.287 0 
3244 823.731 271.615 0 
3245 819.288 282.458 0 
3246 814.5 292.756 0 
3247 809.327 302.442 0 
3248 803.725 311.44 0 
3249 797.642 319.672 0 
3250 791.023 327.048 0 
3251 783.808 333.481 0 
3252 775.929 338.879 0 
3253 767.323 343.143 0 
3254 757.727 347.562 0 
3255 747.182 351.876 0 
3256 735.743 356.099 0 
3257 723.332 360.29 0 
3258 710.726 364.503 0 
3259 697.684 368.762 0 
3260 683.816 373.033 0 
3261 669.365 377.31 0 
3262 654.722 381.682 0 
3263 640.421 386.241 0 
3264 626.448 391.014 0 
3265 612.675 395.993 0 
3266 599.032 401.179 0 
3267 585.538 406.587 0 
3268 572.24 412.28 0 
3269 559.184 418.316 0 
3270 546.42 424.777 0 
3271 534 431.774 0 
3272 521.988 439.45 0 
3273 510.471 447.996 0 
3274 499.578 457.653 0 
3275 489.535 468.722 0 
3276 480.706 481.543 0 
3277 473.645 496.369 0 
3278 469.066 513.296 0 
3279 467.561 532.269 0 
3280 469.521 553.111 0 
3281 475.019 575.653 0 
3282 483.753 599.733 0 
3283 495.18 624.903 0 
3284 508.812 650.521 0 
3285 525 675.709 0 
3286 893.05 -1.90735e-07 0 
3287 891.315 14.8026 0 
3288 889.571 29.594 0 
3289 887.812 44.3631 0 
3290 886.028 59.0983 0 
3291 884.211 73.7877 0 
3292 882.353 88.4191 0 
3293 880.444 102.98 0 
3294 878.474 117.454 0 
3295 876.434 131.831 0 
3296 874.314 146.09 0 
3297 872.1 160.217 0 
3298 869.781 174.191 0 
3299 867.343 187.992 0 
3300 864.773 201.596 0 
3301 862.054 214.978 0 
3302 859.168 228.108 0 
3303 856.094 240.953 0 
3304 852.813 253.475 0 
3305 849.3 265.633 0 
3306 845.527 277.379 0 
3307 841.464 288.657 0 
3308 837.075 299.406 0 
3309 832.322 309.553 0 
3310 827.157 319.021 0 
3311 821.53 327.717 0 
3312 815.38 335.545 0 
3313 808.638 342.397 0 
3314 801.229 348.161 0 
3315 793.071 352.716 0 
3316 783.833 357.199 0 
3317 773.529 361.519 0 
3318 762.207 365.666 0 
3319 749.801 369.676 0 
3320 737.144 373.615 0 
3321 723.652 377.509 0 
3322 709.336 381.398 0 
3323 694.408 385.201 0 
3324 679.626 389.06 0 
3325 665.143 393.141 0 
3326 650.82 397.401 0 
3327 636.565 401.808 0 
3328 622.378 406.348 0 
3329 608.315 411.056 0 
3330 594.418 415.976 0 
3331 580.73 421.161 0 
3332 567.294 426.671 0 
3333 554.15 432.59 0 
3334 541.349 439.038 0 
3335 528.948 446.179 0 
3336 517.032 454.23 0 
3337 505.738 463.484 0 
3338 495.335 474.308 0 
3339 486.27 487.161 0 
3340 479.335 502.377 0 
3341 475.43 519.965 0 
3342 475.224 539.737 0 
3343 478.975 561.427 0 
3344 486.513 584.737 0 
3345 497.109 609.435 0 
3346 510.025 634.85 0 
3347 525 660.641 0 
3348 909.9 -1.90735e-07 0 
3349 908.363 15.0326 0 
3350 906.819 30.0551 0 
3351 905.26 45.0576 0 
3352 903.681 60.0293 0 
3353 902.071 74.9598 0 
3354 900.424 89.8379 0 
3355 898.731 104.651 0 
3356 896.984 119.389 0 
3357 895.174 134.035 0 
3358 893.292 148.576 0 
3359 891.325 162.997 0 
3360 889.264 177.279 0 
3361 887.097 191.403 0 
3362 884.809 205.346 0 
3363 882.386 219.087 0 
3364 879.813 232.595 0 
3365 877.07 245.84 0 
3366 874.138 258.785 0 
3367 870.994 271.392 0 
3368 867.613 283.61 0 
3369 863.964 295.387 0 
3370 860.015 306.657 0 
3371 855.727 317.348 0 
3372 851.053 327.372 0 
3373 845.94 336.632 0 
3374 840.327 345.017 0 
3375 834.135 352.402 0 
3376 827.277 358.653 0 
3377 819.651 363.63 0 
3378 810.856 368.292 0 
3379 800.837 372.729 0 
3380 789.67 376.86 0 
3381 777.31 380.723 0 
3382 764.533 384.54 0 
3383 750.616 388.051 0 
3384 735.824 391.493 0 
3385 720.71 394.848 0 
3386 705.818 398.335 0 
3387 691.077 401.962 0 
3388 676.351 405.707 0 
3389 661.609 409.547 0 
3390 646.911 413.477 0 
3391 632.319 417.522 0 
3392 617.874 421.721 0 
3393 603.603 426.121 0 
3394 589.54 430.757 0 
3395 575.722 435.686 0 
3396 562.194 440.996 0 
3397 549 446.817 0 
3398 536.182 453.33 0 
3399 523.825 460.774 0 
3400 512.082 469.498 0 
3401 501.26 479.982 0 
3402 491.936 492.836 0 
3403 485.179 508.483 0 
3404 482.189 526.814 0 
3405 483.67 547.394 0 
3406 489.494 569.838 0 
3407 499.081 593.55 0 
3408 511.172 617.971 0 
3409 525 642.335 0 
3410 926.75 -1.90735e-07 0 
3411 925.419 15.2726 0 
3412 924.082 30.5365 0 
3413 922.731 45.7825 0 
3414 921.362 61.0017 0 
3415 919.967 76.1844 0 
3416 918.539 91.3209 0 
3417 917.071 106.401 0 
3418 915.557 121.413 0 
3419 913.987 136.345 0 
3420 912.352 151.184 0 
3421 910.645 165.915 0 
3422 908.855 180.524 0 
3423 906.97 194.993 0 
3424 904.98 209.301 0 
3425 902.87 223.427 0 
3426 900.628 237.344 0 
3427 898.235 251.026 0 
3428 895.675 264.436 0 
3429 892.927 277.538 0 
3430 889.966 290.284 0 
3431 886.766 302.622 0 
3432 883.295 314.489 0 
3433 879.517 325.806 0 
3434 875.388 336.487 0 
3435 870.854 346.423 0 
3436 865.851 355.489 0 
3437 860.298 363.54 0 
3438 854.093 370.419 0 
3439 847.114 375.962 0 
3440 838.861 380.952 0 
3441 829.193 385.641 0 
3442 818.184 389.837 0 
3443 805.87 393.631 0 
3444 792.864 397.279 0 
3445 778.582 400.526 0 
3446 763.413 403.514 0 
3447 748.257 406.503 0 
3448 733.194 409.612 0 
3449 718.111 412.787 0 
3450 702.959 416.012 0 
3451 687.762 419.298 0 
3452 672.591 422.652 0 
3453 657.514 426.079 0 
3454 642.577 429.611 0 
3455 627.784 433.292 0 
3456 613.151 437.145 0 
3457 598.706 441.197 0 
3458 584.506 445.496 0 
3459 570.591 450.131 0 
3460 556.985 455.242 0 
3461 543.72 461.024 0 
3462 530.872 467.728 0 
3463 518.638 475.768 0 
3464 507.349 485.763 0 
3465 497.733 498.532 0 
3466 491.247 514.652 0 
3467 489.505 533.754 0 
3468 493.037 555.014 0 
3469 501.018 577.783 0 
3470 512.225 600.953 0 
3471 525 624.043 0 
3472 943.6 -1.90735e-07 0 
3473 942.481 15.5216 0 
3474 941.356 31.0356 0 
3475 940.221 46.5345 0 
3476 939.07 62.0103 0 
3477 937.896 77.4552 0 
3478 936.696 92.8607 0 
3479 935.46 108.217 0 
3480 934.186 123.516 0 
3481 932.863 138.747 0 
3482 931.486 153.898 0 
3483 930.048 168.958 0 
3484 928.538 183.911 0 
3485 926.949 198.744 0 
3486 925.269 213.438 0 
3487 923.488 227.975 0 
3488 921.592 242.331 0 
3489 919.568 256.482 0 
3490 917.401 270.396 0 
3491 915.071 284.038 0 
3492 912.558 297.366 0 
3493 909.838 310.33 0 
3494 906.882 322.867 0 
3495 903.659 334.904 0 
3496 900.126 346.347 0 
3497 896.236 357.084 0 
3498 891.925 366.975 0 
3499 887.112 375.852 0 
3500 881.685 383.518 0 
3501 875.491 389.764 0 
3502 867.898 395.338 0 
3503 858.679 400.431 0 
3504 847.839 404.787 0 
3505 835.567 408.597 0 
3506 822.202 411.932 0 
3507 807.51 414.92 0 
3508 792.27 417.613 0 
3509 776.977 420.34 0 
3510 761.618 423.051 0 
3511 746.128 425.728 0 
3512 730.553 428.399 0 
3513 714.947 431.13 0 
3514 699.35 433.935 0 
3515 683.839 436.79 0 
3516 668.466 439.709 0 
3517 653.229 442.731 0 
3518 638.091 445.89 0 
3519 623.069 449.183 0 
3520 608.244 452.62 0 
3521 593.665 456.247 0 
3522 579.345 460.148 0 
3523 565.291 464.477 0 
3524 551.535 469.408 0 
3525 538.181 475.229 0 
3526 525.421 482.394 0 
3527 513.647 491.637 0 
3528 503.671 504.175 0 
3529 497.604 520.84 0 
3530 497.622 540.518 0 
3531 503.227 561.911 0 
3532 512.812 583.716 0 
3533 525 604.678 0 
3534 960.45 -1.90735e-07 0 
3535 959.548 15.778 0 
3536 958.642 31.5498 0 
3537 957.727 47.3093 0 
3538 956.799 63.0501 0 
3539 955.853 78.7656 0 
3540 954.885 94.4488 0 
3541 953.889 110.093 0 
3542 952.861 125.689 0 
3543 951.794 141.23 0 
3544 950.683 156.704 0 
3545 949.521 172.104 0 
3546 948.303 187.418 0 
3547 947.018 202.633 0 
3548 945.66 217.733 0 
3549 944.22 232.703 0 
3550 942.685 247.525 0 
3551 941.046 262.174 0 
3552 939.289 276.627 0 
3553 937.399 290.853 0 
3554 935.357 304.813 0 
3555 933.145 318.463 0 
3556 930.739 331.747 0 
3557 928.109 344.594 0 
3558 925.224 356.914 0 
3559 922.039 368.591 0 
3560 918.502 379.476 0 
3561 914.54 389.373 0 
3562 910.041 398.04 0 
3563 904.836 405.194 0 
3564 898.079 411.622 0 
3565 889.397 417.353 0 
3566 878.693 421.963 0 
3567 866.344 425.78 0 
3568 852.548 428.873 0 
3569 837.558 431.505 0 
3570 822.223 433.992 0 
3571 806.704 436.41 0 
3572 790.961 438.719 0 
3573 775.017 440.892 0 
3574 759.003 442.987 0 
3575 743.03 445.109 0 
3576 727.089 447.357 0 
3577 711.204 449.691 0 
3578 695.454 452.061 0 
3579 679.843 454.483 0 
3580 664.284 456.995 0 
3581 648.726 459.627 0 
3582 633.337 462.34 0 
3583 618.167 465.148 0 
3584 603.158 468.092 0 
3585 588.392 471.206 0 
3586 573.852 474.664 0 
3587 559.597 478.632 0 
3588 545.642 483.475 0 
3589 532.444 489.455 0 
3590 520.165 497.603 0 
3591 509.544 509.82 0 
3592 504.1 527.219 0 
3593 506.283 547.479 0 
3594 513.874 568.781 0 
3595 525 590.64 0 
3596 977.3 -1.90735e-07 0 
3597 976.62 16.0406 0 
3598 975.937 32.0764 0 
3599 975.246 48.1029 0 
3600 974.546 64.1151 0 
3601 973.833 80.108 0 
3602 973.102 96.0765 0 
3603 972.35 112.014 0 
3604 971.574 127.917 0 
3605 970.769 143.777 0 
3606 969.93 159.586 0 
3607 969.052 175.339 0 
3608 968.131 191.025 0 
3609 967.16 206.635 0 
3610 966.134 222.157 0 
3611 965.044 237.58 0 
3612 963.883 252.888 0 
3613 962.641 268.064 0 
3614 961.31 283.087 0 
3615 959.877 297.933 0 
3616 958.327 312.57 0 
3617 956.646 326.963 0 
3618 954.817 341.064 0 
3619 952.816 354.81 0 
3620 950.619 368.123 0 
3621 948.195 380.892 0 
3622 945.505 392.963 0 
3623 942.503 404.124 0 
3624 939.108 414.076 0 
3625 935.17 422.424 0 
3626 929.485 430.126 0 
3627 921.502 436.835 0 
3628 910.813 441.7 0 
3629 898.131 445.474 0 
3630 883.755 448.293 0 
3631 868.635 450.578 0 
3632 853.058 452.756 0 
3633 837.211 454.791 0 
3634 821.125 456.675 0 
3635 804.73 458.385 0 
3636 788.222 459.933 0 
3637 771.79 461.393 0 
3638 755.589 462.944 0 
3639 739.497 464.73 0 
3640 723.46 466.666 0 
3641 707.527 468.596 0 
3642 691.58 470.487 0 
3643 675.495 472.462 0 
3644 659.621 474.527 0 
3645 643.981 476.669 0 
3646 628.371 478.871 0 
3647 612.828 481.124 0 
3648 597.513 483.409 0 
3649 582.549 485.864 0 
3650 567.604 488.856 0 
3651 553.327 492.531 0 
3652 539.788 497.17 0 
3653 526.667 503.868 0 
3654 515.031 515.598 0 
3655 511.155 532.812 0 
3656 515.142 552.316 0 
3657 525 572.339 0 
3658 994.15 -1.90735e-07 0 
3659 993.694 16.3078 0 
3660 993.237 32.6124 0 
3661 992.775 48.9107 0 
3662 992.307 65.1994 0 
3663 991.829 81.4752 0 
3664 991.34 97.7346 0 
3665 990.837 113.974 0 
3666 990.317 130.188 0 
3667 989.777 146.374 0 
3668 989.215 162.525 0 
3669 988.627 178.639 0 
3670 988.01 194.708 0 
3671 987.359 210.725 0 
3672 986.67 226.683 0 
3673 985.94 242.572 0 
3674 985.161 258.385 0 
3675 984.327 274.106 0 
3676 983.433 289.724 0 
3677 982.47 305.22 0 
3678 981.429 320.572 0 
3679 980.298 335.756 0 
3680 979.067 350.734 0 
3681 977.719 365.462 0 
3682 976.241 379.876 0 
3683 974.614 393.887 0 
3684 972.822 407.361 0 
3685 970.857 420.085 0 
3686 968.717 431.715 0 
3687 966.403 441.684 0 
3688 962.126 451.318 0 
3689 954.976 459.725 0 
3690 943.91 464.53 0 
3691 930.846 468.091 0 
3692 915.927 470.658 0 
3693 900.272 472.477 0 
3694 884.325 473.985 0 
3695 868.214 475.487 0 
3696 852.04 476.959 0 
3697 835.249 478.269 0 
3698 818.211 479.344 0 
3699 801.13 480.215 0 
3700 784.399 480.986 0 
3701 768.275 481.941 0 
3702 752.406 483.365 0 
3703 736.244 485.069 0 
3704 719.747 486.475 0 
3705 703.078 487.622 0 
3706 686.804 489.006 0 
3707 670.876 490.576 0 
3708 654.68 492.157 0 
3709 638.526 493.708 0 
3710 622.279 495.242 0 
3711 606.511 496.698 0 
3712 590.634 498.063 0 
3713 575.828 499.994 0 
3714 561.509 502.536 0 
3715 547.058 505.832 0 
3716 531.933 510.838 0 
3717 519.676 521.113 0 
3718 517.774 538.015 0 
3719 525 558.311 0 
3720 1011.01 -1.90735e-07 0 
3721 1010.78 16.5783 0 
3722 1010.55 33.1551 0 
3723 1010.31 49.7286 0 
3724 1010.08 66.2973 0 
3725 1009.84 82.8595 0 
3726 1009.6 99.413 0 
3727 1009.35 115.957 0 
3728 1009.08 132.488 0 
3729 1008.82 149.005 0 
3730 1008.53 165.505 0 
3731 1008.24 181.986 0 
3732 1007.93 198.443 0 
3733 1007.61 214.876 0 
3734 1007.26 231.278 0 
3735 1006.89 247.645 0 
3736 1006.5 263.974 0 
3737 1006.08 280.256 0 
3738 1005.63 296.486 0 
3739 1005.15 312.654 0 
3740 1004.62 328.749 0 
3741 1004.06 344.756 0 
3742 1003.44 360.659 0 
3743 1002.76 376.431 0 
3744 1002.02 392.038 0 
3745 1001.21 407.428 0 
3746 1000.32 422.516 0 
3747 999.394 437.151 0 
3748 998.512 451.026 0 
3749 998.072 463.407 0 
3750 995.878 475.877 0 
3751 990.172 488.038 0 
3752 976.545 491.461 0 
3753 963.719 494.29 0 
3754 949.291 496.402 0 
3755 932.355 497.599 0 
3756 914.788 497.846 0 
3757 899.579 498.644 0 
3758 883.348 499.737 0 
3759 866.515 500.454 0 
3760 849.076 501.239 0 
3761 831.189 501.649 0 
3762 813.544 501.79 0 
3763 796.693 501.765 0 
3764 781.433 502.343 0 
3765 766.23 503.578 0 
3766 749.085 504.946 0 
3767 730.742 505.23 0 
3768 714.501 505.669 0 
3769 698.487 506.706 0 
3770 681.761 507.582 0 
3771 664.854 508.489 0 
3772 647.853 509.248 0 
3773 631.346 510.175 0 
3774 613.891 510.488 0 
3775 598.991 510.998 0 
3776 584.512 512.231 0 
3777 569.197 513.647 0 
3778 552.31 515.293 0 
3779 536.696 517.996 0 
3780 524.422 524.6 0 
3781 525 542.131 0 
3782 1027.84 -1.90735e-07 0 
3783 1027.84 16.85 0 
3784 1027.84 33.7 0 
3785 1027.84 50.55 0 
3786 1027.84 67.4 0 
3787 1027.84 84.25 0 
3788 1027.84 101.1 0 
3789 1027.84 117.95 0 
3790 1027.84 134.8 0 
3791 1027.84 151.65 0 
3792 1027.84 168.5 0 
3793 1027.84 185.35 0 
3794 1027.84 202.2 0 
3795 1027.84 219.05 0 
3796 1027.84 235.9 0 
3797 1027.84 252.75 0 
3798 1027.84 269.6 0 
3799 1027.84 286.45 0 
3800 1027.84 303.3 0 
3801 1027.84 320.15 0 
3802 1027.84 337 0 
3803 1027.84 353.85 0 
3804 1027.84 370.7 0 
3805 1027.84 387.55 0 
3806 1027.84 404.4 0 
3807 1027.84 421.25 0 
3808 1027.84 438.1 0 
3809 1027.84 454.95 0 
3810 1027.84 471.8 0 
3811 1027.84 488.65 0 
3812 1027.84 505.5 0 
3813 1027.84 525 0 
3814 1009.53 525 0 
3815 991.887 525 0 
3816 979.696 525 0 
3817 965.37 525 0 
3818 944.494 525 0 
3819 927.989 525 0 
3820 914.786 525 0 
3821 897.205 525 0 
3822 880.702 525 0 
3823 862.094 525 0 
3824 843.454 525 0 
3825 824.85 525 0 
3826 809.507 525 0 
3827 795.273 525 0 
3828 780 525 0 
3829 758.169 525 0 
3830 741.79 525 0 
3831 726.507 525 0 
3832 709.102 525 0 
3833 691.676 525 0 
3834 673.191 525 0 
3835 656.862 525 0 
3836 636.229 525 0 
3837 622.147 525 0 
3838 608.041 525 0 
3839 591.773 525 0 
3840 572.275 525 0 
3841 556.067 525 0 
3842 540 525 0 
3843 525 525 0 
