0 -1.90735e-07 -1.90735e-07 0 
1 -1.90735e-07 16.85 0 
2 -1.90735e-07 33.7 0 
3 -1.90735e-07 50.55 0 
4 -1.90735e-07 67.4 0 
5 -1.90735e-07 84.25 0 
6 -1.90735e-07 101.1 0 
7 -1.90735e-07 117.95 0 
8 -1.90735e-07 134.8 0 
9 -1.90735e-07 151.65 0 
10 -1.90735e-07 168.5 0 
11 -1.90735e-07 185.35 0 
12 -1.90735e-07 202.2 0 
13 -1.90735e-07 219.05 0 
14 -1.90735e-07 235.9 0 
15 -1.90735e-07 252.75 0 
16 -1.90735e-07 269.6 0 
17 -1.90735e-07 286.45 0 
18 -1.90735e-07 303.3 0 
19 -1.90735e-07 320.15 0 
20 -1.90735e-07 337 0 
21 -1.90735e-07 353.85 0 
22 -1.90735e-07 370.7 0 
23 -1.90735e-07 387.55 0 
24 -1.90735e-07 404.4 0 
25 -1.90735e-07 421.25 0 
26 -1.90735e-07 438.1 0 
27 -1.90735e-07 454.95 0 
28 -1.90735e-07 471.8 0 
29 -1.90735e-07 488.65 0 
30 -1.90735e-07 505.5 0 
31 -1.90735e-07 522.35 0 
32 -1.90735e-07 539.2 0 
33 -1.90735e-07 556.05 0 
34 -1.90735e-07 572.9 0 
35 -1.90735e-07 589.75 0 
36 -1.90735e-07 606.6 0 
37 -1.90735e-07 623.45 0 
38 -1.90735e-07 640.3 0 
39 -1.90735e-07 657.15 0 
40 -1.90735e-07 674 0 
41 -1.90735e-07 690.85 0 
42 -1.90735e-07 707.7 0 
43 -1.90735e-07 724.55 0 
44 -1.90735e-07 741.4 0 
45 -1.90735e-07 758.25 0 
46 -1.90735e-07 775.1 0 
47 -1.90735e-07 791.95 0 
48 -1.90735e-07 808.8 0 
49 -1.90735e-07 825.65 0 
50 -1.90735e-07 842.5 0 
51 -1.90735e-07 859.35 0 
52 -1.90735e-07 876.2 0 
53 -1.90735e-07 893.05 0 
54 -1.90735e-07 909.9 0 
55 -1.90735e-07 926.75 0 
56 -1.90735e-07 943.6 0 
57 -1.90735e-07 960.45 0 
58 -1.90735e-07 977.3 0 
59 -1.90735e-07 994.15 0 
60 -1.90735e-07 1011.01 0 
61 -1.90735e-07 1027.84 0 
62 16.85 -1.90735e-07 0 
63 23.8891 23.8891 0 
64 30.9248 41.4517 0 
65 35.6571 56.9185 0 
66 38.0885 73.1201 0 
67 39.4696 89.6074 0 
68 40.3247 106.226 0 
69 40.8988 122.91 0 
70 41.3153 139.629 0 
71 41.6404 156.364 0 
72 41.9114 173.103 0 
73 42.1499 189.838 0 
74 42.3691 206.564 0 
75 42.5769 223.275 0 
76 42.778 239.967 0 
77 42.9751 256.638 0 
78 43.1692 273.284 0 
79 43.3605 289.903 0 
80 43.5482 306.493 0 
81 43.7309 323.054 0 
82 43.9067 339.584 0 
83 44.0732 356.084 0 
84 44.228 372.553 0 
85 44.3685 388.994 0 
86 44.4918 405.408 0 
87 44.5955 421.798 0 
88 44.6769 438.168 0 
89 44.734 454.521 0 
90 44.7651 470.862 0 
91 44.7689 487.195 0 
92 44.7447 503.527 0 
93 44.6924 519.862 0 
94 44.6124 536.206 0 
95 44.506 552.565 0 
96 44.3746 568.943 0 
97 44.2205 585.345 0 
98 44.0463 601.776 0 
99 43.8547 618.24 0 
100 43.649 634.738 0 
101 43.4318 651.274 0 
102 43.2061 667.848 0 
103 42.9745 684.461 0 
104 42.7385 701.113 0 
105 42.4992 717.802 0 
106 42.2558 734.526 0 
107 42.0058 751.28 0 
108 41.744 768.059 0 
109 41.4601 784.855 0 
110 41.1378 801.655 0 
111 40.749 818.44 0 
112 40.2489 835.178 0 
113 39.5649 851.818 0 
114 38.5798 868.264 0 
115 37.1067 884.345 0 
116 34.8358 899.706 0 
117 31.3248 913.72 0 
118 29.8411 929.055 0 
119 31.5531 943.358 0 
120 31.5697 959.322 0 
121 25.2156 984.277 0 
122 18.5405 1008.34 0 
123 16.85 1027.84 0 
124 33.7 -1.90735e-07 0 
125 41.4516 30.925 0 
126 45.3716 45.3718 0 
127 48.8366 60.2737 0 
128 51.2467 75.7329 0 
129 52.852 91.5726 0 
130 53.9272 107.652 0 
131 54.6632 123.882 0 
132 55.1811 140.209 0 
133 55.5564 156.597 0 
134 55.837 173.025 0 
135 56.0532 189.475 0 
136 56.2251 205.937 0 
137 56.3657 222.403 0 
138 56.4838 238.866 0 
139 56.5852 255.32 0 
140 56.6735 271.763 0 
141 56.7508 288.191 0 
142 56.8183 304.601 0 
143 56.876 320.993 0 
144 56.9236 337.365 0 
145 56.9602 353.717 0 
146 56.9846 370.051 0 
147 56.9956 386.367 0 
148 56.9918 402.667 0 
149 56.9719 418.954 0 
150 56.9345 435.231 0 
151 56.8789 451.501 0 
152 56.8045 467.77 0 
153 56.711 484.042 0 
154 56.5988 500.321 0 
155 56.4687 516.612 0 
156 56.3218 532.921 0 
157 56.16 549.252 0 
158 55.9855 565.61 0 
159 55.8008 581.999 0 
160 55.6088 598.424 0 
161 55.4125 614.886 0 
162 55.215 631.388 0 
163 55.0194 647.933 0 
164 54.8282 664.519 0 
165 54.6439 681.148 0 
166 54.468 697.817 0 
167 54.301 714.524 0 
168 54.1421 731.265 0 
169 53.9886 748.032 0 
170 53.8353 764.818 0 
171 53.6733 781.609 0 
172 53.4891 798.388 0 
173 53.2624 815.128 0 
174 52.9648 831.789 0 
175 52.5592 848.308 0 
176 52.005 864.588 0 
177 51.2809 880.48 0 
178 50.4632 895.767 0 
179 49.9956 910.232 0 
180 51.5465 924.028 0 
181 57.0981 935.554 0 
182 63.1863 952.434 0 
183 58.7712 967.689 0 
184 42.4553 1001.5 0 
185 33.7 1027.84 0 
186 50.55 -1.90735e-07 0 
187 56.9183 35.6574 0 
188 60.2733 48.837 0 
189 63.071 63.0716 0 
190 65.2098 77.9651 0 
191 66.7645 93.298 0 
192 67.8689 108.927 0 
193 68.6457 124.758 0 
194 69.1894 140.727 0 
195 69.5673 156.792 0 
196 69.8269 172.923 0 
197 70.0009 189.1 0 
198 70.1123 205.307 0 
199 70.177 221.534 0 
200 70.2064 237.772 0 
201 70.2085 254.015 0 
202 70.1888 270.257 0 
203 70.1511 286.495 0 
204 70.098 302.727 0 
205 70.0312 318.951 0 
206 69.9514 335.165 0 
207 69.8592 351.37 0 
208 69.7547 367.567 0 
209 69.6377 383.755 0 
210 69.508 399.939 0 
211 69.3656 416.119 0 
212 69.2104 432.3 0 
213 69.0426 448.484 0 
214 68.8628 464.676 0 
215 68.6718 480.88 0 
216 68.4709 497.102 0 
217 68.2616 513.344 0 
218 68.0461 529.613 0 
219 67.8269 545.912 0 
220 67.6066 562.246 0 
221 67.3884 578.619 0 
222 67.1756 595.033 0 
223 66.9714 611.492 0 
224 66.7793 627.997 0 
225 66.6024 644.549 0 
226 66.4435 661.149 0 
227 66.305 677.795 0 
228 66.1885 694.484 0 
229 66.0947 711.213 0 
230 66.0229 727.977 0 
231 65.9711 744.767 0 
232 65.9352 761.571 0 
233 65.9088 778.376 0 
234 65.883 795.161 0 
235 65.8468 811.896 0 
236 65.7886 828.541 0 
237 65.7021 845.036 0 
238 65.6002 861.301 0 
239 65.5487 877.221 0 
240 65.7404 892.65 0 
241 66.648 907.414 0 
242 69.2513 921.27 0 
243 74.9756 933.35 0 
244 77.8325 947.156 0 
245 74.4289 962.777 0 
246 67.3716 995.459 0 
247 50.55 1027.84 0 
248 67.4 -1.90735e-07 0 
249 73.1198 38.0889 0 
250 75.7323 51.2473 0 
251 77.9643 65.2106 0 
252 79.7568 79.7579 0 
253 81.1274 94.7272 0 
254 82.1381 110.001 0 
255 82.8615 125.495 0 
256 83.3633 141.149 0 
257 83.6966 156.92 0 
258 83.9024 172.775 0 
259 84.0113 188.694 0 
260 84.0461 204.658 0 
261 84.0236 220.654 0 
262 83.9563 236.674 0 
263 83.8535 252.709 0 
264 83.7219 268.755 0 
265 83.5667 284.807 0 
266 83.3915 300.862 0 
267 83.1992 316.918 0 
268 82.9917 332.975 0 
269 82.7707 349.032 0 
270 82.5372 365.09 0 
271 82.2923 381.149 0 
272 82.037 397.213 0 
273 81.7721 413.284 0 
274 81.4988 429.365 0 
275 81.2184 445.458 0 
276 80.9324 461.57 0 
277 80.6426 477.702 0 
278 80.3512 493.861 0 
279 80.0608 510.05 0 
280 79.7742 526.274 0 
281 79.4947 542.537 0 
282 79.2256 558.844 0 
283 78.9707 575.196 0 
284 78.7336 591.598 0 
285 78.5183 608.052 0 
286 78.3284 624.558 0 
287 78.1674 641.119 0 
288 78.0385 657.733 0 
289 77.9442 674.398 0 
290 77.8864 691.111 0 
291 77.8663 707.868 0 
292 77.8838 724.663 0 
293 77.9378 741.486 0 
294 78.0256 758.325 0 
295 78.1436 775.164 0 
296 78.2874 791.983 0 
297 78.4531 808.754 0 
298 78.6407 825.441 0 
299 78.8604 841.996 0 
300 79.1451 858.358 0 
301 79.573 874.453 0 
302 80.302 890.197 0 
303 81.6045 905.505 0 
304 83.835 920.288 0 
305 87.1089 934.45 0 
306 90.3131 948.284 0 
307 90.0898 967.777 0 
308 82.8633 994.979 0 
309 67.4 1027.84 0 
310 84.25 -1.90735e-07 0 
311 89.607 39.47 0 
312 91.5719 52.8528 0 
313 93.297 66.7656 0 
314 94.7259 81.1288 0 
315 95.8501 95.8518 0 
316 96.6946 110.855 0 
317 97.2989 126.073 0 
318 97.7057 141.455 0 
319 97.9535 156.962 0 
320 98.0747 172.566 0 
321 98.0957 188.242 0 
322 98.0371 203.975 0 
323 97.915 219.751 0 
324 97.7418 235.56 0 
325 97.5272 251.394 0 
326 97.2788 267.247 0 
327 97.0023 283.115 0 
328 96.7022 298.995 0 
329 96.3824 314.885 0 
330 96.0456 330.785 0 
331 95.6945 346.693 0 
332 95.3311 362.611 0 
333 94.9574 378.539 0 
334 94.5754 394.481 0 
335 94.187 410.439 0 
336 93.7944 426.416 0 
337 93.3998 442.416 0 
338 93.0057 458.442 0 
339 92.6149 474.499 0 
340 92.2306 490.59 0 
341 91.8562 506.722 0 
342 91.4953 522.897 0 
343 91.152 539.12 0 
344 90.8305 555.394 0 
345 90.535 571.724 0 
346 90.27 588.111 0 
347 90.0397 604.558 0 
348 89.8486 621.066 0 
349 89.7004 637.635 0 
350 89.5987 654.265 0 
351 89.5467 670.952 0 
352 89.5467 687.694 0 
353 89.6004 704.486 0 
354 89.7083 721.321 0 
355 89.8705 738.188 0 
356 90.0858 755.077 0 
357 90.3527 771.972 0 
358 90.6698 788.853 0 
359 91.0376 805.697 0 
360 91.4608 822.474 0 
361 91.9537 839.149 0 
362 92.5468 855.683 0 
363 93.2963 872.036 0 
364 94.2899 888.181 0 
365 95.6331 904.12 0 
366 97.3752 919.929 0 
367 99.3119 935.876 0 
368 100.673 952.772 0 
369 100.118 972.767 0 
370 96.8641 996.865 0 
371 84.25 1027.84 0 
372 101.1 -1.90735e-07 0 
373 106.225 40.3252 0 
374 107.651 53.9281 0 
375 108.926 67.8702 0 
376 110 82.1398 0 
377 110.853 96.6966 0 
378 111.491 111.493 0 
379 111.934 126.486 0 
380 112.207 141.635 0 
381 112.337 156.909 0 
382 112.347 172.282 0 
383 112.26 187.735 0 
384 112.092 203.25 0 
385 111.857 218.815 0 
386 111.569 234.421 0 
387 111.235 250.059 0 
388 110.864 265.724 0 
389 110.461 281.411 0 
390 110.033 297.119 0 
391 109.582 312.843 0 
392 109.114 328.585 0 
393 108.631 344.344 0 
394 108.135 360.12 0 
395 107.631 375.916 0 
396 107.12 391.734 0 
397 106.606 407.576 0 
398 106.092 423.445 0 
399 105.581 439.346 0 
400 105.076 455.283 0 
401 104.581 471.259 0 
402 104.1 487.28 0 
403 103.638 503.349 0 
404 103.199 519.472 0 
405 102.788 535.651 0 
406 102.409 551.891 0 
407 102.069 568.194 0 
408 101.772 584.565 0 
409 101.522 601.004 0 
410 101.326 617.513 0 
411 101.187 634.091 0 
412 101.109 650.738 0 
413 101.097 667.452 0 
414 101.153 684.228 0 
415 101.28 701.061 0 
416 101.479 717.945 0 
417 101.75 734.87 0 
418 102.094 751.824 0 
419 102.512 768.793 0 
420 103.002 785.761 0 
421 103.566 802.707 0 
422 104.211 819.609 0 
423 104.947 836.443 0 
424 105.792 853.187 0 
425 106.776 869.828 0 
426 107.928 886.371 0 
427 109.263 902.864 0 
428 110.721 919.432 0 
429 112.09 936.353 0 
430 112.95 954.16 0 
431 112.844 973.668 0 
432 111.942 995.27 0 
433 101.1 1027.84 0 
434 117.95 -1.90735e-07 0 
435 122.91 40.8994 0 
436 123.881 54.6643 0 
437 124.757 68.6473 0 
438 125.493 82.8635 0 
439 126.07 97.3014 0 
440 126.483 111.937 0 
441 126.739 126.742 0 
442 126.852 141.69 0 
443 126.839 156.756 0 
444 126.718 171.92 0 
445 126.504 187.164 0 
446 126.212 202.474 0 
447 125.854 217.839 0 
448 125.441 233.249 0 
449 124.98 248.697 0 
450 124.48 264.178 0 
451 123.946 279.688 0 
452 123.385 295.224 0 
453 122.801 310.785 0 
454 122.197 326.369 0 
455 121.579 341.977 0 
456 120.948 357.611 0 
457 120.311 373.271 0 
458 119.668 388.962 0 
459 119.026 404.684 0 
460 118.387 420.443 0 
461 117.755 436.242 0 
462 117.135 452.085 0 
463 116.532 467.976 0 
464 115.951 483.921 0 
465 115.397 499.924 0 
466 114.875 515.989 0 
467 114.39 532.121 0 
468 113.95 548.323 0 
469 113.56 564.598 0 
470 113.225 580.95 0 
471 112.952 597.38 0 
472 112.745 613.89 0 
473 112.612 630.478 0 
474 112.555 647.146 0 
475 112.58 663.889 0 
476 112.69 680.704 0 
477 112.888 697.586 0 
478 113.176 714.529 0 
479 113.557 731.522 0 
480 114.03 748.555 0 
481 114.597 765.616 0 
482 115.259 782.69 0 
483 116.016 799.761 0 
484 116.871 816.811 0 
485 117.83 833.826 0 
486 118.899 850.795 0 
487 120.085 867.717 0 
488 121.385 884.612 0 
489 122.769 901.532 0 
490 124.155 918.583 0 
491 125.378 935.942 0 
492 126.192 953.849 0 
493 126.365 972.488 0 
494 125.813 991.592 0 
495 117.95 1027.84 0 
496 134.8 -1.90735e-07 0 
497 139.629 41.316 0 
498 140.208 55.1823 0 
499 140.725 69.1911 0 
500 141.147 83.3656 0 
501 141.452 97.7085 0 
502 141.632 112.21 0 
503 141.686 126.856 0 
504 141.623 141.627 0 
505 141.45 156.506 0 
506 141.181 171.478 0 
507 140.827 186.528 0 
508 140.399 201.644 0 
509 139.907 216.818 0 
510 139.359 232.039 0 
511 138.765 247.303 0 
512 138.129 262.604 0 
513 137.46 277.939 0 
514 136.761 293.305 0 
515 136.038 308.702 0 
516 135.296 324.128 0 
517 134.538 339.585 0 
518 133.77 355.074 0 
519 132.994 370.597 0 
520 132.217 386.157 0 
521 131.442 401.757 0 
522 130.674 417.4 0 
523 129.918 433.093 0 
524 129.179 448.837 0 
525 128.463 464.64 0 
526 127.775 480.504 0 
527 127.123 496.436 0 
528 126.512 512.44 0 
529 125.949 528.52 0 
530 125.441 544.681 0 
531 124.995 560.926 0 
532 124.617 577.257 0 
533 124.314 593.677 0 
534 124.093 610.187 0 
535 123.959 626.787 0 
536 123.919 643.477 0 
537 123.977 660.254 0 
538 124.137 677.114 0 
539 124.405 694.052 0 
540 124.782 711.061 0 
541 125.271 728.134 0 
542 125.873 745.259 0 
543 126.589 762.427 0 
544 127.42 779.623 0 
545 128.366 796.835 0 
546 129.427 814.049 0 
547 130.603 831.256 0 
548 131.89 848.449 0 
549 133.282 865.633 0 
550 134.757 882.827 0 
551 136.274 900.069 0 
552 137.753 917.426 0 
553 139.073 934.982 0 
554 140.077 952.807 0 
555 140.61 970.855 0 
556 140.531 988.797 0 
557 134.8 1027.84 0 
558 151.65 -1.90735e-07 0 
559 156.363 41.6412 0 
560 156.596 55.5578 0 
561 156.79 69.5693 0 
562 156.917 83.6992 0 
563 156.959 97.9566 0 
564 156.906 112.341 0 
565 156.752 126.844 0 
566 156.501 141.455 0 
567 156.158 156.164 0 
568 155.73 170.957 0 
569 155.224 185.825 0 
570 154.65 200.758 0 
571 154.015 215.747 0 
572 153.326 230.787 0 
573 152.59 245.871 0 
574 151.813 260.996 0 
575 151.002 276.158 0 
576 150.16 291.356 0 
577 149.295 306.589 0 
578 148.409 321.857 0 
579 147.508 337.161 0 
580 146.597 352.504 0 
581 145.681 367.886 0 
582 144.764 383.312 0 
583 143.851 398.785 0 
584 142.949 414.31 0 
585 142.063 429.891 0 
586 141.199 445.533 0 
587 140.364 461.241 0 
588 139.564 477.021 0 
589 138.808 492.877 0 
590 138.102 508.815 0 
591 137.453 524.84 0 
592 136.871 540.956 0 
593 136.362 557.166 0 
594 135.934 573.475 0 
595 135.595 589.884 0 
596 135.353 606.394 0 
597 135.214 623.007 0 
598 135.184 639.722 0 
599 135.271 656.535 0 
600 135.479 673.445 0 
601 135.812 690.445 0 
602 136.276 707.53 0 
603 136.871 724.692 0 
604 137.601 741.922 0 
605 138.466 759.208 0 
606 139.466 776.54 0 
607 140.601 793.906 0 
608 141.869 811.295 0 
609 143.263 828.699 0 
610 144.777 846.113 0 
611 146.394 863.54 0 
612 148.088 880.993 0 
613 149.815 898.493 0 
614 151.51 916.071 0 
615 153.084 933.754 0 
616 154.435 951.54 0 
617 155.466 969.34 0 
618 156.109 986.943 0 
619 151.65 1027.84 0 
620 168.5 -1.90735e-07 0 
621 173.102 41.9122 0 
622 173.023 55.8385 0 
623 172.921 69.8291 0 
624 172.773 83.9053 0 
625 172.562 98.0783 0 
626 172.279 112.352 0 
627 171.916 126.723 0 
628 171.473 141.187 0 
629 170.951 155.736 0 
630 170.355 170.362 0 
631 169.69 185.057 0 
632 168.962 199.815 0 
633 168.176 214.627 0 
634 167.339 229.49 0 
635 166.455 244.399 0 
636 165.532 259.35 0 
637 164.573 274.342 0 
638 163.585 289.372 0 
639 162.571 304.441 0 
640 161.538 319.55 0 
641 160.489 334.7 0 
642 159.431 349.893 0 
643 158.367 365.131 0 
644 157.305 380.42 0 
645 156.25 395.762 0 
646 155.208 411.163 0 
647 154.186 426.628 0 
648 153.19 442.162 0 
649 152.229 457.77 0 
650 151.311 473.46 0 
651 150.443 489.236 0 
652 149.633 505.103 0 
653 148.892 521.068 0 
654 148.227 537.135 0 
655 147.647 553.309 0 
656 147.162 569.592 0 
657 146.78 585.989 0 
658 146.509 602.499 0 
659 146.358 619.126 0 
660 146.334 635.867 0 
661 146.444 652.721 0 
662 146.694 669.685 0 
663 147.091 686.754 0 
664 147.637 703.923 0 
665 148.337 721.184 0 
666 149.194 738.527 0 
667 150.207 755.944 0 
668 151.378 773.423 0 
669 152.705 790.954 0 
670 154.183 808.526 0 
671 155.805 826.131 0 
672 157.56 843.764 0 
673 159.429 861.423 0 
674 161.386 879.111 0 
675 163.39 896.837 0 
676 165.388 914.609 0 
677 167.318 932.425 0 
678 169.111 950.258 0 
679 170.711 968.033 0 
680 172.091 985.634 0 
681 168.5 1027.84 0 
682 185.35 -1.90735e-07 0 
683 189.838 42.1509 0 
684 189.474 56.0549 0 
685 189.098 70.0034 0 
686 188.691 84.0145 0 
687 188.239 98.0997 0 
688 187.731 112.264 0 
689 187.16 126.51 0 
690 186.522 140.833 0 
691 185.819 155.231 0 
692 185.05 169.698 0 
693 184.22 184.228 0 
694 183.331 198.816 0 
695 182.389 213.457 0 
696 181.397 228.148 0 
697 180.361 242.884 0 
698 179.286 257.664 0 
699 178.175 272.486 0 
700 177.034 287.349 0 
701 175.868 302.254 0 
702 174.681 317.202 0 
703 173.48 332.195 0 
704 172.268 347.235 0 
705 171.053 362.327 0 
706 169.84 377.474 0 
707 168.636 392.681 0 
708 167.447 407.953 0 
709 166.282 423.296 0 
710 165.147 438.716 0 
711 164.053 454.219 0 
712 163.007 469.813 0 
713 162.018 485.502 0 
714 161.097 501.294 0 
715 160.254 517.194 0 
716 159.497 533.208 0 
717 158.838 549.341 0 
718 158.287 565.597 0 
719 157.853 581.979 0 
720 157.546 598.489 0 
721 157.375 615.129 0 
722 157.349 631.899 0 
723 157.477 648.797 0 
724 157.764 665.82 0 
725 158.218 682.964 0 
726 158.845 700.224 0 
727 159.647 717.592 0 
728 160.629 735.06 0 
729 161.792 752.617 0 
730 163.135 770.254 0 
731 164.657 787.96 0 
732 166.353 805.724 0 
733 168.214 823.536 0 
734 170.229 841.389 0 
735 172.378 859.275 0 
736 174.636 877.192 0 
737 176.969 895.137 0 
738 179.336 913.103 0 
739 181.688 931.079 0 
740 183.98 949.032 0 
741 186.177 966.912 0 
742 188.266 984.658 0 
743 185.35 1027.84 0 
744 202.2 -1.90735e-07 0 
745 206.563 42.3702 0 
746 205.936 56.227 0 
747 205.305 70.115 0 
748 204.655 84.0496 0 
749 203.972 98.0415 0 
750 203.246 112.097 0 
751 202.469 126.218 0 
752 201.639 140.406 0 
753 200.751 154.657 0 
754 199.807 168.97 0 
755 198.807 183.34 0 
756 197.754 197.764 0 
757 196.651 212.238 0 
758 195.501 226.759 0 
759 194.307 241.326 0 
760 193.074 255.936 0 
761 191.807 270.589 0 
762 190.509 285.285 0 
763 189.185 300.024 0 
764 187.84 314.81 0 
765 186.48 329.643 0 
766 185.11 344.527 0 
767 183.737 359.467 0 
768 182.366 374.468 0 
769 181.006 389.534 0 
770 179.663 404.671 0 
771 178.346 419.886 0 
772 177.065 435.187 0 
773 175.828 450.579 0 
774 174.645 466.07 0 
775 173.527 481.667 0 
776 172.484 497.377 0 
777 171.528 513.207 0 
778 170.67 529.163 0 
779 169.922 545.251 0 
780 169.294 561.475 0 
781 168.799 577.841 0 
782 168.446 594.349 0 
783 168.248 611.003 0 
784 168.212 627.803 0 
785 168.349 644.747 0 
786 168.668 661.834 0 
787 169.174 679.059 0 
788 169.876 696.417 0 
789 170.778 713.9 0 
790 171.883 731.502 0 
791 173.195 749.211 0 
792 174.713 767.017 0 
793 176.435 784.909 0 
794 178.357 802.874 0 
795 180.47 820.901 0 
796 182.762 838.979 0 
797 185.217 857.097 0 
798 187.811 875.245 0 
799 190.516 893.414 0 
800 193.297 911.589 0 
801 196.119 929.754 0 
802 198.946 947.881 0 
803 201.751 965.936 0 
804 204.526 983.891 0 
805 202.2 1027.84 0 
806 219.05 -1.90735e-07 0 
807 223.274 42.578 0 
808 222.401 56.3678 0 
809 221.532 70.18 0 
810 220.651 84.0275 0 
811 219.747 97.9198 0 
812 218.811 111.863 0 
813 217.834 125.861 0 
814 216.811 139.914 0 
815 215.74 154.023 0 
816 214.619 168.185 0 
817 213.448 182.399 0 
818 212.228 196.661 0 
819 210.96 210.971 0 
820 209.647 225.326 0 
821 208.292 239.724 0 
822 206.898 254.165 0 
823 205.469 268.649 0 
824 204.009 283.176 0 
825 202.523 297.749 0 
826 201.015 312.369 0 
827 199.49 327.039 0 
828 197.956 341.764 0 
829 196.417 356.548 0 
830 194.882 371.396 0 
831 193.358 386.315 0 
832 191.853 401.311 0 
833 190.376 416.392 0 
834 188.938 431.566 0 
835 187.548 446.839 0 
836 186.218 462.22 0 
837 184.959 477.718 0 
838 183.784 493.34 0 
839 182.705 509.093 0 
840 181.734 524.986 0 
841 180.885 541.024 0 
842 180.17 557.213 0 
843 179.602 573.559 0 
844 179.194 590.064 0 
845 178.956 606.731 0 
846 178.902 623.562 0 
847 179.041 640.555 0 
848 179.382 657.709 0 
849 179.935 675.02 0 
850 180.707 692.483 0 
851 181.705 710.091 0 
852 182.932 727.836 0 
853 184.392 745.708 0 
854 186.086 763.694 0 
855 188.013 781.784 0 
856 190.169 799.962 0 
857 192.546 818.215 0 
858 195.134 836.529 0 
859 197.917 854.889 0 
860 200.876 873.279 0 
861 203.986 891.684 0 
862 207.218 910.086 0 
863 210.544 928.466 0 
864 213.932 946.802 0 
865 217.359 965.07 0 
866 220.81 983.262 0 
867 219.05 1027.84 0 
868 235.9 -1.90735e-07 0 
869 239.966 42.7793 0 
870 238.864 56.4861 0 
871 237.77 70.2097 0 
872 236.671 83.9606 0 
873 235.556 97.7471 0 
874 234.416 111.575 0 
875 233.243 125.448 0 
876 232.033 139.367 0 
877 230.78 153.335 0 
878 229.482 167.348 0 
879 228.138 181.408 0 
880 226.749 195.512 0 
881 225.314 209.659 0 
882 223.836 223.848 0 
883 222.316 238.079 0 
884 220.757 252.351 0 
885 219.162 266.665 0 
886 217.536 281.023 0 
887 215.882 295.426 0 
888 214.205 309.877 0 
889 212.511 324.381 0 
890 210.805 338.941 0 
891 209.095 353.563 0 
892 207.387 368.254 0 
893 205.691 383.019 0 
894 204.014 397.867 0 
895 202.368 412.806 0 
896 200.762 427.844 0 
897 199.209 442.991 0 
898 197.72 458.255 0 
899 196.309 473.645 0 
900 194.988 489.171 0 
901 193.773 504.841 0 
902 192.676 520.663 0 
903 191.713 536.646 0 
904 190.898 552.795 0 
905 190.246 569.118 0 
906 189.769 585.617 0 
907 189.483 602.296 0 
908 189.399 619.158 0 
909 189.529 636.202 0 
910 189.885 653.427 0 
911 190.477 670.83 0 
912 191.314 688.405 0 
913 192.402 706.146 0 
914 193.748 724.044 0 
915 195.355 742.089 0 
916 197.227 760.269 0 
917 199.363 778.569 0 
918 201.76 796.975 0 
919 204.412 815.469 0 
920 207.311 834.034 0 
921 210.442 852.65 0 
922 213.79 871.297 0 
923 217.333 889.956 0 
924 221.047 908.605 0 
925 224.905 927.223 0 
926 228.88 945.79 0 
927 232.945 964.291 0 
928 237.077 982.728 0 
929 235.9 1027.84 0 
930 252.75 -1.90735e-07 0 
931 256.637 42.9765 0 
932 255.319 56.5877 0 
933 254.012 70.212 0 
934 252.706 83.8581 0 
935 251.39 97.533 0 
936 250.054 111.242 0 
937 248.692 124.988 0 
938 247.296 138.773 0 
939 245.863 152.599 0 
940 244.39 166.466 0 
941 242.874 180.373 0 
942 241.315 194.32 0 
943 239.712 208.305 0 
944 238.066 222.33 0 
945 236.378 236.393 0 
946 234.651 250.496 0 
947 232.888 264.639 0 
948 231.091 278.824 0 
949 229.264 293.055 0 
950 227.413 307.334 0 
951 225.543 321.666 0 
952 223.659 336.056 0 
953 221.769 350.511 0 
954 219.881 365.036 0 
955 218.003 379.641 0 
956 216.146 394.333 0 
957 214.319 409.121 0 
958 212.535 424.015 0 
959 210.805 439.026 0 
960 209.145 454.163 0 
961 207.567 469.436 0 
962 206.088 484.857 0 
963 204.721 500.435 0 
964 203.485 516.18 0 
965 202.393 532.101 0 
966 201.464 548.205 0 
967 200.713 564.499 0 
968 200.155 580.989 0 
969 199.806 597.679 0 
970 199.681 614.572 0 
971 199.792 631.668 0 
972 200.153 648.967 0 
973 200.775 666.466 0 
974 201.668 684.16 0 
975 202.841 702.043 0 
976 204.301 720.105 0 
977 206.055 738.337 0 
978 208.104 756.723 0 
979 210.452 775.25 0 
980 213.096 793.9 0 
981 216.032 812.652 0 
982 219.254 831.487 0 
983 222.751 850.379 0 
984 226.508 869.305 0 
985 230.509 888.239 0 
986 234.731 907.155 0 
987 239.15 926.031 0 
988 243.739 944.846 0 
989 248.466 963.588 0 
990 253.301 982.266 0 
991 252.75 1027.84 0 
992 269.6 -1.90735e-07 0 
993 273.283 43.1707 0 
994 271.761 56.6762 0 
995 270.255 70.1926 0 
996 268.752 83.727 0 
997 267.243 97.285 0 
998 265.719 110.871 0 
999 264.172 124.488 0 
1000 262.597 138.139 0 
1001 260.988 151.824 0 
1002 259.341 165.544 0 
1003 257.654 179.298 0 
1004 255.924 193.088 0 
1005 254.152 206.913 0 
1006 252.337 220.772 0 
1007 250.48 234.668 0 
1008 248.582 248.599 0 
1009 246.646 262.569 0 
1010 244.674 276.58 0 
1011 242.671 290.635 0 
1012 240.64 304.738 0 
1013 238.588 318.893 0 
1014 236.519 333.107 0 
1015 234.442 347.387 0 
1016 232.365 361.74 0 
1017 230.296 376.175 0 
1018 228.246 390.701 0 
1019 226.227 405.329 0 
1020 224.252 420.07 0 
1021 222.333 434.934 0 
1022 220.487 449.934 0 
1023 218.728 465.081 0 
1024 217.073 480.387 0 
1025 215.541 495.863 0 
1026 214.147 511.522 0 
1027 212.912 527.372 0 
1028 211.852 543.424 0 
1029 210.987 559.685 0 
1030 210.332 576.161 0 
1031 209.907 592.86 0 
1032 209.726 609.783 0 
1033 209.805 626.932 0 
1034 210.159 644.308 0 
1035 210.801 661.908 0 
1036 211.742 679.728 0 
1037 212.993 697.761 0 
1038 214.562 715.998 0 
1039 216.457 734.428 0 
1040 218.683 753.037 0 
1041 221.244 771.808 0 
1042 224.139 790.721 0 
1043 227.366 809.754 0 
1044 230.922 828.881 0 
1045 234.798 848.075 0 
1046 238.983 867.305 0 
1047 243.463 886.539 0 
1048 248.218 905.746 0 
1049 253.226 924.898 0 
1050 258.459 943.973 0 
1051 263.883 962.959 0 
1052 269.456 981.87 0 
1053 269.6 1027.84 0 
1054 286.45 -1.90735e-07 0 
1055 289.902 43.3621 0 
1056 288.189 56.7537 0 
1057 286.493 70.1552 0 
1058 284.803 83.5721 0 
1059 283.111 97.0089 0 
1060 281.406 110.469 0 
1061 279.682 123.956 0 
1062 277.932 137.47 0 
1063 276.15 151.013 0 
1064 274.332 164.586 0 
1065 272.475 178.189 0 
1066 270.577 191.822 0 
1067 268.636 205.485 0 
1068 266.651 219.179 0 
1069 264.623 232.905 0 
1070 262.552 246.665 0 
1071 260.44 260.46 0 
1072 258.29 274.292 0 
1073 256.105 288.167 0 
1074 253.89 302.088 0 
1075 251.649 316.061 0 
1076 249.388 330.093 0 
1077 247.115 344.19 0 
1078 244.839 358.362 0 
1079 242.569 372.618 0 
1080 240.316 386.969 0 
1081 238.092 401.425 0 
1082 235.912 416 0 
1083 233.789 430.707 0 
1084 231.741 445.557 0 
1085 229.784 460.566 0 
1086 227.937 475.746 0 
1087 226.22 491.11 0 
1088 224.653 506.672 0 
1089 223.255 522.443 0 
1090 222.047 538.434 0 
1091 221.049 554.654 0 
1092 220.281 571.113 0 
1093 219.762 587.815 0 
1094 219.511 604.767 0 
1095 219.544 621.969 0 
1096 219.878 639.424 0 
1097 220.528 657.13 0 
1098 221.506 675.082 0 
1099 222.826 693.274 0 
1100 224.497 711.698 0 
1101 226.529 730.341 0 
1102 228.929 749.189 0 
1103 231.701 768.223 0 
1104 234.849 787.422 0 
1105 238.373 806.761 0 
1106 242.271 826.21 0 
1107 246.537 845.735 0 
1108 251.164 865.3 0 
1109 256.141 884.865 0 
1110 261.452 904.392 0 
1111 267.077 923.843 0 
1112 272.989 943.19 0 
1113 279.153 962.418 0 
1114 285.518 981.543 0 
1115 286.45 1027.84 0 
1116 303.3 -1.90735e-07 0 
1117 306.492 43.5499 0 
1118 304.599 56.8213 0 
1119 302.725 70.1025 0 
1120 300.859 83.3973 0 
1121 298.991 96.7094 0 
1122 297.113 110.041 0 
1123 295.218 123.395 0 
1124 293.298 136.772 0 
1125 291.348 150.173 0 
1126 289.363 163.599 0 
1127 287.339 177.049 0 
1128 285.273 190.525 0 
1129 283.163 204.026 0 
1130 281.008 217.554 0 
1131 278.808 231.11 0 
1132 276.562 244.695 0 
1133 274.272 258.311 0 
1134 271.941 271.963 0 
1135 269.57 285.653 0 
1136 267.164 299.387 0 
1137 264.729 313.171 0 
1138 262.269 327.012 0 
1139 259.792 340.918 0 
1140 257.308 354.9 0 
1141 254.826 368.966 0 
1142 252.357 383.13 0 
1143 249.915 397.403 0 
1144 247.514 411.8 0 
1145 245.171 426.335 0 
1146 242.903 441.023 0 
1147 240.73 455.879 0 
1148 238.672 470.92 0 
1149 236.751 486.159 0 
1150 234.988 501.612 0 
1151 233.407 517.293 0 
1152 232.031 533.214 0 
1153 230.881 549.386 0 
1154 229.98 565.82 0 
1155 229.351 582.522 0 
1156 229.012 599.499 0 
1157 228.983 616.755 0 
1158 229.282 634.29 0 
1159 229.926 652.105 0 
1160 230.93 670.195 0 
1161 232.307 688.556 0 
1162 234.072 707.178 0 
1163 236.233 726.049 0 
1164 238.801 745.154 0 
1165 241.783 764.473 0 
1166 245.183 783.985 0 
1167 249.005 803.659 0 
1168 253.25 823.462 0 
1169 257.915 843.356 0 
1170 262.996 863.295 0 
1171 268.485 883.231 0 
1172 274.371 903.113 0 
1173 280.639 922.892 0 
1174 287.269 942.526 0 
1175 294.225 961.991 0 
1176 301.455 981.303 0 
1177 303.3 1027.84 0 
1178 320.15 -1.90735e-07 0 
1179 323.053 43.7327 0 
1180 320.991 56.8793 0 
1181 318.948 70.0359 0 
1182 316.915 83.2054 0 
1183 314.881 96.3901 0 
1184 312.838 109.592 0 
1185 310.778 122.811 0 
1186 308.695 136.05 0 
1187 306.581 149.308 0 
1188 304.432 162.586 0 
1189 302.244 175.884 0 
1190 300.012 189.202 0 
1191 297.735 202.541 0 
1192 295.411 215.902 0 
1193 293.038 229.285 0 
1194 290.616 242.693 0 
1195 288.147 256.129 0 
1196 285.63 269.594 0 
1197 283.07 283.095 0 
1198 280.469 296.636 0 
1199 277.833 310.224 0 
1200 275.166 323.866 0 
1201 272.477 337.572 0 
1202 269.775 351.352 0 
1203 267.068 365.217 0 
1204 264.371 379.181 0 
1205 261.695 393.257 0 
1206 259.058 407.462 0 
1207 256.477 421.81 0 
1208 253.971 436.32 0 
1209 251.561 451.009 0 
1210 249.27 465.895 0 
1211 247.122 480.994 0 
1212 245.142 496.325 0 
1213 243.355 511.903 0 
1214 241.787 527.742 0 
1215 240.464 543.857 0 
1216 239.41 560.258 0 
1217 238.648 576.954 0 
1218 238.202 593.953 0 
1219 238.093 611.26 0 
1220 238.34 628.877 0 
1221 238.963 646.804 0 
1222 239.979 665.039 0 
1223 241.403 683.577 0 
1224 243.249 702.408 0 
1225 245.531 721.523 0 
1226 248.26 740.904 0 
1227 251.445 760.533 0 
1228 255.095 780.384 0 
1229 259.215 800.427 0 
1230 263.809 820.624 0 
1231 268.878 840.93 0 
1232 274.42 861.293 0 
1233 280.432 881.651 0 
1234 286.908 901.938 0 
1235 293.842 922.086 0 
1236 301.221 942.03 0 
1237 309.027 961.727 0 
1238 317.218 981.184 0 
1239 320.15 1027.84 0 
1240 337 -1.90735e-07 0 
1241 339.583 43.9086 0 
1242 337.363 56.9271 0 
1243 335.163 69.9565 0 
1244 332.972 82.9984 0 
1245 330.78 96.0538 0 
1246 328.58 109.124 0 
1247 326.363 122.208 0 
1248 324.121 135.308 0 
1249 321.849 148.423 0 
1250 319.541 161.554 0 
1251 317.192 174.699 0 
1252 314.797 187.859 0 
1253 312.355 201.035 0 
1254 309.862 214.227 0 
1255 307.317 227.436 0 
1256 304.719 240.665 0 
1257 302.067 253.915 0 
1258 299.364 267.191 0 
1259 296.611 280.497 0 
1260 293.81 293.838 0 
1261 290.967 307.222 0 
1262 288.087 320.657 0 
1263 285.176 334.152 0 
1264 282.245 347.719 0 
1265 279.303 361.37 0 
1266 276.362 375.12 0 
1267 273.438 388.984 0 
1268 270.547 402.979 0 
1269 267.708 417.124 0 
1270 264.942 431.439 0 
1271 262.273 445.943 0 
1272 259.725 460.656 0 
1273 257.326 475.599 0 
1274 255.103 490.791 0 
1275 253.085 506.251 0 
1276 251.3 521.996 0 
1277 249.778 538.041 0 
1278 248.546 554.4 0 
1279 247.63 571.083 0 
1280 247.055 588.099 0 
1281 246.846 605.455 0 
1282 247.024 623.153 0 
1283 247.609 641.196 0 
1284 248.62 659.581 0 
1285 250.075 678.303 0 
1286 251.991 697.357 0 
1287 254.382 716.729 0 
1288 257.262 736.407 0 
1289 260.643 756.369 0 
1290 264.537 776.591 0 
1291 268.952 797.041 0 
1292 273.894 817.677 0 
1293 279.367 838.448 0 
1294 285.374 859.295 0 
1295 291.915 880.142 0 
1296 298.989 900.902 0 
1297 306.597 921.482 0 
1298 314.747 941.782 0 
1299 323.45 961.716 0 
1300 332.716 981.257 0 
1301 337 1027.84 0 
1302 353.85 -1.90735e-07 0 
1303 356.083 44.0753 0 
1304 353.716 56.9639 0 
1305 351.368 69.8646 0 
1306 349.028 82.7777 0 
1307 346.688 95.7032 0 
1308 344.339 108.641 0 
1309 341.971 121.591 0 
1310 339.578 134.552 0 
1311 337.153 147.524 0 
1312 334.69 160.506 0 
1313 332.184 173.498 0 
1314 329.631 186.5 0 
1315 327.025 199.512 0 
1316 324.366 212.534 0 
1317 321.649 225.568 0 
1318 318.874 238.614 0 
1319 316.04 251.676 0 
1320 313.148 264.758 0 
1321 310.198 277.863 0 
1322 307.194 290.998 0 
1323 304.138 304.169 0 
1324 301.037 317.387 0 
1325 297.896 330.66 0 
1326 294.726 344.001 0 
1327 291.535 357.424 0 
1328 288.337 370.944 0 
1329 285.147 384.578 0 
1330 281.983 398.347 0 
1331 278.866 412.269 0 
1332 275.817 426.368 0 
1333 272.863 440.666 0 
1334 270.032 455.187 0 
1335 267.353 469.954 0 
1336 264.858 484.989 0 
1337 262.58 500.314 0 
1338 260.551 515.949 0 
1339 258.802 531.912 0 
1340 257.365 548.218 0 
1341 256.27 564.879 0 
1342 255.544 581.906 0 
1343 255.212 599.307 0 
1344 255.3 617.086 0 
1345 255.828 635.245 0 
1346 256.817 653.784 0 
1347 258.288 672.699 0 
1348 260.257 691.985 0 
1349 262.743 711.632 0 
1350 265.762 731.625 0 
1351 269.33 751.946 0 
1352 273.459 772.572 0 
1353 278.161 793.468 0 
1354 283.447 814.593 0 
1355 289.323 835.893 0 
1356 295.794 857.297 0 
1357 302.864 878.718 0 
1358 310.534 900.048 0 
1359 318.813 921.159 0 
1360 327.719 941.899 0 
1361 337.315 962.111 0 
1362 347.741 981.67 0 
1363 353.85 1027.84 0 
1364 370.7 -1.90735e-07 0 
1365 372.552 44.2302 0 
1366 370.049 56.9885 0 
1367 367.564 69.7603 0 
1368 365.086 82.5446 0 
1369 362.606 95.3403 0 
1370 360.115 108.146 0 
1371 357.605 120.961 0 
1372 355.067 133.784 0 
1373 352.495 146.614 0 
1374 349.883 159.449 0 
1375 347.225 172.288 0 
1376 344.515 185.132 0 
1377 341.75 197.979 0 
1378 338.926 210.83 0 
1379 336.039 223.686 0 
1380 333.088 236.548 0 
1381 330.072 249.418 0 
1382 326.989 262.3 0 
1383 323.84 275.199 0 
1384 320.628 288.12 0 
1385 317.355 301.071 0 
1386 314.026 314.061 0 
1387 310.647 327.101 0 
1388 307.226 340.202 0 
1389 303.774 353.381 0 
1390 300.304 366.654 0 
1391 296.831 380.04 0 
1392 293.374 393.56 0 
1393 289.954 407.238 0 
1394 286.597 421.098 0 
1395 283.33 435.167 0 
1396 280.186 449.473 0 
1397 277.196 464.04 0 
1398 274.398 478.897 0 
1399 271.827 494.068 0 
1400 269.52 509.575 0 
1401 267.514 525.44 0 
1402 265.844 541.68 0 
1403 264.541 558.309 0 
1404 263.637 575.34 0 
1405 263.16 592.781 0 
1406 263.135 610.638 0 
1407 263.585 628.914 0 
1408 264.534 647.611 0 
1409 266.001 666.725 0 
1410 268.007 686.253 0 
1411 270.572 706.187 0 
1412 273.714 726.514 0 
1413 277.454 747.22 0 
1414 281.807 768.281 0 
1415 286.787 789.667 0 
1416 292.409 811.336 0 
1417 298.683 833.232 0 
1418 305.615 855.281 0 
1419 313.212 877.385 0 
1420 321.473 899.415 0 
1421 330.399 921.205 0 
1422 340.004 942.544 0 
1423 350.354 963.171 0 
1424 361.736 982.776 0 
1425 370.7 1027.84 0 
1426 387.55 -1.90735e-07 0 
1427 388.993 44.3707 0 
1428 386.365 56.9998 0 
1429 383.753 69.6436 0 
1430 381.146 82.3001 0 
1431 378.535 94.9671 0 
1432 375.911 107.642 0 
1433 373.266 120.324 0 
1434 370.59 133.01 0 
1435 367.878 145.698 0 
1436 365.122 158.387 0 
1437 362.317 171.074 0 
1438 359.456 183.76 0 
1439 356.535 196.442 0 
1440 353.549 209.122 0 
1441 350.494 221.798 0 
1442 347.368 234.473 0 
1443 344.169 247.148 0 
1444 340.895 259.827 0 
1445 337.546 272.513 0 
1446 334.123 285.213 0 
1447 330.628 297.934 0 
1448 327.065 310.686 0 
1449 323.439 323.479 0 
1450 319.758 336.326 0 
1451 316.032 349.244 0 
1452 312.274 362.25 0 
1453 308.499 375.366 0 
1454 304.727 388.615 0 
1455 300.98 402.024 0 
1456 297.286 415.62 0 
1457 293.676 429.433 0 
1458 290.184 443.495 0 
1459 286.848 457.838 0 
1460 283.71 472.491 0 
1461 280.81 487.484 0 
1462 278.189 502.844 0 
1463 275.891 518.593 0 
1464 273.954 534.752 0 
1465 272.414 551.338 0 
1466 271.304 568.364 0 
1467 270.655 585.839 0 
1468 270.494 603.771 0 
1469 270.845 622.164 0 
1470 271.732 641.019 0 
1471 273.175 660.338 0 
1472 275.198 680.116 0 
1473 277.822 700.348 0 
1474 281.07 721.026 0 
1475 284.965 742.138 0 
1476 289.526 763.666 0 
1477 294.773 785.582 0 
1478 300.72 807.851 0 
1479 307.383 830.418 0 
1480 314.773 853.211 0 
1481 322.895 876.126 0 
1482 331.746 899.021 0 
1483 341.307 921.702 0 
1484 351.543 943.901 0 
1485 362.367 965.263 0 
1486 373.548 985.372 0 
1487 387.55 1027.84 0 
1488 404.4 -1.90735e-07 0 
1489 405.407 44.4942 0 
1490 402.665 56.9962 0 
1491 399.936 69.5143 0 
1492 397.21 82.0452 0 
1493 394.478 94.5856 0 
1494 391.729 107.132 0 
1495 388.956 119.683 0 
1496 386.15 132.233 0 
1497 383.304 144.782 0 
1498 380.411 157.326 0 
1499 377.464 169.863 0 
1500 374.457 182.391 0 
1501 371.383 194.909 0 
1502 368.239 207.416 0 
1503 365.02 219.912 0 
1504 361.722 232.398 0 
1505 358.342 244.874 0 
1506 354.877 257.345 0 
1507 351.327 269.813 0 
1508 347.69 282.285 0 
1509 343.969 294.767 0 
1510 340.167 307.269 0 
1511 336.286 319.802 0 
1512 332.335 332.379 0 
1513 328.323 345.018 0 
1514 324.26 357.737 0 
1515 320.164 370.56 0 
1516 316.054 383.512 0 
1517 311.954 396.622 0 
1518 307.892 409.923 0 
1519 303.903 423.449 0 
1520 300.026 437.238 0 
1521 296.304 451.324 0 
1522 292.783 465.745 0 
1523 289.512 480.535 0 
1524 286.537 495.723 0 
1525 283.907 511.336 0 
1526 281.667 527.398 0 
1527 279.856 543.927 0 
1528 278.511 560.938 0 
1529 277.663 578.441 0 
1530 277.341 596.443 0 
1531 277.57 614.95 0 
1532 278.372 633.965 0 
1533 279.77 653.491 0 
1534 281.787 673.524 0 
1535 284.448 694.063 0 
1536 287.78 715.104 0 
1537 291.81 736.641 0 
1538 296.561 758.661 0 
1539 302.057 781.146 0 
1540 308.316 804.067 0 
1541 315.357 827.38 0 
1542 323.199 851.019 0 
1543 331.849 874.887 0 
1544 341.308 898.842 0 
1545 351.541 922.682 0 
1546 362.494 946.093 0 
1547 374.031 968.622 0 
1548 385.98 989.54 0 
1549 404.4 1027.84 0 
1550 421.25 -1.90735e-07 0 
1551 421.798 44.598 0 
1552 418.952 56.9764 0 
1553 416.117 69.3721 0 
1554 413.281 81.7807 0 
1555 410.436 94.1977 0 
1556 407.571 106.619 0 
1557 404.679 119.041 0 
1558 401.751 131.459 0 
1559 398.778 143.87 0 
1560 395.754 156.271 0 
1561 392.671 168.659 0 
1562 389.523 181.032 0 
1563 386.303 193.386 0 
1564 383.006 205.721 0 
1565 379.625 218.036 0 
1566 376.158 230.331 0 
1567 372.598 242.607 0 
1568 368.944 254.865 0 
1569 365.192 267.11 0 
1570 361.342 279.346 0 
1571 357.393 291.581 0 
1572 353.346 303.822 0 
1573 349.204 316.081 0 
1574 344.974 328.372 0 
1575 340.662 340.712 0 
1576 336.281 353.121 0 
1577 331.844 365.624 0 
1578 327.372 378.25 0 
1579 322.888 391.03 0 
1580 318.425 404.001 0 
1581 314.019 417.204 0 
1582 309.713 430.681 0 
1583 305.557 444.476 0 
1584 301.608 458.631 0 
1585 297.918 473.188 0 
1586 294.539 488.176 0 
1587 291.532 503.629 0 
1588 288.95 519.576 0 
1589 286.833 536.036 0 
1590 285.22 553.021 0 
1591 284.144 570.542 0 
1592 283.636 588.609 0 
1593 283.72 607.228 0 
1594 284.418 626.402 0 
1595 285.747 646.135 0 
1596 287.732 666.426 0 
1597 290.402 687.276 0 
1598 293.792 708.687 0 
1599 297.932 730.66 0 
1600 302.852 753.191 0 
1601 308.577 776.273 0 
1602 315.129 799.89 0 
1603 322.532 824.015 0 
1604 330.815 848.598 0 
1605 339.996 873.56 0 
1606 350.097 898.777 0 
1607 361.055 924.092 0 
1608 372.86 949.167 0 
1609 385.524 973.381 0 
1610 399.595 995.098 0 
1611 421.25 1027.84 0 
1612 438.1 -1.90735e-07 0 
1613 438.167 44.6795 0 
1614 435.229 56.9392 0 
1615 432.298 69.2172 0 
1616 429.362 81.5078 0 
1617 426.413 93.8055 0 
1618 423.441 106.105 0 
1619 420.438 118.402 0 
1620 417.395 130.692 0 
1621 414.303 142.969 0 
1622 411.156 155.23 0 
1623 407.944 167.472 0 
1624 404.661 179.69 0 
1625 401.3 191.883 0 
1626 397.855 204.047 0 
1627 394.318 216.181 0 
1628 390.685 228.284 0 
1629 386.95 240.356 0 
1630 383.109 252.4 0 
1631 379.157 264.416 0 
1632 375.093 276.41 0 
1633 370.914 288.387 0 
1634 366.619 300.356 0 
1635 362.212 312.327 0 
1636 357.694 324.315 0 
1637 353.072 336.336 0 
1638 348.356 348.411 0 
1639 343.559 360.567 0 
1640 338.7 372.833 0 
1641 333.803 385.246 0 
1642 328.901 397.848 0 
1643 324.034 410.686 0 
1644 319.25 423.808 0 
1645 314.605 437.267 0 
1646 310.173 451.114 0 
1647 306.015 465.408 0 
1648 302.167 480.166 0 
1649 298.733 495.429 0 
1650 295.768 511.241 0 
1651 293.307 527.618 0 
1652 291.392 544.569 0 
1653 290.059 562.099 0 
1654 289.34 580.222 0 
1655 289.258 598.95 0 
1656 289.831 618.281 0 
1657 291.069 638.222 0 
1658 292.991 658.769 0 
1659 295.637 679.927 0 
1660 299.053 701.708 0 
1661 303.275 724.12 0 
1662 308.339 747.172 0 
1663 314.27 770.866 0 
1664 321.092 795.206 0 
1665 328.826 820.192 0 
1666 337.532 845.797 0 
1667 347.223 871.979 0 
1668 358.028 898.614 0 
1669 370.134 925.492 0 
1670 383.655 952.15 0 
1671 398.538 977.724 0 
1672 414.763 1000.83 0 
1673 438.1 1027.84 0 
1674 454.95 -1.90735e-07 0 
1675 454.52 44.7367 0 
1676 451.5 56.8838 0 
1677 448.482 69.0497 0 
1678 445.456 81.2277 0 
1679 442.413 93.4113 0 
1680 439.343 105.594 0 
1681 436.237 117.771 0 
1682 433.088 129.936 0 
1683 429.885 142.084 0 
1684 426.621 154.209 0 
1685 423.288 166.308 0 
1686 419.877 178.375 0 
1687 416.382 190.408 0 
1688 412.795 202.402 0 
1689 409.107 214.356 0 
1690 405.314 226.267 0 
1691 401.408 238.135 0 
1692 397.383 249.961 0 
1693 393.235 261.744 0 
1694 388.958 273.49 0 
1695 384.549 285.202 0 
1696 380.007 296.888 0 
1697 375.329 308.558 0 
1698 370.518 320.225 0 
1699 365.576 331.906 0 
1700 360.512 343.621 0 
1701 355.336 355.398 0 
1702 350.065 367.269 0 
1703 344.723 379.274 0 
1704 339.343 391.46 0 
1705 333.967 403.882 0 
1706 328.649 416.598 0 
1707 323.438 429.669 0 
1708 318.463 443.151 0 
1709 313.862 457.17 0 
1710 309.674 471.748 0 
1711 306.003 486.934 0 
1712 302.814 502.68 0 
1713 300.112 519.001 0 
1714 297.939 535.904 0 
1715 296.34 553.401 0 
1716 295.353 571.527 0 
1717 295.008 590.294 0 
1718 295.342 609.718 0 
1719 296.364 629.813 0 
1720 298.094 650.57 0 
1721 300.582 671.999 0 
1722 303.887 694.115 0 
1723 308.068 716.938 0 
1724 313.179 740.487 0 
1725 319.274 764.775 0 
1726 326.384 789.822 0 
1727 334.52 815.641 0 
1728 343.809 842.233 0 
1729 354.319 869.541 0 
1730 366.182 897.46 0 
1731 379.695 925.856 0 
1732 395.141 954.192 0 
1733 412.632 981.47 0 
1734 431.556 1006.13 0 
1735 454.95 1027.84 0 
1736 471.8 -1.90735e-07 0 
1737 470.861 44.7679 0 
1738 467.769 56.8095 0 
1739 464.675 68.8701 0 
1740 461.568 80.942 0 
1741 458.439 93.0176 0 
1742 455.28 105.09 0 
1743 452.081 117.152 0 
1744 448.833 129.198 0 
1745 445.528 141.221 0 
1746 442.156 153.215 0 
1747 438.709 165.175 0 
1748 435.179 177.095 0 
1749 431.556 188.971 0 
1750 427.834 200.799 0 
1751 424.003 212.574 0 
1752 420.056 224.294 0 
1753 415.985 235.958 0 
1754 411.782 247.563 0 
1755 407.441 259.111 0 
1756 402.955 270.603 0 
1757 398.319 282.042 0 
1758 393.529 293.436 0 
1759 388.58 304.792 0 
1760 383.471 316.121 0 
1761 378.203 327.44 0 
1762 372.78 338.77 0 
1763 367.208 350.136 0 
1764 361.502 361.571 0 
1765 355.682 373.12 0 
1766 349.779 384.835 0 
1767 343.842 396.783 0 
1768 337.942 409.035 0 
1769 332.317 421.776 0 
1770 327.065 435.099 0 
1771 322.254 448.99 0 
1772 317.816 463.437 0 
1773 313.824 478.446 0 
1774 310.307 494.014 0 
1775 307.272 510.202 0 
1776 304.766 527.009 0 
1777 302.854 544.414 0 
1778 301.571 562.496 0 
1779 300.945 581.262 0 
1780 301.032 600.73 0 
1781 301.854 620.929 0 
1782 303.407 641.845 0 
1783 305.75 663.483 0 
1784 308.948 685.87 0 
1785 313.077 709.028 0 
1786 318.218 732.994 0 
1787 324.443 757.786 0 
1788 331.807 783.453 0 
1789 340.301 810.031 0 
1790 350.096 837.497 0 
1791 361.372 865.845 0 
1792 374.283 895.012 0 
1793 389.343 924.862 0 
1794 407.096 955.041 0 
1795 427.895 984.16 0 
1796 449.486 1010.57 0 
1797 471.8 1027.84 0 
1798 488.65 -1.90735e-07 0 
1799 487.195 44.7717 0 
1800 484.041 56.7161 0 
1801 480.879 68.6793 0 
1802 477.701 80.6524 0 
1803 474.496 92.6272 0 
1804 471.257 104.596 0 
1805 467.973 116.55 0 
1806 464.636 128.482 0 
1807 461.237 140.386 0 
1808 457.765 152.255 0 
1809 454.214 164.081 0 
1810 450.572 175.859 0 
1811 446.831 187.583 0 
1812 442.982 199.247 0 
1813 439.015 210.847 0 
1814 434.922 222.378 0 
1815 430.693 233.838 0 
1816 426.319 245.223 0 
1817 421.792 256.533 0 
1818 417.103 267.768 0 
1819 412.244 278.929 0 
1820 407.209 290.022 0 
1821 401.991 301.051 0 
1822 396.584 312.028 0 
1823 390.986 322.965 0 
1824 385.196 333.882 0 
1825 379.215 344.803 0 
1826 373.053 355.761 0 
1827 366.722 366.8 0 
1828 360.25 377.977 0 
1829 353.805 389.457 0 
1830 347.582 401.452 0 
1831 341.777 414.056 0 
1832 336.282 427.202 0 
1833 331.135 440.868 0 
1834 326.33 455.056 0 
1835 321.959 469.819 0 
1836 318.114 485.21 0 
1837 314.78 501.238 0 
1838 311.948 517.955 0 
1839 309.714 535.223 0 
1840 308.115 553.209 0 
1841 307.183 571.931 0 
1842 306.989 591.385 0 
1843 307.582 611.618 0 
1844 308.952 632.609 0 
1845 311.132 654.39 0 
1846 314.202 676.977 0 
1847 318.254 700.4 0 
1848 323.366 724.683 0 
1849 329.643 749.876 0 
1850 337.201 776.049 0 
1851 345.964 803.29 0 
1852 356.212 831.526 0 
1853 368.149 860.791 0 
1854 382.182 891.036 0 
1855 398.81 922.112 0 
1856 418.521 953.735 0 
1857 441.462 984.318 0 
1858 465.671 1012.51 0 
1859 488.65 1027.84 0 
1860 505.5 -1.90735e-07 0 
1861 503.526 44.7476 0 
1862 500.32 56.6041 0 
1863 497.101 68.4785 0 
1864 493.86 80.3613 0 
1865 490.589 92.2431 0 
1866 487.278 104.115 0 
1867 483.919 115.969 0 
1868 480.502 127.796 0 
1869 477.017 139.588 0 
1870 473.456 151.337 0 
1871 469.808 163.036 0 
1872 466.064 174.677 0 
1873 462.214 186.254 0 
1874 458.247 197.76 0 
1875 454.154 209.188 0 
1876 449.923 220.534 0 
1877 445.545 231.792 0 
1878 441.009 242.958 0 
1879 436.304 254.03 0 
1880 431.42 265.006 0 
1881 426.346 275.885 0 
1882 421.073 286.67 0 
1883 415.59 297.364 0 
1884 409.888 307.974 0 
1885 403.961 318.511 0 
1886 397.801 328.99 0 
1887 391.405 339.433 0 
1888 384.771 349.871 0 
1889 377.903 360.341 0 
1890 370.974 371.062 0 
1891 364.253 382.296 0 
1892 357.873 394.136 0 
1893 351.766 406.498 0 
1894 345.909 419.335 0 
1895 340.358 432.701 0 
1896 335.277 446.674 0 
1897 330.573 461.237 0 
1898 326.332 476.376 0 
1899 322.658 492.162 0 
1900 319.534 508.709 0 
1901 316.922 525.857 0 
1902 314.98 543.715 0 
1903 313.682 562.367 0 
1904 313.174 581.708 0 
1905 313.516 601.848 0 
1906 314.666 622.936 0 
1907 316.621 644.827 0 
1908 319.528 667.581 0 
1909 323.453 691.189 0 
1910 328.48 715.705 0 
1911 334.728 741.142 0 
1912 342.507 767.673 0 
1913 351.432 795.411 0 
1914 361.992 824.179 0 
1915 374.458 854.074 0 
1916 389.238 885.085 0 
1917 406.86 917.041 0 
1918 427.968 949.517 0 
1919 453.17 981.634 0 
1920 481.644 1012.51 0 
1921 505.5 1027.84 0 
1922 522.35 -1.90735e-07 0 
1923 519.862 44.6953 0 
1924 516.611 56.474 0 
1925 513.343 68.2694 0 
1926 510.049 80.071 0 
1927 506.721 91.8689 0 
1928 503.348 103.653 0 
1929 499.922 115.415 0 
1930 496.434 127.144 0 
1931 492.874 138.832 0 
1932 489.233 150.469 0 
1933 485.499 162.048 0 
1934 481.663 173.56 0 
1935 477.713 184.996 0 
1936 473.639 196.35 0 
1937 469.429 207.612 0 
1938 465.072 218.777 0 
1939 460.556 229.837 0 
1940 455.868 240.788 0 
1941 450.996 251.624 0 
1942 445.927 262.341 0 
1943 440.647 272.936 0 
1944 435.145 283.409 0 
1945 429.407 293.76 0 
1946 423.419 303.993 0 
1947 417.168 314.114 0 
1948 410.643 324.133 0 
1949 403.832 334.07 0 
1950 396.725 343.947 0 
1951 389.387 353.909 0 
1952 382.211 364.353 0 
1953 375.328 375.426 0 
1954 368.658 386.995 0 
1955 362.125 398.972 0 
1956 355.96 411.539 0 
1957 350.142 424.685 0 
1958 344.594 438.322 0 
1959 339.591 452.578 0 
1960 334.978 467.573 0 
1961 330.971 483.101 0 
1962 327.425 499.329 0 
1963 324.488 516.433 0 
1964 322.28 534.2 0 
1965 320.55 552.612 0 
1966 319.609 571.775 0 
1967 319.631 591.773 0 
1968 320.565 612.877 0 
1969 322.28 634.709 0 
1970 325.029 657.483 0 
1971 328.918 681.164 0 
1972 333.985 705.805 0 
1973 340.26 731.439 0 
1974 347.661 758.138 0 
1975 356.628 786.16 0 
1976 367.372 815.263 0 
1977 380.158 845.573 0 
1978 395.383 877.053 0 
1979 413.608 909.508 0 
1980 436.013 942.536 0 
1981 463.257 975.331 0 
1982 496.943 1004.87 0 
1983 525 1027.84 0 
1984 539.2 -1.90735e-07 0 
1985 536.206 44.6154 0 
1986 532.92 56.3272 0 
1987 529.612 68.054 0 
1988 526.274 79.7846 0 
1989 522.896 91.5082 0 
1990 519.471 103.214 0 
1991 515.988 114.893 0 
1992 512.439 126.533 0 
1993 508.814 138.126 0 
1994 505.102 149.661 0 
1995 501.292 161.128 0 
1996 497.374 172.518 0 
1997 493.337 183.822 0 
1998 489.167 195.03 0 
1999 484.853 206.134 0 
2000 480.381 217.124 0 
2001 475.738 227.993 0 
2002 470.911 238.733 0 
2003 465.884 249.336 0 
2004 460.643 259.797 0 
2005 455.172 270.11 0 
2006 449.454 280.27 0 
2007 443.473 290.275 0 
2008 437.212 300.124 0 
2009 430.651 309.818 0 
2010 423.772 319.361 0 
2011 416.555 328.764 0 
2012 408.983 338.059 0 
2013 401.386 347.697 0 
2014 394.055 357.986 0 
2015 386.9 368.769 0 
2016 379.811 379.92 0 
2017 373.049 391.675 0 
2018 366.501 403.913 0 
2019 360.291 416.673 0 
2020 354.478 430.138 0 
2021 349.09 444.127 0 
2022 344.16 458.77 0 
2023 339.827 474.266 0 
2024 335.863 490.211 0 
2025 332.268 506.797 0 
2026 329.667 524.261 0 
2027 327.747 542.673 0 
2028 326.576 561.679 0 
2029 326.31 581.513 0 
2030 326.639 602.112 0 
2031 328.128 623.934 0 
2032 330.637 646.67 0 
2033 334.263 670.356 0 
2034 339.13 695.025 0 
2035 345.302 720.759 0 
2036 352.698 747.547 0 
2037 361.644 775.616 0 
2038 372.388 804.878 0 
2039 385.23 835.275 0 
2040 400.475 866.774 0 
2041 418.733 899.173 0 
2042 440.822 931.871 0 
2043 468.15 963.39 0 
2044 501.59 992.152 0 
2045 525 1009.95 0 
2046 556.05 -1.90735e-07 0 
2047 552.565 44.509 0 
2048 549.252 56.1654 0 
2049 545.912 67.8347 0 
2050 542.537 79.505 0 
2051 539.12 91.165 0 
2052 535.651 102.803 0 
2053 532.121 114.409 0 
2054 528.52 125.971 0 
2055 524.84 137.478 0 
2056 521.068 148.919 0 
2057 517.194 160.285 0 
2058 513.206 171.563 0 
2059 509.092 182.743 0 
2060 504.839 193.816 0 
2061 500.433 204.769 0 
2062 495.86 215.593 0 
2063 491.106 226.278 0 
2064 486.154 236.814 0 
2065 480.987 247.192 0 
2066 475.59 257.402 0 
2067 469.943 267.436 0 
2068 464.027 277.287 0 
2069 457.821 286.947 0 
2070 451.304 296.41 0 
2071 444.451 305.672 0 
2072 437.237 314.727 0 
2073 429.634 323.569 0 
2074 421.73 332.448 0 
2075 413.993 341.904 0 
2076 406.421 351.892 0 
2077 398.881 362.251 0 
2078 391.569 373.173 0 
2079 384.412 384.533 0 
2080 377.549 396.451 0 
2081 371.011 408.977 0 
2082 364.918 422.063 0 
2083 359.125 435.906 0 
2084 353.837 450.271 0 
2085 348.688 465.077 0 
2086 344.494 480.815 0 
2087 340.716 497.344 0 
2088 337.743 514.441 0 
2089 335.199 532.195 0 
2090 333.658 551.071 0 
2091 332.98 570.758 0 
2092 333.083 591.261 0 
2093 334.163 612.769 0 
2094 336.357 635.325 0 
2095 339.751 658.882 0 
2096 344.358 683.439 0 
2097 350.323 709.083 0 
2098 357.581 735.804 0 
2099 366.448 763.755 0 
2100 377.085 792.9 0 
2101 389.745 823.199 0 
2102 404.785 854.482 0 
2103 422.714 886.346 0 
2104 444.054 917.937 0 
2105 470.151 947.299 0 
2106 501.651 971.417 0 
2107 525 998.191 0 
2108 572.9 -1.90735e-07 0 
2109 568.943 44.3776 0 
2110 565.61 55.9909 0 
2111 562.246 67.6144 0 
2112 558.844 79.2359 0 
2113 555.395 90.8434 0 
2114 551.891 102.425 0 
2115 548.323 113.969 0 
2116 544.682 125.463 0 
2117 540.956 136.895 0 
2118 537.136 148.254 0 
2119 533.209 159.528 0 
2120 529.164 170.705 0 
2121 524.987 181.773 0 
2122 520.664 192.72 0 
2123 516.18 203.533 0 
2124 511.521 214.201 0 
2125 506.67 224.712 0 
2126 501.61 235.053 0 
2127 496.322 245.214 0 
2128 490.786 255.182 0 
2129 484.983 264.946 0 
2130 478.889 274.494 0 
2131 472.48 283.815 0 
2132 465.731 292.898 0 
2133 458.613 301.733 0 
2134 451.092 310.307 0 
2135 443.123 318.605 0 
2136 435.056 327.204 0 
2137 427.145 336.42 0 
2138 419.263 346.047 0 
2139 411.452 356.099 0 
2140 403.81 366.639 0 
2141 396.332 377.684 0 
2142 389.169 389.302 0 
2143 382.361 401.535 0 
2144 375.97 414.487 0 
2145 369.561 427.679 0 
2146 363.612 441.471 0 
2147 358.407 456.306 0 
2148 353.754 471.567 0 
2149 349.415 487.443 0 
2150 345.918 504.331 0 
2151 343.11 521.94 0 
2152 341.047 540.356 0 
2153 339.936 559.726 0 
2154 339.752 579.99 0 
2155 340.474 601.183 0 
2156 342.317 623.413 0 
2157 345.347 646.698 0 
2158 349.686 671.091 0 
2159 355.369 696.523 0 
2160 362.434 723.129 0 
2161 371.108 750.907 0 
2162 381.568 779.802 0 
2163 393.946 809.718 0 
2164 408.551 840.424 0 
2165 425.871 871.404 0 
2166 446.458 901.718 0 
2167 470.79 929.453 0 
2168 499.754 951.195 0 
2169 525 980.057 0 
2170 589.75 -1.90735e-07 0 
2171 585.345 44.2234 0 
2172 582 55.8061 0 
2173 578.619 67.3961 0 
2174 575.197 78.9809 0 
2175 571.725 90.5478 0 
2176 568.196 102.084 0 
2177 564.6 113.578 0 
2178 560.927 125.016 0 
2179 557.168 136.386 0 
2180 553.311 147.675 0 
2181 549.344 158.869 0 
2182 545.254 169.957 0 
2183 541.027 180.924 0 
2184 536.649 191.757 0 
2185 532.104 202.442 0 
2186 527.375 212.966 0 
2187 522.445 223.315 0 
2188 517.294 233.474 0 
2189 511.904 243.429 0 
2190 506.251 253.167 0 
2191 500.313 262.671 0 
2192 494.065 271.927 0 
2193 487.48 280.92 0 
2194 480.528 289.634 0 
2195 473.177 298.053 0 
2196 465.394 306.164 0 
2197 457.147 314.014 0 
2198 448.952 322.401 0 
2199 440.818 331.284 0 
2200 432.634 340.507 0 
2201 424.602 350.291 0 
2202 416.575 360.441 0 
2203 408.862 371.159 0 
2204 401.406 382.506 0 
2205 394.359 394.499 0 
2206 387.144 406.637 0 
2207 380.526 419.626 0 
2208 374.254 433.296 0 
2209 368.569 447.369 0 
2210 363.214 462.195 0 
2211 358.608 477.89 0 
2212 354.54 494.243 0 
2213 351.313 511.485 0 
2214 348.853 529.538 0 
2215 347.261 548.474 0 
2216 346.631 568.367 0 
2217 347.049 589.228 0 
2218 348.481 611.08 0 
2219 351.121 634.124 0 
2220 355.106 658.263 0 
2221 360.491 683.448 0 
2222 367.29 709.765 0 
2223 375.682 737.117 0 
2224 385.811 765.525 0 
2225 397.836 794.927 0 
2226 412.086 824.972 0 
2227 428.777 855.142 0 
2228 448.387 884.491 0 
2229 471.053 911.36 0 
2230 497.84 932.664 0 
2231 525 961.905 0 
2232 606.6 -1.90735e-07 0 
2233 601.777 44.0492 0 
2234 598.424 55.614 0 
2235 595.034 67.1831 0 
2236 591.599 78.7436 0 
2237 588.113 90.2825 0 
2238 584.567 101.787 0 
2239 580.953 113.243 0 
2240 577.26 124.638 0 
2241 573.478 135.958 0 
2242 569.596 147.189 0 
2243 565.601 158.318 0 
2244 561.48 169.329 0 
2245 557.218 180.209 0 
2246 552.801 190.942 0 
2247 548.21 201.513 0 
2248 543.429 211.907 0 
2249 538.439 222.107 0 
2250 533.219 232.098 0 
2251 527.747 241.863 0 
2252 522.001 251.384 0 
2253 515.953 260.644 0 
2254 509.578 269.625 0 
2255 502.846 278.305 0 
2256 495.723 286.666 0 
2257 488.175 294.682 0 
2258 480.163 302.328 0 
2259 471.73 309.832 0 
2260 463.404 317.971 0 
2261 455.012 326.487 0 
2262 446.614 335.436 0 
2263 438.246 344.754 0 
2264 430.045 354.638 0 
2265 421.955 365.077 0 
2266 414.363 376.123 0 
2267 406.5 387.293 0 
2268 399.136 399.283 0 
2269 392.07 411.837 0 
2270 385.271 424.865 0 
2271 379.043 438.682 0 
2272 373.3 453.162 0 
2273 368.177 468.293 0 
2274 363.681 484.242 0 
2275 359.915 501.003 0 
2276 356.964 518.652 0 
2277 354.964 537.155 0 
2278 353.855 556.561 0 
2279 353.772 577.073 0 
2280 354.828 598.69 0 
2281 357.106 621.312 0 
2282 360.665 644.974 0 
2283 365.662 669.732 0 
2284 372.141 695.594 0 
2285 380.156 722.495 0 
2286 389.896 750.394 0 
2287 401.499 779.235 0 
2288 415.24 808.704 0 
2289 431.45 838.193 0 
2290 450.368 866.799 0 
2291 471.95 893.269 0 
2292 496.293 915.228 0 
2293 525 944.819 0 
2294 623.45 -1.90735e-07 0 
2295 618.24 43.8576 0 
2296 614.887 55.4176 0 
2297 611.493 66.9788 0 
2298 608.054 78.528 0 
2299 604.561 90.0519 0 
2300 601.007 101.537 0 
2301 597.384 112.969 0 
2302 593.681 124.334 0 
2303 589.888 135.618 0 
2304 585.994 146.806 0 
2305 581.985 157.883 0 
2306 577.847 168.833 0 
2307 573.566 179.64 0 
2308 569.125 190.288 0 
2309 564.507 200.761 0 
2310 559.693 211.04 0 
2311 554.663 221.109 0 
2312 549.396 230.948 0 
2313 543.867 240.54 0 
2314 538.051 249.863 0 
2315 531.922 258.897 0 
2316 525.45 267.621 0 
2317 518.602 276.011 0 
2318 511.344 284.041 0 
2319 503.636 291.683 0 
2320 495.435 298.902 0 
2321 486.923 306.165 0 
2322 478.421 313.987 0 
2323 469.781 322.124 0 
2324 461.184 330.737 0 
2325 452.511 339.76 0 
2326 444.043 349.26 0 
2327 435.807 359.294 0 
2328 427.56 369.721 0 
2329 419.496 380.686 0 
2330 411.693 392.229 0 
2331 404.05 404.207 0 
2332 396.924 416.945 0 
2333 390.083 430.183 0 
2334 383.902 444.205 0 
2335 378.221 458.879 0 
2336 373.217 474.376 0 
2337 368.959 490.672 0 
2338 365.53 507.765 0 
2339 362.942 525.787 0 
2340 361.35 544.878 0 
2341 360.817 564.927 0 
2342 361.413 585.977 0 
2343 363.238 608.091 0 
2344 366.388 631.29 0 
2345 370.938 655.545 0 
2346 376.991 680.876 0 
2347 384.609 707.271 0 
2348 393.896 734.712 0 
2349 405.043 763.092 0 
2350 418.315 792.006 0 
2351 433.971 820.915 0 
2352 452.069 849.066 0 
2353 472.433 875.487 0 
2354 494.715 898.622 0 
2355 525 927.715 0 
2356 640.3 -1.90735e-07 0 
2357 634.738 43.6517 0 
2358 631.389 55.2199 0 
2359 627.999 66.7864 0 
2360 624.561 78.3378 0 
2361 621.069 89.8603 0 
2362 617.516 101.34 0 
2363 613.894 112.762 0 
2364 610.192 124.112 0 
2365 606.4 135.375 0 
2366 602.506 146.535 0 
2367 598.497 157.575 0 
2368 594.358 168.479 0 
2369 590.073 179.23 0 
2370 585.627 189.811 0 
2371 581 200.202 0 
2372 576.173 210.385 0 
2373 571.125 220.34 0 
2374 565.833 230.047 0 
2375 560.272 239.485 0 
2376 554.415 248.63 0 
2377 548.233 257.461 0 
2378 541.696 265.952 0 
2379 534.768 274.076 0 
2380 527.414 281.805 0 
2381 519.591 289.106 0 
2382 511.255 295.943 0 
2383 502.678 302.981 0 
2384 494 310.476 0 
2385 485.182 318.286 0 
2386 476.331 326.505 0 
2387 467.514 335.149 0 
2388 458.699 344.329 0 
2389 450.177 354.002 0 
2390 441.369 363.792 0 
2391 433.167 374.425 0 
2392 424.724 385.441 0 
2393 416.79 397.094 0 
2394 409.04 409.208 0 
2395 401.803 422.051 0 
2396 395.001 435.504 0 
2397 388.801 449.756 0 
2398 383.319 464.729 0 
2399 378.467 480.421 0 
2400 374.445 497.062 0 
2401 371.332 514.643 0 
2402 369.217 533.135 0 
2403 368.147 552.609 0 
2404 368.257 573.138 0 
2405 369.588 594.699 0 
2406 372.246 617.321 0 
2407 376.328 641.028 0 
2408 381.897 665.845 0 
2409 389.06 691.798 0 
2410 397.928 718.808 0 
2411 408.582 746.71 0 
2412 421.333 775.099 0 
2413 436.343 803.512 0 
2414 453.625 831.355 0 
2415 472.884 857.952 0 
2416 493.495 882.02 0 
2417 525 911.657 0 
2418 657.15 -1.90735e-07 0 
2419 651.274 43.4344 0 
2420 647.934 55.0241 0 
2421 644.551 66.6092 0 
2422 641.122 78.1763 0 
2423 637.639 89.7115 0 
2424 634.096 101.2 0 
2425 630.484 112.627 0 
2426 626.794 123.978 0 
2427 623.014 135.235 0 
2428 619.134 146.382 0 
2429 615.138 157.403 0 
2430 611.013 168.279 0 
2431 606.743 178.992 0 
2432 602.309 189.523 0 
2433 597.693 199.851 0 
2434 592.875 209.957 0 
2435 587.832 219.82 0 
2436 582.54 229.415 0 
2437 576.973 238.721 0 
2438 571.104 247.713 0 
2439 564.901 256.365 0 
2440 558.332 264.649 0 
2441 551.362 272.536 0 
2442 543.952 279.996 0 
2443 536.06 286.992 0 
2444 527.641 293.487 0 
2445 519.009 300.284 0 
2446 510.2 307.446 0 
2447 501.222 314.957 0 
2448 492.131 322.838 0 
2449 483.051 331.15 0 
2450 474.203 340.006 0 
2451 464.996 348.86 0 
2452 456.214 358.583 0 
2453 447.246 368.739 0 
2454 438.548 379.224 0 
2455 430.033 390.265 0 
2456 421.885 401.984 0 
2457 414.065 414.244 0 
2458 406.743 427.214 0 
2459 400.029 440.909 0 
2460 393.865 455.282 0 
2461 388.48 470.533 0 
2462 383.877 486.591 0 
2463 380.16 503.53 0 
2464 377.453 521.457 0 
2465 375.827 540.371 0 
2466 375.361 560.272 0 
2467 376.155 581.228 0 
2468 378.282 603.263 0 
2469 381.818 626.429 0 
2470 386.902 650.77 0 
2471 393.588 676.241 0 
2472 401.978 702.767 0 
2473 412.162 730.167 0 
2474 424.363 758.066 0 
2475 438.665 786.06 0 
2476 454.918 813.751 0 
2477 473.065 840.418 0 
2478 492.424 865.431 0 
2479 525 893.477 0 
2480 674 -1.90735e-07 0 
2481 667.848 43.2086 0 
2482 664.521 54.8327 0 
2483 661.151 66.4499 0 
2484 657.736 78.0469 0 
2485 654.269 89.6092 0 
2486 650.743 101.122 0 
2487 647.152 112.57 0 
2488 643.484 123.936 0 
2489 639.73 135.204 0 
2490 635.876 146.357 0 
2491 631.91 157.375 0 
2492 627.815 168.241 0 
2493 623.575 178.935 0 
2494 619.173 189.436 0 
2495 614.589 199.723 0 
2496 609.801 209.774 0 
2497 604.787 219.565 0 
2498 599.521 229.073 0 
2499 593.977 238.272 0 
2500 588.125 247.136 0 
2501 581.934 255.635 0 
2502 575.37 263.742 0 
2503 568.396 271.425 0 
2504 560.971 278.65 0 
2505 553.055 285.38 0 
2506 544.602 291.576 0 
2507 535.925 298.117 0 
2508 527.019 304.947 0 
2509 517.952 312.13 0 
2510 508.694 319.716 0 
2511 499.297 327.607 0 
2512 490.157 336.042 0 
2513 480.756 344.683 0 
2514 471.477 353.941 0 
2515 462.091 363.4 0 
2516 453.034 373.485 0 
2517 444.061 384.092 0 
2518 435.345 395.193 0 
2519 427.039 406.934 0 
2520 419.183 419.372 0 
2521 411.79 432.423 0 
2522 405.078 446.295 0 
2523 399.051 460.898 0 
2524 393.799 476.342 0 
2525 389.476 492.71 0 
2526 386.127 509.987 0 
2527 383.862 528.237 0 
2528 382.777 547.519 0 
2529 382.954 567.848 0 
2530 384.49 589.311 0 
2531 387.479 611.933 0 
2532 392.01 635.726 0 
2533 398.187 660.659 0 
2534 406.073 686.64 0 
2535 415.746 713.519 0 
2536 427.384 740.987 0 
2537 441.013 768.661 0 
2538 456.545 796.176 0 
2539 473.816 823.086 0 
2540 491.926 848.743 0 
2541 525 877.417 0 
2542 690.85 -1.90735e-07 0 
2543 684.462 42.9768 0 
2544 681.15 54.6481 0 
2545 677.797 66.311 0 
2546 674.401 77.952 0 
2547 670.957 89.5565 0 
2548 667.458 101.109 0 
2549 663.896 112.593 0 
2550 660.262 123.993 0 
2551 656.545 135.289 0 
2552 652.732 146.465 0 
2553 648.809 157.501 0 
2554 644.761 168.376 0 
2555 640.57 179.071 0 
2556 636.219 189.564 0 
2557 631.688 199.831 0 
2558 626.954 209.85 0 
2559 621.993 219.595 0 
2560 616.781 229.04 0 
2561 611.289 238.159 0 
2562 605.486 246.922 0 
2563 599.341 255.299 0 
2564 592.818 263.261 0 
2565 585.879 270.772 0 
2566 578.483 277.799 0 
2567 570.587 284.303 0 
2568 562.144 290.244 0 
2569 553.435 296.521 0 
2570 544.437 303.039 0 
2571 535.233 309.901 0 
2572 525.851 317.11 0 
2573 516.418 324.681 0 
2574 506.764 332.458 0 
2575 497.29 340.909 0 
2576 487.374 349.607 0 
2577 477.801 358.804 0 
2578 468.182 368.375 0 
2579 458.746 378.421 0 
2580 449.605 389.001 0 
2581 440.737 400.23 0 
2582 432.234 411.994 0 
2583 424.303 424.509 0 
2584 416.921 437.71 0 
2585 410.211 451.687 0 
2586 404.328 466.519 0 
2587 399.292 482.188 0 
2588 395.254 498.808 0 
2589 392.31 516.402 0 
2590 390.529 535.003 0 
2591 390.039 554.708 0 
2592 390.93 575.546 0 
2593 393.3 597.566 0 
2594 397.252 620.762 0 
2595 402.864 645.089 0 
2596 410.207 670.493 0 
2597 419.348 696.85 0 
2598 430.407 723.908 0 
2599 443.392 751.3 0 
2600 458.208 778.628 0 
2601 474.572 805.541 0 
2602 492.532 831.436 0 
2603 525 857.062 0 
2604 707.7 -1.90735e-07 0 
2605 701.114 42.7407 0 
2606 697.819 54.4718 0 
2607 694.487 66.194 0 
2608 691.115 77.8936 0 
2609 687.7 89.5556 0 
2610 684.234 101.164 0 
2611 680.712 112.702 0 
2612 677.123 124.152 0 
2613 673.455 135.496 0 
2614 669.697 146.714 0 
2615 665.834 157.786 0 
2616 661.849 168.692 0 
2617 657.726 179.41 0 
2618 653.447 189.917 0 
2619 648.989 200.188 0 
2620 644.333 210.199 0 
2621 639.452 219.924 0 
2622 634.32 229.334 0 
2623 628.91 238.4 0 
2624 623.19 247.093 0 
2625 617.126 255.38 0 
2626 610.682 263.228 0 
2627 603.819 270.604 0 
2628 596.495 277.47 0 
2629 588.665 283.789 0 
2630 580.283 289.521 0 
2631 571.577 295.532 0 
2632 562.537 301.754 0 
2633 553.24 308.303 0 
2634 543.733 315.17 0 
2635 534.203 322.47 0 
2636 524.258 329.871 0 
2637 514.4 337.939 0 
2638 504.279 346.117 0 
2639 494.168 354.742 0 
2640 484.146 363.886 0 
2641 474.26 373.424 0 
2642 464.588 383.528 0 
2643 455.119 394.077 0 
2644 446.11 405.295 0 
2645 437.504 417.142 0 
2646 429.453 429.68 0 
2647 422.08 443.01 0 
2648 415.45 457.119 0 
2649 409.691 472.12 0 
2650 404.916 488.035 0 
2651 401.203 504.918 0 
2652 398.693 522.852 0 
2653 397.466 541.865 0 
2654 397.644 562.031 0 
2655 399.337 583.383 0 
2656 402.641 605.912 0 
2657 407.633 629.604 0 
2658 414.398 654.415 0 
2659 422.987 680.243 0 
2660 433.473 706.918 0 
2661 445.862 734.11 0 
2662 460.026 761.49 0 
2663 475.877 788.669 0 
2664 493.155 815.539 0 
2665 525 842.074 0 
2666 724.55 -1.90735e-07 0 
2667 717.803 42.5012 0 
2668 714.526 54.3045 0 
2669 711.217 66.0997 0 
2670 707.873 77.8728 0 
2671 704.492 89.6084 0 
2672 701.068 101.29 0 
2673 697.595 112.899 0 
2674 694.061 124.418 0 
2675 690.457 135.827 0 
2676 686.767 147.107 0 
2677 682.979 158.238 0 
2678 679.076 169.196 0 
2679 675.039 179.959 0 
2680 670.851 190.504 0 
2681 666.491 200.805 0 
2682 661.935 210.836 0 
2683 657.16 220.568 0 
2684 652.139 229.971 0 
2685 646.842 239.016 0 
2686 641.238 247.67 0 
2687 635.292 255.899 0 
2688 628.966 263.669 0 
2689 622.22 270.944 0 
2690 615.012 277.688 0 
2691 607.295 283.862 0 
2692 599.022 289.43 0 
2693 590.362 295.182 0 
2694 581.325 301.124 0 
2695 571.987 307.368 0 
2696 562.408 313.876 0 
2697 552.633 320.739 0 
2698 542.68 327.943 0 
2699 532.19 335.396 0 
2700 521.912 343.315 0 
2701 511.435 351.524 0 
2702 500.929 360.128 0 
2703 490.573 369.175 0 
2704 480.296 378.686 0 
2705 470.382 388.703 0 
2706 460.719 399.28 0 
2707 451.481 410.447 0 
2708 442.779 422.323 0 
2709 434.654 434.905 0 
2710 427.28 448.309 0 
2711 420.744 462.566 0 
2712 415.152 477.741 0 
2713 410.65 493.908 0 
2714 407.323 511.092 0 
2715 405.3 529.384 0 
2716 404.705 548.819 0 
2717 405.641 569.435 0 
2718 408.216 591.26 0 
2719 412.531 614.288 0 
2720 418.662 638.479 0 
2721 426.668 663.773 0 
2722 436.594 690.042 0 
2723 448.457 717.053 0 
2724 462.145 744.488 0 
2725 477.668 771.878 0 
2726 494.173 799.107 0 
2727 525 828.155 0 
2728 741.4 -1.90735e-07 0 
2729 734.527 42.2576 0 
2730 731.267 54.1452 0 
2731 727.98 66.0273 0 
2732 724.667 77.8896 0 
2733 721.327 89.7154 0 
2734 717.952 101.487 0 
2735 714.537 113.186 0 
2736 711.071 124.793 0 
2737 707.543 136.288 0 
2738 703.937 147.651 0 
2739 700.24 158.861 0 
2740 696.435 169.894 0 
2741 692.504 180.728 0 
2742 688.428 191.336 0 
2743 684.187 201.693 0 
2744 679.757 211.771 0 
2745 675.115 221.539 0 
2746 670.233 230.967 0 
2747 665.081 240.023 0 
2748 659.628 248.671 0 
2749 653.836 256.877 0 
2750 647.669 264.605 0 
2751 641.084 271.817 0 
2752 634.037 278.475 0 
2753 626.481 284.542 0 
2754 618.368 289.984 0 
2755 609.806 295.499 0 
2756 600.817 301.205 0 
2757 591.47 307.172 0 
2758 581.774 313.367 0 
2759 571.827 319.813 0 
2760 561.716 326.775 0 
2761 551.096 333.861 0 
2762 540.357 341.251 0 
2763 529.514 349.065 0 
2764 518.607 357.183 0 
2765 507.691 365.754 0 
2766 496.96 374.674 0 
2767 486.455 384.112 0 
2768 476.172 394.04 0 
2769 466.317 404.577 0 
2770 456.885 415.708 0 
2771 448.049 427.55 0 
2772 439.893 440.177 0 
2773 432.526 453.641 0 
2774 426.094 468.035 0 
2775 420.71 483.399 0 
2776 416.511 499.816 0 
2777 413.625 517.326 0 
2778 412.167 535.979 0 
2779 412.272 555.828 0 
2780 414.047 576.898 0 
2781 417.599 599.207 0 
2782 423.029 622.749 0 
2783 430.41 647.477 0 
2784 439.771 673.297 0 
2785 451.119 700.043 0 
2786 464.436 727.378 0 
2787 479.457 754.911 0 
2788 495.805 782.301 0 
2789 525 811.015 0 
2790 758.25 -1.90735e-07 0 
2791 751.281 42.0075 0 
2792 748.035 53.9913 0 
2793 744.77 65.975 0 
2794 741.49 77.9427 0 
2795 738.195 89.8766 0 
2796 734.878 101.757 0 
2797 731.531 113.565 0 
2798 728.145 125.28 0 
2799 724.705 136.882 0 
2800 721.198 148.349 0 
2801 717.609 159.66 0 
2802 713.92 170.792 0 
2803 710.113 181.721 0 
2804 706.171 192.42 0 
2805 702.071 202.861 0 
2806 697.793 213.015 0 
2807 693.31 222.851 0 
2808 688.597 232.336 0 
2809 683.622 241.436 0 
2810 678.355 250.114 0 
2811 672.757 258.334 0 
2812 666.79 266.056 0 
2813 660.41 273.242 0 
2814 653.572 279.853 0 
2815 646.225 285.848 0 
2816 638.321 291.193 0 
2817 629.919 296.496 0 
2818 621.041 302.004 0 
2819 611.726 307.757 0 
2820 601.96 313.693 0 
2821 591.891 319.828 0 
2822 581.572 326.47 0 
2823 570.813 333.167 0 
2824 559.765 340.14 0 
2825 548.49 347.475 0 
2826 537.142 355.186 0 
2827 525.747 363.172 0 
2828 514.568 371.57 0 
2829 503.416 380.406 0 
2830 492.555 389.73 0 
2831 481.992 399.554 0 
2832 471.885 409.963 0 
2833 462.296 421.029 0 
2834 453.341 432.829 0 
2835 445.144 445.47 0 
2836 437.812 459.001 0 
2837 431.503 473.521 0 
2838 426.36 489.091 0 
2839 422.518 505.769 0 
2840 420.125 523.605 0 
2841 419.304 542.64 0 
2842 420.186 562.92 0 
2843 422.893 584.474 0 
2844 427.539 607.312 0 
2845 434.223 631.415 0 
2846 442.994 656.723 0 
2847 453.817 683.13 0 
2848 466.704 710.286 0 
2849 481.323 737.914 0 
2850 497.637 765.58 0 
2851 525 793.869 0 
2852 775.1 -1.90735e-07 0 
2853 768.06 41.7455 0 
2854 764.82 53.8376 0 
2855 761.575 65.9385 0 
2856 758.33 78.0298 0 
2857 755.084 90.0909 0 
2858 751.832 102.1 0 
2859 748.565 114.037 0 
2860 745.271 125.88 0 
2861 741.935 137.609 0 
2862 738.542 149.203 0 
2863 735.077 160.639 0 
2864 731.522 171.894 0 
2865 727.859 182.944 0 
2866 724.07 193.76 0 
2867 720.135 204.315 0 
2868 716.031 214.578 0 
2869 711.736 224.514 0 
2870 707.221 234.091 0 
2871 702.457 243.271 0 
2872 697.412 252.017 0 
2873 692.048 260.288 0 
2874 686.324 268.044 0 
2875 680.195 275.244 0 
2876 673.613 281.845 0 
2877 666.526 287.805 0 
2878 658.88 293.082 0 
2879 650.692 298.195 0 
2880 641.975 303.527 0 
2881 632.747 309.094 0 
2882 623.083 314.812 0 
2883 613.012 320.731 0 
2884 602.245 326.82 0 
2885 591.368 333.266 0 
2886 580.075 339.949 0 
2887 568.429 346.844 0 
2888 556.597 354.079 0 
2889 544.881 361.586 0 
2890 533.095 369.465 0 
2891 521.373 377.71 0 
2892 509.854 386.393 0 
2893 498.625 395.529 0 
2894 487.803 405.201 0 
2895 477.463 415.45 0 
2896 467.716 426.411 0 
2897 458.65 438.155 0 
2898 450.41 450.785 0 
2899 443.135 464.385 0 
2900 436.978 479.036 0 
2901 432.108 494.815 0 
2902 428.675 511.777 0 
2903 426.835 529.959 0 
2904 426.724 549.41 0 
2905 428.482 570.165 0 
2906 432.244 592.253 0 
2907 438.131 615.677 0 
2908 446.228 640.408 0 
2909 456.55 666.363 0 
2910 468.936 693.419 0 
2911 483.357 721.042 0 
2912 499.322 749.146 0 
2913 525 778.834 0 
2914 791.95 -1.90735e-07 0 
2915 784.856 41.4614 0 
2916 781.612 53.6753 0 
2917 778.38 65.9115 0 
2918 775.169 78.147 0 
2919 771.979 90.3568 0 
2920 768.801 102.516 0 
2921 765.626 114.603 0 
2922 762.438 126.595 0 
2923 759.222 138.472 0 
2924 755.959 150.214 0 
2925 752.635 161.799 0 
2926 749.232 173.202 0 
2927 745.731 184.4 0 
2928 742.116 195.363 0 
2929 738.367 206.062 0 
2930 734.463 216.465 0 
2931 730.38 226.537 0 
2932 726.094 236.242 0 
2933 721.574 245.541 0 
2934 716.788 254.393 0 
2935 711.698 262.757 0 
2936 706.262 270.589 0 
2937 700.434 277.845 0 
2938 694.161 284.478 0 
2939 687.386 290.444 0 
2940 680.052 295.693 0 
2941 672.137 300.652 0 
2942 663.636 305.837 0 
2943 654.557 311.242 0 
2944 645.013 316.748 0 
2945 634.892 322.43 0 
2946 624.114 328.3 0 
2947 612.935 334.346 0 
2948 601.326 340.669 0 
2949 589.348 347.261 0 
2950 577.169 353.998 0 
2951 564.983 361.059 0 
2952 552.618 368.405 0 
2953 540.327 376.098 0 
2954 528.134 384.143 0 
2955 516.237 392.601 0 
2956 504.693 401.505 0 
2957 493.624 410.963 0 
2958 483.061 421.038 0 
2959 473.14 431.856 0 
2960 463.973 443.522 0 
2961 455.699 456.129 0 
2962 448.494 469.791 0 
2963 442.52 484.588 0 
2964 437.958 500.595 0 
2965 434.983 517.868 0 
2966 433.77 536.443 0 
2967 434.463 556.354 0 
2968 437.222 577.642 0 
2969 442.196 600.325 0 
2970 449.509 624.4 0 
2971 459.202 649.836 0 
2972 471.223 676.523 0 
2973 485.401 704.156 0 
2974 501.05 732.169 0 
2975 525 762.728 0 
2976 808.8 -1.90735e-07 0 
2977 801.656 41.1388 0 
2978 798.391 53.4908 0 
2979 795.165 65.8852 0 
2980 791.988 78.2901 0 
2981 788.86 90.6729 0 
2982 785.769 103.005 0 
2983 782.7 115.262 0 
2984 779.634 127.424 0 
2985 776.553 139.471 0 
2986 773.439 151.382 0 
2987 770.272 163.139 0 
2988 767.038 174.716 0 
2989 763.718 186.089 0 
2990 760.296 197.23 0 
2991 756.754 208.106 0 
2992 753.072 218.684 0 
2993 749.229 228.928 0 
2994 745.2 238.799 0 
2995 740.957 248.257 0 
2996 736.467 257.258 0 
2997 731.694 265.757 0 
2998 726.594 273.71 0 
2999 721.117 281.067 0 
3000 715.209 287.78 0 
3001 708.807 293.798 0 
3002 701.845 299.069 0 
3003 694.27 303.92 0 
3004 686.044 308.997 0 
3005 677.172 314.276 0 
3006 667.794 319.626 0 
3007 657.708 325.184 0 
3008 646.9 330.798 0 
3009 635.553 336.535 0 
3010 623.625 342.509 0 
3011 611.274 348.686 0 
3012 598.86 355.056 0 
3013 586.104 361.661 0 
3014 573.212 368.526 0 
3015 560.283 375.647 0 
3016 547.459 383.078 0 
3017 534.867 390.841 0 
3018 522.64 399.015 0 
3019 510.805 407.653 0 
3020 499.461 416.852 0 
3021 488.676 426.719 0 
3022 478.581 437.366 0 
3023 469.312 448.924 0 
3024 461.022 461.508 0 
3025 453.897 475.232 0 
3026 448.131 490.195 0 
3027 443.92 506.466 0 
3028 441.467 524.093 0 
3029 440.965 543.113 0 
3030 442.587 563.547 0 
3031 446.505 585.431 0 
3032 452.877 608.774 0 
3033 461.825 633.55 0 
3034 473.324 659.681 0 
3035 487.119 686.931 0 
3036 503.133 714.884 0 
3037 525 742.323 0 
3038 825.65 -1.90735e-07 0 
3039 818.441 40.7499 0 
3040 815.13 53.2637 0 
3041 811.9 65.8485 0 
3042 808.759 78.4551 0 
3043 805.704 91.0398 0 
3044 802.715 103.569 0 
3045 799.77 116.018 0 
3046 796.846 128.368 0 
3047 793.919 140.604 0 
3048 790.969 152.706 0 
3049 787.978 164.658 0 
3050 784.929 176.435 0 
3051 781.807 188.012 0 
3052 778.596 199.36 0 
3053 775.281 210.447 0 
3054 771.843 221.237 0 
3055 768.263 231.691 0 
3056 764.52 241.77 0 
3057 760.586 251.429 0 
3058 756.43 260.623 0 
3059 752.017 269.305 0 
3060 747.301 277.426 0 
3061 742.233 284.934 0 
3062 736.75 291.777 0 
3063 730.787 297.9 0 
3064 724.267 303.247 0 
3065 717.108 308.061 0 
3066 709.224 313.086 0 
3067 700.623 318.286 0 
3068 691.434 323.514 0 
3069 681.433 329.046 0 
3070 670.644 334.407 0 
3071 659.176 339.912 0 
3072 646.99 345.531 0 
3073 634.411 351.323 0 
3074 621.568 357.331 0 
3075 608.306 363.49 0 
3076 594.855 369.866 0 
3077 581.312 376.459 0 
3078 567.848 383.278 0 
3079 554.616 390.378 0 
3080 541.675 397.815 0 
3081 529.1 405.656 0 
3082 516.954 413.986 0 
3083 505.321 422.886 0 
3084 494.309 432.493 0 
3085 484.048 442.938 0 
3086 474.68 454.367 0 
3087 466.38 466.921 0 
3088 459.352 480.724 0 
3089 453.818 495.884 0 
3090 450.013 512.467 0 
3091 448.167 530.504 0 
3092 448.494 550.029 0 
3093 451.203 571.064 0 
3094 456.484 593.631 0 
3095 464.505 617.733 0 
3096 475.333 643.335 0 
3097 488.787 670.351 0 
3098 504.545 698.382 0 
3099 525 727.291 0 
3100 842.5 -1.90735e-07 0 
3101 835.179 40.2497 0 
3102 831.791 52.9658 0 
3103 828.544 65.7898 0 
3104 825.446 78.6421 0 
3105 822.48 91.4622 0 
3106 819.617 104.213 0 
3107 816.821 116.872 0 
3108 814.06 129.428 0 
3109 811.308 141.869 0 
3110 808.541 154.182 0 
3111 805.742 166.351 0 
3112 802.894 178.353 0 
3113 799.985 190.164 0 
3114 797.001 201.753 0 
3115 793.93 213.085 0 
3116 790.755 224.125 0 
3117 787.462 234.831 0 
3118 784.03 245.16 0 
3119 780.436 255.066 0 
3120 776.652 264.501 0 
3121 772.642 273.415 0 
3122 768.363 281.755 0 
3123 763.761 289.466 0 
3124 758.773 296.493 0 
3125 753.324 302.778 0 
3126 747.327 308.262 0 
3127 740.666 313.127 0 
3128 733.205 318.18 0 
3129 724.928 323.353 0 
3130 715.983 328.494 0 
3131 706.122 334.072 0 
3132 695.378 339.243 0 
3133 683.809 344.495 0 
3134 671.476 349.843 0 
3135 658.653 355.298 0 
3136 645.34 360.885 0 
3137 631.616 366.642 0 
3138 617.583 372.535 0 
3139 603.443 378.603 0 
3140 589.393 384.84 0 
3141 575.517 391.303 0 
3142 561.88 398.03 0 
3143 548.548 405.098 0 
3144 535.595 412.56 0 
3145 523.122 420.514 0 
3146 511.215 429.061 0 
3147 499.983 438.361 0 
3148 489.562 448.569 0 
3149 480.098 459.851 0 
3150 471.788 472.376 0 
3151 464.864 486.283 0 
3152 459.595 501.686 0 
3153 456.264 518.644 0 
3154 455.142 537.163 0 
3155 456.474 557.267 0 
3156 460.502 578.993 0 
3157 467.449 602.359 0 
3158 477.426 627.372 0 
3159 490.391 653.95 0 
3160 506.02 682.04 0 
3161 525 710.1 0 
3162 859.35 -1.90735e-07 0 
3163 851.819 39.5656 0 
3164 848.31 52.56 0 
3165 845.04 65.703 0 
3166 842.001 78.8613 0 
3167 839.155 91.9544 0 
3168 836.45 104.947 0 
3169 833.835 117.83 0 
3170 831.267 130.602 0 
3171 828.711 143.262 0 
3172 826.146 155.802 0 
3173 823.553 168.21 0 
3174 820.92 180.464 0 
3175 818.237 192.538 0 
3176 815.494 204.401 0 
3177 812.681 216.017 0 
3178 809.787 227.347 0 
3179 806.799 238.347 0 
3180 803.702 248.973 0 
3181 800.477 259.175 0 
3182 797.099 268.901 0 
3183 793.536 278.099 0 
3184 789.746 286.712 0 
3185 785.676 294.682 0 
3186 781.258 301.951 0 
3187 776.407 308.457 0 
3188 771.027 314.139 0 
3189 764.964 319.17 0 
3190 758.01 324.352 0 
3191 750.152 329.578 0 
3192 741.444 334.698 0 
3193 731.8 340.275 0 
3194 721.179 345.355 0 
3195 709.545 350.411 0 
3196 697.02 355.499 0 
3197 683.955 360.655 0 
3198 670.234 365.868 0 
3199 656.009 371.186 0 
3200 641.426 376.622 0 
3201 626.736 382.156 0 
3202 612.125 387.857 0 
3203 597.623 393.711 0 
3204 583.292 399.77 0 
3205 569.192 406.083 0 
3206 555.441 412.712 0 
3207 542.127 419.731 0 
3208 529.342 427.243 0 
3209 517.174 435.379 0 
3210 505.736 444.327 0 
3211 495.155 454.262 0 
3212 485.588 465.381 0 
3213 477.259 477.883 0 
3214 470.443 491.927 0 
3215 465.478 507.635 0 
3216 462.716 525.038 0 
3217 462.476 544.117 0 
3218 465.057 564.901 0 
3219 470.742 587.433 0 
3220 479.686 611.78 0 
3221 491.874 637.911 0 
3222 507.318 665.487 0 
3223 525 693.979 0 
3224 876.2 -1.90735e-07 0 
3225 868.265 38.5804 0 
3226 864.591 52.0057 0 
3227 861.304 65.6008 0 
3228 858.363 79.1455 0 
3229 855.688 92.547 0 
3230 853.194 105.792 0 
3231 850.803 118.899 0 
3232 848.459 131.889 0 
3233 846.125 144.774 0 
3234 843.778 157.556 0 
3235 841.405 170.223 0 
3236 838.997 182.754 0 
3237 836.55 195.123 0 
3238 834.058 207.296 0 
3239 831.514 219.235 0 
3240 828.913 230.897 0 
3241 826.246 242.239 0 
3242 823.503 253.209 0 
3243 820.671 263.758 0 
3244 817.731 273.83 0 
3245 814.657 283.367 0 
3246 811.41 292.311 0 
3247 807.94 300.601 0 
3248 804.174 308.172 0 
3249 800.021 314.959 0 
3250 795.368 320.895 0 
3251 790.013 326.21 0 
3252 783.693 331.653 0 
3253 776.353 337.063 0 
3254 768.048 342.389 0 
3255 758.569 347.553 0 
3256 748.042 352.641 0 
3257 736.364 357.586 0 
3258 723.757 362.498 0 
3259 710.435 367.416 0 
3260 696.263 372.324 0 
3261 681.513 377.229 0 
3262 666.415 382.191 0 
3263 651.241 387.254 0 
3264 636.063 392.414 0 
3265 620.939 397.701 0 
3266 605.908 403.125 0 
3267 591.069 408.718 0 
3268 576.524 414.55 0 
3269 562.382 420.673 0 
3270 548.735 427.177 0 
3271 535.666 434.183 0 
3272 523.252 441.855 0 
3273 511.617 450.403 0 
3274 500.867 460.03 0 
3275 491.177 470.965 0 
3276 482.8 483.444 0 
3277 476.095 497.669 0 
3278 471.489 513.748 0 
3279 469.432 531.667 0 
3280 470.306 551.382 0 
3281 474.465 572.944 0 
3282 482.232 596.421 0 
3283 493.518 621.943 0 
3284 508.103 649.301 0 
3285 525 675.709 0 
3286 893.05 -1.90735e-07 0 
3287 884.346 37.1073 0 
3288 880.482 51.2814 0 
3289 877.224 65.549 0 
3290 874.457 79.5731 0 
3291 872.041 93.2961 0 
3292 869.834 106.775 0 
3293 867.725 120.084 0 
3294 865.643 133.279 0 
3295 863.551 146.39 0 
3296 861.435 159.424 0 
3297 859.29 172.371 0 
3298 857.114 185.207 0 
3299 854.908 197.904 0 
3300 852.672 210.425 0 
3301 850.404 222.728 0 
3302 848.104 234.77 0 
3303 845.768 246.5 0 
3304 843.392 257.868 0 
3305 840.972 268.819 0 
3306 838.497 279.292 0 
3307 835.949 289.229 0 
3308 833.299 298.565 0 
3309 830.498 307.238 0 
3310 827.477 315.177 0 
3311 824.136 322.312 0 
3312 820.345 328.563 0 
3313 815.82 334.274 0 
3314 810.26 340.069 0 
3315 803.581 345.739 0 
3316 795.776 351.22 0 
3317 786.613 356.456 0 
3318 776.183 361.503 0 
3319 764.427 366.376 0 
3320 751.686 371.114 0 
3321 737.961 375.765 0 
3322 723.365 380.311 0 
3323 708.119 384.835 0 
3324 692.582 389.353 0 
3325 676.917 393.949 0 
3326 661.183 398.614 0 
3327 645.423 403.348 0 
3328 629.721 408.165 0 
3329 614.175 413.096 0 
3330 598.87 418.174 0 
3331 583.931 423.457 0 
3332 569.442 429.01 0 
3333 555.489 434.932 0 
3334 542.158 441.363 0 
3335 529.52 448.52 0 
3336 517.683 456.621 0 
3337 506.742 465.895 0 
3338 496.884 476.612 0 
3339 488.418 489.063 0 
3340 481.805 503.491 0 
3341 477.668 520.012 0 
3342 476.505 538.524 0 
3343 478.836 558.956 0 
3344 485.066 581.47 0 
3345 495.368 606.25 0 
3346 509.392 633.375 0 
3347 525 660.641 0 
3348 909.9 -1.90735e-07 0 
3349 899.708 34.8368 0 
3350 895.769 50.4638 0 
3351 892.653 65.7407 0 
3352 890.201 80.3019 0 
3353 888.186 94.2894 0 
3354 886.377 107.927 0 
3355 884.619 121.383 0 
3356 882.835 134.754 0 
3357 881.003 148.084 0 
3358 879.123 161.38 0 
3359 877.205 174.628 0 
3360 875.261 187.801 0 
3361 873.296 200.862 0 
3362 871.317 213.771 0 
3363 869.327 226.484 0 
3364 867.33 238.952 0 
3365 865.329 251.125 0 
3366 863.327 262.945 0 
3367 861.329 274.355 0 
3368 859.336 285.292 0 
3369 857.344 295.69 0 
3370 855.337 305.484 0 
3371 853.278 314.607 0 
3372 851.1 322.988 0 
3373 848.701 330.548 0 
3374 845.934 337.193 0 
3375 842.384 343.501 0 
3376 837.676 349.792 0 
3377 831.759 355.922 0 
3378 824.505 361.69 0 
3379 815.711 367.097 0 
3380 805.468 372.16 0 
3381 793.66 376.922 0 
3382 780.731 381.496 0 
3383 766.582 385.842 0 
3384 751.509 390.029 0 
3385 735.819 394.12 0 
3386 719.849 398.233 0 
3387 703.69 402.355 0 
3388 687.391 406.52 0 
3389 671.023 410.721 0 
3390 654.686 414.968 0 
3391 638.474 419.277 0 
3392 622.481 423.668 0 
3393 606.795 428.182 0 
3394 591.508 432.863 0 
3395 576.703 437.783 0 
3396 562.475 443.054 0 
3397 548.894 448.852 0 
3398 536.042 455.437 0 
3399 523.99 463.026 0 
3400 512.817 471.883 0 
3401 502.721 482.308 0 
3402 494.063 494.663 0 
3403 487.576 509.343 0 
3404 484.098 526.368 0 
3405 484.109 545.505 0 
3406 488.388 566.653 0 
3407 497.259 590.186 0 
3408 510.272 616.224 0 
3409 525 642.335 0 
3410 926.75 -1.90735e-07 0 
3411 913.721 31.3258 0 
3412 910.234 49.9961 0 
3413 907.417 66.6481 0 
3414 905.508 81.6043 0 
3415 904.124 95.6324 0 
3416 902.869 109.262 0 
3417 901.538 122.767 0 
3418 900.077 136.271 0 
3419 898.501 149.811 0 
3420 896.848 163.384 0 
3421 895.148 176.961 0 
3422 893.427 190.505 0 
3423 891.699 203.971 0 
3424 889.974 217.314 0 
3425 888.258 230.484 0 
3426 886.561 243.431 0 
3427 884.89 256.101 0 
3428 883.258 268.433 0 
3429 881.681 280.366 0 
3430 880.175 291.83 0 
3431 878.755 302.755 0 
3432 877.427 313.073 0 
3433 876.175 322.717 0 
3434 874.945 331.62 0 
3435 873.634 339.7 0 
3436 872.075 346.84 0 
3437 869.637 353.944 0 
3438 865.955 360.985 0 
3439 860.952 367.766 0 
3440 854.325 374.094 0 
3441 845.945 379.809 0 
3442 835.822 384.916 0 
3443 823.987 389.505 0 
3444 810.758 393.802 0 
3445 796.193 397.812 0 
3446 780.629 401.612 0 
3447 764.513 405.276 0 
3448 748.066 408.916 0 
3449 731.386 412.566 0 
3450 714.539 416.212 0 
3451 697.613 419.882 0 
3452 680.697 423.583 0 
3453 663.9 427.312 0 
3454 647.297 431.091 0 
3455 630.962 434.918 0 
3456 614.954 438.832 0 
3457 599.346 442.863 0 
3458 584.254 447.082 0 
3459 569.774 451.638 0 
3460 555.958 456.763 0 
3461 542.887 462.687 0 
3462 530.582 469.685 0 
3463 519.11 478.021 0 
3464 508.651 488.003 0 
3465 499.72 500.188 0 
3466 493.477 515.177 0 
3467 490.868 532.694 0 
3468 492.504 552.338 0 
3469 499.22 574.16 0 
3470 510.994 598.565 0 
3471 525 624.043 0 
3472 943.6 -1.90735e-07 0 
3473 929.055 29.8417 0 
3474 924.029 51.5469 0 
3475 921.272 69.2514 0 
3476 920.291 83.8347 0 
3477 919.932 97.3745 0 
3478 919.436 110.72 0 
3479 918.588 124.153 0 
3480 917.433 137.75 0 
3481 916.078 151.506 0 
3482 914.618 165.383 0 
3483 913.113 179.328 0 
3484 911.601 193.287 0 
3485 910.099 207.205 0 
3486 908.62 221.029 0 
3487 907.171 234.708 0 
3488 905.764 248.188 0 
3489 904.412 261.413 0 
3490 903.135 274.322 0 
3491 901.961 286.845 0 
3492 900.927 298.907 0 
3493 900.074 310.429 0 
3494 899.442 321.336 0 
3495 899.049 331.568 0 
3496 898.873 341.076 0 
3497 898.814 349.793 0 
3498 898.656 357.647 0 
3499 897.464 365.779 0 
3500 895.005 373.845 0 
3501 891.024 381.736 0 
3502 885.148 388.806 0 
3503 877.25 394.971 0 
3504 867.182 400.093 0 
3505 855.208 404.483 0 
3506 841.532 408.362 0 
3507 826.424 412.03 0 
3508 810.372 415.33 0 
3509 793.773 418.559 0 
3510 776.838 421.711 0 
3511 759.651 424.812 0 
3512 742.324 427.873 0 
3513 724.933 430.959 0 
3514 707.56 434.091 0 
3515 690.291 437.242 0 
3516 673.211 440.453 0 
3517 656.367 443.696 0 
3518 639.758 446.966 0 
3519 623.432 450.251 0 
3520 607.548 453.566 0 
3521 592.211 457.047 0 
3522 577.47 460.892 0 
3523 563.42 465.235 0 
3524 550.09 470.39 0 
3525 537.463 476.69 0 
3526 525.571 484.369 0 
3527 514.666 493.743 0 
3528 505.324 505.595 0 
3529 499.486 520.941 0 
3530 498.069 538.759 0 
3531 501.95 558.726 0 
3532 511.137 581.052 0 
3533 525 604.678 0 
3534 960.45 -1.90735e-07 0 
3535 943.357 31.5533 0 
3536 935.554 57.0983 0 
3537 933.352 74.9757 0 
3538 934.452 87.1087 0 
3539 935.879 99.3113 0 
3540 936.356 112.089 0 
3541 935.946 125.376 0 
3542 934.988 139.07 0 
3543 933.761 153.08 0 
3544 932.432 167.313 0 
3545 931.087 181.681 0 
3546 929.763 196.109 0 
3547 928.477 210.532 0 
3548 927.235 224.89 0 
3549 926.044 239.13 0 
3550 924.913 253.199 0 
3551 923.859 267.042 0 
3552 922.908 280.595 0 
3553 922.102 293.785 0 
3554 921.498 306.524 0 
3555 921.173 318.717 0 
3556 921.216 330.275 0 
3557 921.708 341.143 0 
3558 922.682 351.321 0 
3559 924.092 360.75 0 
3560 925.445 369.808 0 
3561 925.735 379.327 0 
3562 924.688 388.918 0 
3563 921.878 398.318 0 
3564 916.838 406.293 0 
3565 909.454 413.041 0 
3566 899.37 418.358 0 
3567 886.926 422.443 0 
3568 872.529 425.734 0 
3569 856.754 428.746 0 
3570 840.096 431.527 0 
3571 823.014 434.198 0 
3572 805.655 436.753 0 
3573 788.064 439.19 0 
3574 770.361 441.578 0 
3575 752.605 444.013 0 
3576 734.906 446.526 0 
3577 717.339 449.106 0 
3578 700.031 451.723 0 
3579 682.874 454.49 0 
3580 665.83 457.254 0 
3581 648.903 459.951 0 
3582 632.349 462.573 0 
3583 616.274 465.204 0 
3584 600.665 468.022 0 
3585 585.622 471.047 0 
3586 571.285 474.465 0 
3587 557.634 478.754 0 
3588 544.532 484.188 0 
3589 532.133 490.979 0 
3590 520.642 499.596 0 
3591 510.816 511.097 0 
3592 505.428 526.556 0 
3593 505.712 544.674 0 
3594 512.588 566 0 
3595 525 590.64 0 
3596 977.3 -1.90735e-07 0 
3597 959.321 31.5694 0 
3598 952.435 63.1865 0 
3599 947.157 77.8328 0 
3600 948.285 90.3131 0 
3601 952.774 100.673 0 
3602 954.163 112.949 0 
3603 953.853 126.191 0 
3604 952.811 140.075 0 
3605 951.544 154.432 0 
3606 950.263 169.107 0 
3607 949.039 183.975 0 
3608 947.888 198.938 0 
3609 946.81 213.923 0 
3610 945.799 228.868 0 
3611 944.855 243.723 0 
3612 943.984 258.438 0 
3613 943.201 272.961 0 
3614 942.537 287.233 0 
3615 942.041 301.174 0 
3616 941.791 314.687 0 
3617 941.904 327.641 0 
3618 942.541 339.902 0 
3619 943.884 351.409 0 
3620 946.056 362.314 0 
3621 949.107 372.609 0 
3622 951.996 383.383 0 
3623 953.93 394.815 0 
3624 954.68 406.676 0 
3625 953.31 417.96 0 
3626 949.011 427.307 0 
3627 942.078 435.294 0 
3628 931.737 440.246 0 
3629 918.334 444.002 0 
3630 902.9 446.616 0 
3631 886.235 448.543 0 
3632 868.864 450.469 0 
3633 851.494 452.25 0 
3634 833.882 454.048 0 
3635 816.095 455.635 0 
3636 798.234 457.242 0 
3637 780.291 458.895 0 
3638 762.374 460.765 0 
3639 744.666 462.801 0 
3640 727.309 464.926 0 
3641 710.235 467.136 0 
3642 693.014 469.588 0 
3643 675.555 471.9 0 
3644 658.542 474.026 0 
3645 641.955 476.089 0 
3646 625.654 478.162 0 
3647 609.688 480.244 0 
3648 594.204 482.378 0 
3649 579.602 484.744 0 
3650 565.346 488.089 0 
3651 551.746 492.388 0 
3652 538.599 498.008 0 
3653 526.211 505.63 0 
3654 515.934 516.541 0 
3655 511.428 531.8 0 
3656 514.352 550.077 0 
3657 525 572.339 0 
3658 994.15 -1.90735e-07 0 
3659 984.277 25.2154 0 
3660 967.689 58.7712 0 
3661 962.778 74.4298 0 
3662 967.779 90.0902 0 
3663 972.768 100.118 0 
3664 973.67 112.844 0 
3665 972.49 126.364 0 
3666 970.858 140.608 0 
3667 969.343 155.464 0 
3668 968.037 170.708 0 
3669 966.916 186.173 0 
3670 965.941 201.746 0 
3671 965.076 217.352 0 
3672 964.297 232.936 0 
3673 963.595 248.455 0 
3674 962.967 263.868 0 
3675 962.426 279.133 0 
3676 961.998 294.199 0 
3677 961.734 308.994 0 
3678 961.721 323.407 0 
3679 962.11 337.259 0 
3680 963.159 350.282 0 
3681 965.23 362.279 0 
3682 968.553 373.916 0 
3683 973.234 385.384 0 
3684 977.462 398.348 0 
3685 981.07 412.38 0 
3686 983.777 427.432 0 
3687 983.806 441.013 0 
3688 980.806 452.547 0 
3689 974.138 462.251 0 
3690 962.691 466.811 0 
3691 947.77 470.319 0 
3692 930.842 471.962 0 
3693 913.315 471.658 0 
3694 895.51 471.919 0 
3695 878.381 472.708 0 
3696 860.713 473.509 0 
3697 843.02 473.935 0 
3698 825.343 474.686 0 
3699 807.421 475.557 0 
3700 789.53 476.659 0 
3701 771.88 477.978 0 
3702 754.859 479.707 0 
3703 737.903 481.71 0 
3704 720.785 483.897 0 
3705 703.017 485.786 0 
3706 685.903 487.613 0 
3707 669.118 489.433 0 
3708 652.356 491.136 0 
3709 635.787 492.599 0 
3710 619.296 494.038 0 
3711 603.345 495.251 0 
3712 587.924 496.463 0 
3713 573.587 498.566 0 
3714 559.197 501.622 0 
3715 544.594 505.838 0 
3716 531.167 511.889 0 
3717 520.731 521.289 0 
3718 517.619 536.341 0 
3719 525 558.311 0 
3720 1011.01 -1.90735e-07 0 
3721 1008.34 18.5403 0 
3722 1001.5 42.4552 0 
3723 995.46 67.3724 0 
3724 994.979 82.8639 0 
3725 996.865 96.8646 0 
3726 995.271 111.943 0 
3727 991.592 125.812 0 
3728 988.799 140.53 0 
3729 986.945 156.108 0 
3730 985.636 172.089 0 
3731 984.66 188.264 0 
3732 983.894 204.524 0 
3733 983.265 220.807 0 
3734 982.731 237.073 0 
3735 982.27 253.295 0 
3736 981.874 269.448 0 
3737 981.548 285.508 0 
3738 981.307 301.442 0 
3739 981.188 317.201 0 
3740 981.26 332.693 0 
3741 981.669 347.712 0 
3742 982.768 361.696 0 
3743 985.337 373.515 0 
3744 989.454 385.955 0 
3745 994.929 399.563 0 
3746 1000.57 414.706 0 
3747 1005.8 431.462 0 
3748 1010.18 449.326 0 
3749 1012.06 465.423 0 
3750 1011.52 481.369 0 
3751 1002.85 496.505 0 
3752 986.615 499.967 0 
3753 973.2 501.512 0 
3754 955.858 500.639 0 
3755 934.536 498.827 0 
3756 917.128 496.492 0 
3757 902.9 495.523 0 
3758 885.003 494.142 0 
3759 868.061 493.391 0 
3760 851.113 493.206 0 
3761 833.566 493.445 0 
3762 815.866 493.877 0 
3763 798.464 494.794 0 
3764 782.177 495.94 0 
3765 766.007 497.489 0 
3766 748.786 499.209 0 
3767 730.727 501.588 0 
3768 713.899 503.117 0 
3769 697.331 504.724 0 
3770 680.54 506.416 0 
3771 663.479 507.818 0 
3772 646.643 508.713 0 
3773 629.787 509.88 0 
3774 612.308 509.614 0 
3775 597.438 509.937 0 
3776 582.545 510.914 0 
3777 566.392 512.523 0 
3778 549.648 514.697 0 
3779 535.301 518.128 0 
3780 524.245 524.944 0 
3781 525 542.131 0 
3782 1027.84 -1.90735e-07 0 
3783 1027.84 16.85 0 
3784 1027.84 33.7 0 
3785 1027.84 50.55 0 
3786 1027.84 67.4 0 
3787 1027.84 84.25 0 
3788 1027.84 101.1 0 
3789 1027.84 117.95 0 
3790 1027.84 134.8 0 
3791 1027.84 151.65 0 
3792 1027.84 168.5 0 
3793 1027.84 185.35 0 
3794 1027.84 202.2 0 
3795 1027.84 219.05 0 
3796 1027.84 235.9 0 
3797 1027.84 252.75 0 
3798 1027.84 269.6 0 
3799 1027.84 286.45 0 
3800 1027.84 303.3 0 
3801 1027.84 320.15 0 
3802 1027.84 337 0 
3803 1027.84 353.85 0 
3804 1027.84 370.7 0 
3805 1027.84 387.55 0 
3806 1027.84 404.4 0 
3807 1027.84 421.25 0 
3808 1027.84 438.1 0 
3809 1027.84 454.95 0 
3810 1027.84 471.8 0 
3811 1027.84 488.65 0 
3812 1027.84 505.5 0 
3813 1027.84 525 0 
3814 1009.53 525 0 
3815 991.887 525 0 
3816 979.696 525 0 
3817 965.37 525 0 
3818 944.494 525 0 
3819 927.989 525 0 
3820 914.786 525 0 
3821 897.205 525 0 
3822 880.702 525 0 
3823 862.094 525 0 
3824 843.454 525 0 
3825 824.85 525 0 
3826 809.507 525 0 
3827 795.273 525 0 
3828 780 525 0 
3829 758.169 525 0 
3830 741.79 525 0 
3831 726.507 525 0 
3832 709.102 525 0 
3833 691.676 525 0 
3834 673.191 525 0 
3835 656.862 525 0 
3836 636.229 525 0 
3837 622.147 525 0 
3838 608.041 525 0 
3839 591.773 525 0 
3840 572.275 525 0 
3841 556.067 525 0 
3842 540 525 0 
3843 525 525 0 
