0 -1.90735e-07 -1.90735e-07 0 
1 -1.90735e-07 16.85 0 
2 -1.90735e-07 33.7 0 
3 -1.90735e-07 50.55 0 
4 -1.90735e-07 67.4 0 
5 -1.90735e-07 84.25 0 
6 -1.90735e-07 101.1 0 
7 -1.90735e-07 117.95 0 
8 -1.90735e-07 134.8 0 
9 -1.90735e-07 151.65 0 
10 -1.90735e-07 168.5 0 
11 -1.90735e-07 185.35 0 
12 -1.90735e-07 202.2 0 
13 -1.90735e-07 219.05 0 
14 -1.90735e-07 235.9 0 
15 -1.90735e-07 252.75 0 
16 -1.90735e-07 269.6 0 
17 -1.90735e-07 286.45 0 
18 -1.90735e-07 303.3 0 
19 -1.90735e-07 320.15 0 
20 -1.90735e-07 337 0 
21 -1.90735e-07 353.85 0 
22 -1.90735e-07 370.7 0 
23 -1.90735e-07 387.55 0 
24 -1.90735e-07 404.4 0 
25 -1.90735e-07 421.25 0 
26 -1.90735e-07 438.1 0 
27 -1.90735e-07 454.95 0 
28 -1.90735e-07 471.8 0 
29 -1.90735e-07 488.65 0 
30 -1.90735e-07 505.5 0 
31 -1.90735e-07 522.35 0 
32 -1.90735e-07 539.2 0 
33 -1.90735e-07 556.05 0 
34 -1.90735e-07 572.9 0 
35 -1.90735e-07 589.75 0 
36 -1.90735e-07 606.6 0 
37 -1.90735e-07 623.45 0 
38 -1.90735e-07 640.3 0 
39 -1.90735e-07 657.15 0 
40 -1.90735e-07 674 0 
41 -1.90735e-07 690.85 0 
42 -1.90735e-07 707.7 0 
43 -1.90735e-07 724.55 0 
44 -1.90735e-07 741.4 0 
45 -1.90735e-07 758.25 0 
46 -1.90735e-07 775.1 0 
47 -1.90735e-07 791.95 0 
48 -1.90735e-07 808.8 0 
49 -1.90735e-07 825.65 0 
50 -1.90735e-07 842.5 0 
51 -1.90735e-07 859.35 0 
52 -1.90735e-07 876.2 0 
53 -1.90735e-07 893.05 0 
54 -1.90735e-07 909.9 0 
55 -1.90735e-07 926.75 0 
56 -1.90735e-07 943.6 0 
57 -1.90735e-07 960.45 0 
58 -1.90735e-07 977.3 0 
59 -1.90735e-07 994.15 0 
60 -1.90735e-07 1011.01 0 
61 -1.90735e-07 1027.84 0 
62 16.85 -1.90735e-07 0 
63 12.5236 4.54821 0 
64 10.5013 26.7587 0 
65 9.77555 56.3996 0 
66 6.62545 63.8435 0 
67 4.98776 84.3863 0 
68 8.5134 90.4738 0 
69 8.4701 113.497 0 
70 16.4586 134.091 0 
71 22.0146 146.333 0 
72 7.14662 162.944 0 
73 26.8989 173.403 0 
74 5.88404 201.382 0 
75 10.9695 219.005 0 
76 8.45005 231.582 0 
77 14.86 252.028 0 
78 7.43233 273.113 0 
79 12.4597 282.581 0 
80 12.6136 295.801 0 
81 9.67505 306.596 0 
82 13.982 320.934 0 
83 15.3241 335.963 0 
84 9.10237 364.225 0 
85 7.99792 382.974 0 
86 7.21453 397.74 0 
87 4.81987 420.334 0 
88 4.38492 439.847 0 
89 7.27888 447.548 0 
90 5.14117 471.67 0 
91 13.1824 483.168 0 
92 16.882 502.996 0 
93 18.8182 518.836 0 
94 13.3778 537.765 0 
95 13.0031 560.579 0 
96 4.66095 571.702 0 
97 6.05677 590.701 0 
98 12.3091 611.79 0 
99 4.30502 621.135 0 
100 5.60682 635.93 0 
101 7.76645 659.685 0 
102 17.141 675.52 0 
103 10.5052 680.025 0 
104 8.23113 692.003 0 
105 9.21019 713.219 0 
106 7.3514 728.811 0 
107 9.35493 742.137 0 
108 9.01675 763.993 0 
109 6.86756 784.692 0 
110 11.88 805.635 0 
111 11.2639 809.662 0 
112 20.4879 834.868 0 
113 4.74954 856.875 0 
114 18.5105 870.043 0 
115 6.80529 885.564 0 
116 6.91297 898.277 0 
117 8.04842 922.619 0 
118 7.12645 946.36 0 
119 14.2536 963.8 0 
120 4.26884 979.447 0 
121 7.05111 991.776 0 
122 12.9667 1014.36 0 
123 16.85 1027.84 0 
124 33.7 -1.90735e-07 0 
125 23.0911 15.6566 0 
126 20.097 32.8395 0 
127 26.643 59.2438 0 
128 31.0317 64.7765 0 
129 29.4857 72.9726 0 
130 21.5994 96.1428 0 
131 29.5297 109.533 0 
132 34.5178 126.837 0 
133 35.0245 145.039 0 
134 40.117 152.878 0 
135 37.1199 167.946 0 
136 28.5921 195.583 0 
137 33.6203 202.288 0 
138 30.5135 224.639 0 
139 31.5324 244.565 0 
140 30.4073 252.552 0 
141 25.1272 270.442 0 
142 26.3991 275.6 0 
143 33.9986 299.046 0 
144 27.3311 316.038 0 
145 28.721 334.436 0 
146 21.5921 351.52 0 
147 15.1999 376.69 0 
148 14.9426 400.825 0 
149 18.8166 408.473 0 
150 9.51281 438.808 0 
151 20.5691 449.03 0 
152 24.5169 471.103 0 
153 21.1139 477.233 0 
154 22.7145 504.115 0 
155 26.2679 519.451 0 
156 20.8728 548.676 0 
157 20.1421 557.244 0 
158 12.3745 572.366 0 
159 19.4043 586.013 0 
160 24.0137 613.146 0 
161 19.7147 630.627 0 
162 26.2125 644.465 0 
163 24.1801 664.778 0 
164 22.8514 672.784 0 
165 18.2584 680.821 0 
166 13.1766 687.526 0 
167 15.4031 708.51 0 
168 19.1456 727.343 0 
169 14.8737 734.845 0 
170 16.6823 757.193 0 
171 13.2771 780.047 0 
172 17.6108 800.11 0 
173 27.3602 812.348 0 
174 29.1771 837.113 0 
175 18.643 855.675 0 
176 29.5108 867.944 0 
177 26.5224 902.876 0 
178 29.2491 915.305 0 
179 36.5964 933.052 0 
180 28.3059 939.426 0 
181 28.0495 969.358 0 
182 24.9249 992.524 0 
183 30.6157 1008.3 0 
184 23.2881 1015 0 
185 33.7 1027.84 0 
186 50.55 -1.90735e-07 0 
187 49.6519 9.08401 0 
188 45.0823 34.9535 0 
189 35.6797 50.6469 0 
190 36.2236 61.8398 0 
191 36.2147 72.6667 0 
192 35.2366 99.1739 0 
193 41.532 112.352 0 
194 55.6122 127.372 0 
195 48.4708 146.467 0 
196 47.4835 149.81 0 
197 49.8174 161.557 0 
198 39.3335 200.041 0 
199 44.6642 206.874 0 
200 39.6524 219.783 0 
201 45.9442 246.405 0 
202 44.0451 250.608 0 
203 38.2057 257.091 0 
204 32.3696 276.085 0 
205 39.3881 295.417 0 
206 36.9304 308.517 0 
207 37.1834 332.15 0 
208 26.0355 354.609 0 
209 27.8099 363.892 0 
210 25.048 401.467 0 
211 30.8489 406.302 0 
212 24.9522 433.016 0 
213 26.4869 448.928 0 
214 30.4118 472.322 0 
215 30.2754 478.976 0 
216 29.3499 501.335 0 
217 30.409 519.282 0 
218 32.9372 535.548 0 
219 29.1229 551.02 0 
220 21.995 567.053 0 
221 30.9999 586.557 0 
222 34.1715 599.455 0 
223 31.7923 627.088 0 
224 34.2528 636.118 0 
225 37.4856 650.528 0 
226 44.9616 663.716 0 
227 30.205 681.276 0 
228 19.8571 692.101 0 
229 24.7807 710.602 0 
230 26.8304 731.266 0 
231 26.5436 747.473 0 
232 24.7577 758.246 0 
233 31.2799 775.401 0 
234 27.2076 784.395 0 
235 29.5699 806.246 0 
236 40.0976 822.885 0 
237 36.6949 844.537 0 
238 40.694 871.446 0 
239 51.4799 889.133 0 
240 59.1562 896.519 0 
241 52.0914 920.309 0 
242 53.7097 943.146 0 
243 48.381 959.281 0 
244 42.6049 986.579 0 
245 44.6164 1007.71 0 
246 46.8872 1018.05 0 
247 50.55 1027.84 0 
248 67.4 -1.90735e-07 0 
249 66.1548 18.3581 0 
250 67.6202 24.9936 0 
251 59.3484 38.0242 0 
252 65.8618 46.3857 0 
253 52.5692 70.3865 0 
254 60.8045 73.9777 0 
255 53.4518 114.215 0 
256 60.2821 122.996 0 
257 59.3059 137.473 0 
258 54.4198 152.749 0 
259 62.1004 170.362 0 
260 59.1837 190.994 0 
261 58.2776 203.409 0 
262 52.4348 220.94 0 
263 61.4107 236.729 0 
264 55.7052 251.965 0 
265 54.8114 257.766 0 
266 52.6281 273.907 0 
267 51.8198 298.942 0 
268 51.6918 310.611 0 
269 45.4253 330.472 0 
270 49.304 353.124 0 
271 55.9433 375.826 0 
272 55.4187 384.107 0 
273 55.555 394.231 0 
274 30.9736 437.219 0 
275 31.6883 448.602 0 
276 35.7116 466.907 0 
277 35.7398 481.663 0 
278 34.9249 503.773 0 
279 35.2887 511.663 0 
280 39.7589 522.35 0 
281 40.2469 538.356 0 
282 37.2081 562.052 0 
283 42.9838 571.818 0 
284 38.7618 599.569 0 
285 41.5557 614.005 0 
286 41.4228 632.997 0 
287 41.2566 639.534 0 
288 48.8815 660.979 0 
289 56.6711 670.909 0 
290 32.9654 699.671 0 
291 38.4072 718.167 0 
292 38.3385 740.979 0 
293 41.045 750.052 0 
294 50.5109 757.672 0 
295 36.6775 768.872 0 
296 38.6943 789.046 0 
297 49.4557 811.409 0 
298 54.4098 830.838 0 
299 58.9185 851.879 0 
300 62.2394 867.373 0 
301 66.5859 889.534 0 
302 69.1276 899.123 0 
303 62.2595 922.059 0 
304 68.8068 947.372 0 
305 56.6465 958.343 0 
306 54.6124 978.257 0 
307 60.6935 1005.11 0 
308 60.3685 1021.25 0 
309 67.4 1027.84 0 
310 84.25 -1.90735e-07 0 
311 86.2447 6.77334 0 
312 78.5165 26.6684 0 
313 79.8816 34.0416 0 
314 84.2217 51.5322 0 
315 76.7623 56.5861 0 
316 70.6701 69.8587 0 
317 86.1165 98.9094 0 
318 82.3642 115.088 0 
319 72.7558 127.409 0 
320 74.8301 151.349 0 
321 79.2703 166.048 0 
322 76.6722 171.57 0 
323 75.6122 196.35 0 
324 77.3613 214.103 0 
325 62.9962 229.245 0 
326 73.3939 244.26 0 
327 66.7472 262.931 0 
328 71.0153 269.427 0 
329 59.759 287.912 0 
330 59.1915 311.934 0 
331 50.2449 332.174 0 
332 54.4041 347.94 0 
333 62.1669 369.688 0 
334 66.3167 379.671 0 
335 64.5553 396.949 0 
336 50.1771 430.887 0 
337 37.7427 444.293 0 
338 42.4393 470.82 0 
339 45.9521 476.754 0 
340 40.9626 499.135 0 
341 41.8647 505.241 0 
342 45.0697 524.011 0 
343 45.7559 532.77 0 
344 45.7132 553.438 0 
345 52.4676 572.697 0 
346 51.3115 589.369 0 
347 53.798 598.841 0 
348 50.3405 616.373 0 
349 52.595 635.595 0 
350 59.4951 653.484 0 
351 63.9961 673.378 0 
352 59.4618 689.047 0 
353 51.9705 701.74 0 
354 57.7263 709.803 0 
355 55.5615 742.249 0 
356 55.3274 755.25 0 
357 56.5132 774.79 0 
358 50.3482 796.412 0 
359 60.1056 816.391 0 
360 58.9247 828.013 0 
361 65.6477 844.296 0 
362 71.1823 867.845 0 
363 80.1125 878.982 0 
364 76.891 905.068 0 
365 79.0314 933.364 0 
366 76.4248 938.89 0 
367 80.0491 957.24 0 
368 71.4892 984.247 0 
369 85.6538 1005.6 0 
370 86.7475 1011.86 0 
371 84.25 1027.84 0 
372 101.1 -1.90735e-07 0 
373 105.65 5.26014 0 
374 106.53 11.6731 0 
375 109.749 31.0521 0 
376 96.9345 65.6076 0 
377 95.1056 72.102 0 
378 89.5843 81.2225 0 
379 96.855 96.6252 0 
380 88.7735 110.199 0 
381 98.5967 123.141 0 
382 88.3463 133.116 0 
383 84.8654 167.615 0 
384 84.9483 175.803 0 
385 87.4551 205.576 0 
386 81.7515 212.387 0 
387 87.997 230.141 0 
388 87.4919 236.665 0 
389 78.5281 260.709 0 
390 80.5983 267.53 0 
391 66.5749 288.097 0 
392 65.221 315.572 0 
393 56.3337 337.759 0 
394 59.194 347.272 0 
395 68.9068 361.564 0 
396 72.1247 381.98 0 
397 69.9003 402.114 0 
398 70.1799 415.984 0 
399 60.1637 437.077 0 
400 57.2145 447.165 0 
401 55.8816 469.286 0 
402 49.1833 492.737 0 
403 58.66 497.293 0 
404 49.3252 515.595 0 
405 53.0767 526.868 0 
406 50.997 552.679 0 
407 59.0509 561.206 0 
408 59.0029 579.708 0 
409 60.0255 596.919 0 
410 60.1791 605.09 0 
411 57.9715 630.322 0 
412 66.1385 655.703 0 
413 69.3098 673.62 0 
414 71.4574 682.309 0 
415 63.6366 694.362 0 
416 67.6679 714.718 0 
417 65.8042 731.399 0 
418 62.0067 750.74 0 
419 64.1483 773.931 0 
420 68.0122 804.477 0 
421 71.3419 811.906 0 
422 63.1333 826.099 0 
423 71.5576 842.496 0 
424 76.8084 865.519 0 
425 87.5454 875.953 0 
426 90.8813 885.254 0 
427 96.6835 914.654 0 
428 97.1316 939.28 0 
429 92.7664 948.438 0 
430 85.755 984.53 0 
431 89.3496 999.44 0 
432 98.8368 1013.19 0 
433 101.1 1027.84 0 
434 117.95 -1.90735e-07 0 
435 121.293 7.90368 0 
436 118.871 21.7908 0 
437 124.427 38.3704 0 
438 118.919 50.257 0 
439 112.996 70.3043 0 
440 114.876 84.3961 0 
441 104.852 97.7677 0 
442 100.939 112.64 0 
443 103.071 122.19 0 
444 102.399 139.061 0 
445 99.2698 148.733 0 
446 99.1937 160.423 0 
447 95.034 193.175 0 
448 94.6096 209.045 0 
449 91.2365 221.541 0 
450 95.8652 227.958 0 
451 92.2895 249.347 0 
452 88.6115 271.533 0 
453 73.7293 288.758 0 
454 74.6705 303.311 0 
455 72.2988 329.743 0 
456 66.9498 351.13 0 
457 73.2536 360.196 0 
458 77.6579 374.179 0 
459 78.9823 395.36 0 
460 76.5383 410.83 0 
461 73.2029 427.838 0 
462 65.8051 443.037 0 
463 68.5927 450.189 0 
464 70.9386 470.735 0 
465 67.058 488.597 0 
466 66.6895 505.397 0 
467 63.5147 535.342 0 
468 67.0316 545.138 0 
469 67.5952 557.283 0 
470 65.4379 569.554 0 
471 67.1442 592.768 0 
472 69.2496 611.669 0 
473 65.5575 623.149 0 
474 75.4989 642.691 0 
475 78.2704 663.787 0 
476 78.2176 682.068 0 
477 68.495 693.615 0 
478 73.1409 711.343 0 
479 72.2194 725.751 0 
480 69.9448 742.437 0 
481 69.8771 768.572 0 
482 78.9979 795.517 0 
483 88.7371 808.151 0 
484 89.9383 813.341 0 
485 86.1862 848.203 0 
486 84.6005 859.401 0 
487 115.369 871.103 0 
488 122.358 890.288 0 
489 105.595 919.497 0 
490 104.721 940.217 0 
491 107.497 954.624 0 
492 101.972 985.819 0 
493 117.893 1009.09 0 
494 117.203 1020.12 0 
495 117.95 1027.84 0 
496 134.8 -1.90735e-07 0 
497 136.697 10.7603 0 
498 131.642 26.337 0 
499 130.26 36.4044 0 
500 124.904 54.0096 0 
501 125.676 76.8081 0 
502 124.916 85.8635 0 
503 121.922 116.271 0 
504 117.409 127.608 0 
505 116.494 134.623 0 
506 117.371 144.889 0 
507 112.967 162.952 0 
508 107.327 166.641 0 
509 104.239 200.235 0 
510 107.091 214.249 0 
511 105.769 222.718 0 
512 102.772 230.85 0 
513 107.492 247.507 0 
514 98.8487 258.942 0 
515 98.8677 281.581 0 
516 87.367 293.853 0 
517 79.7209 332.086 0 
518 73.8802 347.567 0 
519 87.2491 352.796 0 
520 84.5196 361.081 0 
521 87.9577 388.887 0 
522 83.4288 405.436 0 
523 79.7554 424.835 0 
524 74.5298 446.566 0 
525 76.7953 454.948 0 
526 76.2417 470.608 0 
527 74.3252 481.53 0 
528 76.7858 504.145 0 
529 77.5315 515.047 0 
530 74.3333 541.488 0 
531 77.5938 549.046 0 
532 78.7277 577.649 0 
533 72.9674 592.971 0 
534 77.3801 603.354 0 
535 79.2896 630.96 0 
536 90.5529 649.96 0 
537 84.089 663.447 0 
538 82.8568 680.285 0 
539 86.7704 689.142 0 
540 76.4821 698.721 0 
541 80.7506 715.214 0 
542 81.1906 733.155 0 
543 76.6219 764.616 0 
544 88.9345 790.276 0 
545 90.426 797.422 0 
546 107.679 818.256 0 
547 98.6893 834.612 0 
548 119.48 849.93 0 
549 126.393 861.738 0 
550 128.59 887.96 0 
551 125.175 910.528 0 
552 111.839 946.785 0 
553 115.899 964.388 0 
554 114.168 984.481 0 
555 126.48 1008.83 0 
556 138.812 1022.46 0 
557 134.8 1027.84 0 
558 151.65 -1.90735e-07 0 
559 155.786 8.70531 0 
560 145.154 34.7745 0 
561 139.623 42.9646 0 
562 134.507 51.22 0 
563 135.554 89.7646 0 
564 130.999 94.5181 0 
565 131.624 112.241 0 
566 133.117 124.68 0 
567 123.514 132.62 0 
568 127.582 146.771 0 
569 118.701 166.498 0 
570 121.854 172.609 0 
571 123.832 180.806 0 
572 115.116 208.65 0 
573 117.461 215.542 0 
574 116.613 222.123 0 
575 118.961 246.731 0 
576 107.265 277.108 0 
577 105.483 288.827 0 
578 93.4274 299.254 0 
579 91.868 323.614 0 
580 94.911 331.341 0 
581 95.9544 350.703 0 
582 99.0425 358.548 0 
583 95.0838 387.359 0 
584 97.9998 390.311 0 
585 94.6273 411.127 0 
586 85.6918 441.071 0 
587 93.751 447.116 0 
588 89.378 455.151 0 
589 89.737 470.928 0 
590 85.7507 493.166 0 
591 82.754 516.385 0 
592 83.3905 531.569 0 
593 86.5908 549.65 0 
594 88.6423 562.786 0 
595 86.8578 580.862 0 
596 84.6505 593.823 0 
597 89.3514 608.503 0 
598 91.6211 638.764 0 
599 101.526 651.53 0 
600 95.7969 668.205 0 
601 95.2021 694.039 0 
602 91.5018 696.376 0 
603 88.4515 716.842 0 
604 90.507 747.021 0 
605 91.0092 775.323 0 
606 98.537 791.17 0 
607 110.823 800.483 0 
608 120.009 820.973 0 
609 112.357 832.153 0 
610 125.098 843.897 0 
611 133.966 863.553 0 
612 136.146 893.32 0 
613 134.568 909.061 0 
614 132.989 941.965 0 
615 137.736 955.328 0 
616 131.831 968.435 0 
617 137.15 986.454 0 
618 150.349 1018.3 0 
619 151.65 1027.84 0 
620 168.5 -1.90735e-07 0 
621 161.452 12.1002 0 
622 154.96 30.5725 0 
623 157.438 48.2446 0 
624 164.8 58.92 0 
625 151.296 65.9854 0 
626 148.496 94.3111 0 
627 140.497 99.7111 0 
628 140.991 107.181 0 
629 144.674 131.022 0 
630 135.576 142.847 0 
631 127.841 161.822 0 
632 142.775 173.428 0 
633 142.021 180.715 0 
634 135.564 191.022 0 
635 145.811 208.014 0 
636 141.583 217.894 0 
637 130.903 245.558 0 
638 119.064 271.295 0 
639 117.135 283.695 0 
640 110.48 295.904 0 
641 104.589 303.421 0 
642 104.511 317.555 0 
643 106.486 353.694 0 
644 108.058 362.204 0 
645 108.607 371.149 0 
646 110.172 383.482 0 
647 101.541 405.383 0 
648 106.366 420.08 0 
649 100.142 441.599 0 
650 96.5321 458.548 0 
651 95.1501 479.495 0 
652 93.9194 485.335 0 
653 90.7806 509.791 0 
654 87.2004 527.792 0 
655 91.1962 541.315 0 
656 94.9614 553.058 0 
657 94.7597 571.947 0 
658 93.5416 598.917 0 
659 96.1448 614.147 0 
660 99.0361 636.048 0 
661 106.379 648.368 0 
662 103.934 664.61 0 
663 105.259 690.519 0 
664 99.3718 703.046 0 
665 99.7753 733.177 0 
666 100.257 747.037 0 
667 102.479 771.362 0 
668 99.2332 776.653 0 
669 117.968 799.273 0 
670 126.058 820.5 0 
671 120.379 828.512 0 
672 139.932 844.495 0 
673 140.779 865.155 0 
674 144.433 889.734 0 
675 141.832 902.03 0 
676 151.366 935.74 0 
677 151.27 943.269 0 
678 145.346 961.109 0 
679 161.07 1007.58 0 
680 162.56 1021.22 0 
681 168.5 1027.84 0 
682 185.35 -1.90735e-07 0 
683 175.759 5.44153 0 
684 163.959 32.0838 0 
685 173.997 44.6599 0 
686 171.148 61.3266 0 
687 168.123 69.0277 0 
688 162.516 74.5255 0 
689 161.232 101.244 0 
690 168.344 114.275 0 
691 179.496 138.443 0 
692 168.843 145.786 0 
693 157.553 154.158 0 
694 163.817 164.836 0 
695 148.227 186.724 0 
696 149.026 191.139 0 
697 153.523 203.418 0 
698 149.079 219.228 0 
699 138.184 247.313 0 
700 129.742 266.876 0 
701 131.497 279.105 0 
702 126.455 303.135 0 
703 119.529 305.866 0 
704 128.047 323.278 0 
705 124.605 329.067 0 
706 124.053 344.842 0 
707 119.53 363.414 0 
708 114.596 376.948 0 
709 118.391 397.444 0 
710 112.878 410.027 0 
711 116.302 435.196 0 
712 111.714 453.703 0 
713 106.225 461.592 0 
714 108.167 480.615 0 
715 98.6952 503.289 0 
716 106.116 518.224 0 
717 97.4703 541.411 0 
718 107.904 556.725 0 
719 101.366 578.063 0 
720 104.906 588.018 0 
721 106.673 598.584 0 
722 105.042 628.726 0 
723 111.996 647.207 0 
724 110.724 666.196 0 
725 111.934 692.944 0 
726 111.798 710.332 0 
727 116.204 730.464 0 
728 120.634 747.707 0 
729 111.26 761.917 0 
730 118.157 775.968 0 
731 127.227 792.004 0 
732 145.04 811.597 0 
733 145.574 826.837 0 
734 146.164 841.36 0 
735 157.464 861.994 0 
736 150.312 876.951 0 
737 168.085 910.289 0 
738 173.003 921.916 0 
739 164.726 943.879 0 
740 173.378 964.232 0 
741 173.972 1007.4 0 
742 186.763 1018.63 0 
743 185.35 1027.84 0 
744 202.2 -1.90735e-07 0 
745 195.442 7.6543 0 
746 201.602 19.1158 0 
747 191.431 34.5247 0 
748 183.543 68.501 0 
749 180.447 80.0144 0 
750 182.545 91.9512 0 
751 180.93 113.543 0 
752 184.176 124.253 0 
753 186.436 134.659 0 
754 181.786 144.762 0 
755 172.883 151.845 0 
756 174.212 170.101 0 
757 165.293 185.736 0 
758 161.251 194.042 0 
759 160.852 201.353 0 
760 158.326 210.881 0 
761 160.404 234.882 0 
762 147.358 255.035 0 
763 143.512 271.17 0 
764 136.584 294.914 0 
765 130.495 309.404 0 
766 134.628 322.378 0 
767 139.524 331.952 0 
768 132.655 343.823 0 
769 134.855 358.376 0 
770 132.233 370.078 0 
771 140.817 383.959 0 
772 127.574 412.41 0 
773 124.846 438.11 0 
774 126.015 450.417 0 
775 122.831 464.708 0 
776 121.755 475.582 0 
777 108.128 498.444 0 
778 109.863 516.51 0 
779 114.168 527.261 0 
780 115.753 558.077 0 
781 115.149 569.697 0 
782 110.045 589.799 0 
783 113.303 606.551 0 
784 112.568 632.66 0 
785 120.059 650.798 0 
786 124.968 677.796 0 
787 118.704 694.447 0 
788 120.097 706.11 0 
789 128.169 724.603 0 
790 127.041 745.084 0 
791 119.864 761.16 0 
792 136.238 784.274 0 
793 143.394 796.143 0 
794 151.201 805.34 0 
795 151.906 829.214 0 
796 150.626 834.831 0 
797 163.996 857.782 0 
798 166.832 885.178 0 
799 176.478 906.116 0 
800 183.081 930.178 0 
801 187.395 948.239 0 
802 186.214 960.578 0 
803 185.818 1009.64 0 
804 199.138 1021.2 0 
805 202.2 1027.84 0 
806 219.05 -1.90735e-07 0 
807 221.171 16.2914 0 
808 217.732 29.2626 0 
809 213.537 35.7339 0 
810 222.473 42.7692 0 
811 196.83 89.9829 0 
812 199.192 104.162 0 
813 200.73 118.237 0 
814 198.548 123.228 0 
815 191.255 139.108 0 
816 187.981 140.522 0 
817 193.055 156.104 0 
818 183.053 166.947 0 
819 172.648 188.968 0 
820 179.511 198.253 0 
821 183.163 207.395 0 
822 176.486 215.597 0 
823 173.796 232.668 0 
824 157.195 252.441 0 
825 158.955 265.054 0 
826 145.062 289.347 0 
827 146.039 301.959 0 
828 149.564 313.926 0 
829 153.089 326.165 0 
830 145.135 336.362 0 
831 146.294 345.96 0 
832 142 362.065 0 
833 146.703 379.542 0 
834 145.31 400.954 0 
835 137.159 431.771 0 
836 130.272 450.619 0 
837 126.671 467.292 0 
838 125.935 482.847 0 
839 118.585 495.095 0 
840 127.283 520.298 0 
841 129.016 535.826 0 
842 124.697 556.897 0 
843 124.564 574.632 0 
844 119.902 587.107 0 
845 128.219 620.502 0 
846 122.402 640.676 0 
847 123.8 647.182 0 
848 139.051 659.972 0 
849 135.334 699.133 0 
850 133.885 710.132 0 
851 139.781 717.756 0 
852 136.782 730.054 0 
853 140.131 754.026 0 
854 141.246 767.438 0 
855 148.468 778.539 0 
856 153.58 800.835 0 
857 160.583 812.263 0 
858 169.225 830.372 0 
859 167.551 848.55 0 
860 182.16 874.358 0 
861 189.852 913.172 0 
862 188.158 925.598 0 
863 192.3 947.572 0 
864 199.964 954.865 0 
865 198.381 1008.5 0 
866 218.845 1019.84 0 
867 219.05 1027.84 0 
868 235.9 -1.90735e-07 0 
869 233.769 23.8619 0 
870 236.658 31.725 0 
871 238.482 36.8548 0 
872 235.383 45.0622 0 
873 234.505 72.6775 0 
874 219.364 94.5134 0 
875 207.858 112.127 0 
876 203.426 124.754 0 
877 200.603 137.936 0 
878 197.255 146.326 0 
879 200.449 162.339 0 
880 189.82 173.77 0 
881 181.779 185.27 0 
882 182.511 191.387 0 
883 191.915 205.597 0 
884 183.394 212.933 0 
885 181.187 226.613 0 
886 178.622 243.777 0 
887 166.208 261.942 0 
888 174.735 271.225 0 
889 179.249 279.031 0 
890 158.149 321.821 0 
891 157.492 325.622 0 
892 150.27 335.808 0 
893 156.324 348.633 0 
894 154.743 367.929 0 
895 154.255 386.088 0 
896 150.644 401.13 0 
897 149.031 422.63 0 
898 143.701 440.347 0 
899 141.531 452.954 0 
900 135.604 474.686 0 
901 134.296 494.631 0 
902 133.37 510.144 0 
903 136.612 517.627 0 
904 142.454 551.026 0 
905 132.773 563.466 0 
906 131.735 589.068 0 
907 134.819 608.645 0 
908 138.345 624.576 0 
909 138.998 637.334 0 
910 144.997 649.956 0 
911 150.638 677.567 0 
912 153.593 692.757 0 
913 152.937 711.774 0 
914 146.36 726.666 0 
915 148.33 733.04 0 
916 153.98 745.462 0 
917 153.569 765.25 0 
918 170.758 780.776 0 
919 168.863 812.412 0 
920 181.325 838.913 0 
921 187.279 862.426 0 
922 196.702 881.18 0 
923 205.427 901.558 0 
924 214.992 930.835 0 
925 199.028 945.472 0 
926 214.34 958.4 0 
927 227.123 996.373 0 
928 222.861 1011.16 0 
929 235.9 1027.84 0 
930 252.75 -1.90735e-07 0 
931 251.085 4.31782 0 
932 248.482 19.9919 0 
933 246.639 28.9772 0 
934 244.026 46.7888 0 
935 241.74 70.0279 0 
936 235.179 89.1929 0 
937 227.841 100.855 0 
938 215.638 119.887 0 
939 216.241 128.385 0 
940 205.029 154.286 0 
941 208.948 169.191 0 
942 208.337 174.547 0 
943 208.551 179.173 0 
944 206.718 187.61 0 
945 201.849 195.086 0 
946 197.544 211.803 0 
947 190.959 218.903 0 
948 190.002 229.881 0 
949 186.05 251.437 0 
950 183.401 260.155 0 
951 186.313 281.219 0 
952 179.766 310.066 0 
953 172.374 323.525 0 
954 157.78 334.533 0 
955 162.932 352.372 0 
956 159.666 374.727 0 
957 159.162 392.601 0 
958 159.392 406.152 0 
959 155.702 414.894 0 
960 155.519 428.79 0 
961 156.606 449.917 0 
962 150 465.626 0 
963 141.567 484.668 0 
964 147.325 490.119 0 
965 144.328 523.198 0 
966 150.209 537.144 0 
967 150.347 555.755 0 
968 146.836 574.409 0 
969 139.203 599.815 0 
970 142.994 616.713 0 
971 147.473 630.251 0 
972 153.275 655.655 0 
973 157.739 677.78 0 
974 157.697 693.818 0 
975 163.142 701.125 0 
976 165.81 712.703 0 
977 164.643 728.73 0 
978 161.171 742.811 0 
979 176.823 768.168 0 
980 181.645 780.886 0 
981 180.738 816.916 0 
982 194.631 846.42 0 
983 198.113 868.802 0 
984 208.166 888.46 0 
985 216.878 905.986 0 
986 227.844 940.67 0 
987 219.776 949.557 0 
988 227.029 960.446 0 
989 242.58 997.201 0 
990 252.479 1016.69 0 
991 252.75 1027.84 0 
992 269.6 -1.90735e-07 0 
993 263.603 4.95857 0 
994 256.062 11.0455 0 
995 255.592 26.1657 0 
996 249.937 49.6245 0 
997 248.708 66.9774 0 
998 245.47 82.7491 0 
999 236.747 101.481 0 
1000 229.552 112.613 0 
1001 225.392 123.022 0 
1002 220.551 152.016 0 
1003 220.006 165.235 0 
1004 214.954 177.371 0 
1005 217.886 182.365 0 
1006 218.838 187.655 0 
1007 220.125 190.74 0 
1008 205.767 206.358 0 
1009 215.547 219.639 0 
1010 198.518 234.015 0 
1011 197.935 247.486 0 
1012 189.328 256.419 0 
1013 193.335 279.029 0 
1014 189.781 302.593 0 
1015 184.457 317.242 0 
1016 181.84 333.898 0 
1017 178.886 340.349 0 
1018 169.646 362.074 0 
1019 172.89 373.271 0 
1020 172.269 388.075 0 
1021 170.509 405.283 0 
1022 160.7 426.076 0 
1023 162.604 445.883 0 
1024 157.372 461.375 0 
1025 161.494 472.588 0 
1026 166.942 484.367 0 
1027 166.235 498.388 0 
1028 161.497 521.787 0 
1029 158.649 550.3 0 
1030 153.072 569.475 0 
1031 164.509 587.521 0 
1032 147.184 611.294 0 
1033 151.006 617.752 0 
1034 160.666 643.113 0 
1035 163.929 672.405 0 
1036 167.611 681.706 0 
1037 164.257 697.028 0 
1038 168.801 706.922 0 
1039 175.457 721.663 0 
1040 172.038 745.872 0 
1041 186.463 766.649 0 
1042 191.196 789.281 0 
1043 193.758 822.092 0 
1044 200.988 840.573 0 
1045 204.611 866.539 0 
1046 217.119 891.556 0 
1047 228.324 910.663 0 
1048 239.897 943.27 0 
1049 247.859 956.015 0 
1050 238.889 962.669 0 
1051 254.058 995.639 0 
1052 262.514 1013.8 0 
1053 269.6 1027.84 0 
1054 286.45 -1.90735e-07 0 
1055 279.286 4.97702 0 
1056 276.898 10.6646 0 
1057 274.469 27.0514 0 
1058 261.569 37.4464 0 
1059 257.457 68.7884 0 
1060 256.259 77.1836 0 
1061 245.71 96.4071 0 
1062 243.792 107.464 0 
1063 242.982 115.587 0 
1064 245.533 123.832 0 
1065 242.533 144.707 0 
1066 237.421 163.949 0 
1067 236.281 172.56 0 
1068 234.472 179.707 0 
1069 228.211 190.448 0 
1070 215.769 204.595 0 
1071 222.593 214.385 0 
1072 218.391 229.758 0 
1073 205.766 241.063 0 
1074 207.393 262.711 0 
1075 198.656 275.812 0 
1076 203.618 295.843 0 
1077 197.325 305.404 0 
1078 190.22 327.959 0 
1079 191.95 334.904 0 
1080 183.769 351.265 0 
1081 181.891 359.079 0 
1082 180.535 381.022 0 
1083 175.499 403.936 0 
1084 176.938 413.843 0 
1085 167.46 438.448 0 
1086 174.499 448.284 0 
1087 166.741 465.001 0 
1088 174.598 474.581 0 
1089 172.534 495.06 0 
1090 175.281 521.419 0 
1091 171.98 530.931 0 
1092 170.599 552.201 0 
1093 169.509 583.775 0 
1094 170.179 600.243 0 
1095 172.526 616.232 0 
1096 167.783 637.955 0 
1097 172.115 668.316 0 
1098 172.876 681.926 0 
1099 176.419 702.265 0 
1100 180.316 715.256 0 
1101 180.559 721.132 0 
1102 179.272 740.732 0 
1103 195.298 767.723 0 
1104 199.146 795.74 0 
1105 203.955 816.977 0 
1106 212.602 844.351 0 
1107 213.667 867.613 0 
1108 228.075 892.548 0 
1109 246.393 919.656 0 
1110 251.661 929.056 0 
1111 258.466 948.008 0 
1112 254.691 971.008 0 
1113 264.882 988.198 0 
1114 279.107 1019.3 0 
1115 286.45 1027.84 0 
1116 303.3 -1.90735e-07 0 
1117 295.699 8.45661 0 
1118 295.928 23.4829 0 
1119 298.136 32.5857 0 
1120 278.884 37.9137 0 
1121 273.722 49.5578 0 
1122 271.84 64.1533 0 
1123 275.262 79.2308 0 
1124 273.289 91.1581 0 
1125 265.451 106.958 0 
1126 259.99 116.209 0 
1127 249.736 137.576 0 
1128 256.333 147.542 0 
1129 249.838 167.025 0 
1130 250.181 175.437 0 
1131 237.23 187.303 0 
1132 233.381 198.18 0 
1133 229.42 208.838 0 
1134 229.128 225.503 0 
1135 223.868 236.236 0 
1136 220.459 253.47 0 
1137 217.659 266.124 0 
1138 207.732 285.758 0 
1139 213.08 298.984 0 
1140 209.066 309.465 0 
1141 203.051 329.454 0 
1142 195.167 350.735 0 
1143 188.055 371.506 0 
1144 186.404 382.378 0 
1145 181.374 404.342 0 
1146 183.687 414.626 0 
1147 177.706 441.237 0 
1148 183.093 448.015 0 
1149 178.235 462.679 0 
1150 181.167 469.344 0 
1151 178.48 491.509 0 
1152 181.518 516.325 0 
1153 179.107 525.049 0 
1154 180.74 545.131 0 
1155 178.535 573.815 0 
1156 182.907 582.924 0 
1157 179.799 614.122 0 
1158 176.902 642.017 0 
1159 179.245 655.071 0 
1160 187.116 670.262 0 
1161 190.319 684.452 0 
1162 191.389 693.87 0 
1163 197.622 722.622 0 
1164 193.874 747.842 0 
1165 202.947 761.313 0 
1166 206.366 793.702 0 
1167 216.566 821.565 0 
1168 221.445 845.213 0 
1169 219.339 863.294 0 
1170 238.401 884.939 0 
1171 250.72 910.713 0 
1172 266.491 933.326 0 
1173 265.499 943.047 0 
1174 264.625 969.436 0 
1175 271.538 984.804 0 
1176 289.946 1007.37 0 
1177 303.3 1027.84 0 
1178 320.15 -1.90735e-07 0 
1179 318.045 19.9221 0 
1180 313.675 26.1352 0 
1181 311.369 37.4332 0 
1182 302.696 47.8961 0 
1183 310.071 59.3947 0 
1184 297.956 66.616 0 
1185 288.569 73.1468 0 
1186 291.49 93.5241 0 
1187 289.541 101.558 0 
1188 293.268 117.1 0 
1189 279.961 132.508 0 
1190 271.794 142.181 0 
1191 262.378 162.277 0 
1192 259.191 177.507 0 
1193 252.757 184.131 0 
1194 243.636 191.439 0 
1195 249.314 207.935 0 
1196 246.945 213.323 0 
1197 241.407 225.743 0 
1198 231.673 241.822 0 
1199 229.181 262.276 0 
1200 224.983 273.575 0 
1201 225.119 305.267 0 
1202 221.496 310.288 0 
1203 210.487 324.759 0 
1204 211.604 347.734 0 
1205 203.748 361.997 0 
1206 200.758 377.452 0 
1207 196.19 389.275 0 
1208 190.452 408.359 0 
1209 193.816 422.335 0 
1210 189.031 448.362 0 
1211 191.329 464.802 0 
1212 188.318 470.948 0 
1213 187.46 486.805 0 
1214 191.623 499.514 0 
1215 190.505 522.493 0 
1216 185.895 539.991 0 
1217 194.745 554.584 0 
1218 190.688 581.016 0 
1219 188.034 610.932 0 
1220 185.072 636.38 0 
1221 182.547 648.271 0 
1222 190.854 666.651 0 
1223 193.787 678.116 0 
1224 198.937 696.396 0 
1225 206.036 719.209 0 
1226 218.309 735.805 0 
1227 215.014 755.028 0 
1228 214.292 781.813 0 
1229 224.432 815.605 0 
1230 228.12 843.14 0 
1231 242.973 865.97 0 
1232 251.601 875.88 0 
1233 260.497 887.727 0 
1234 273.273 931.023 0 
1235 283.764 943.373 0 
1236 289.589 965.271 0 
1237 295.422 982.174 0 
1238 305.141 1012.04 0 
1239 320.15 1027.84 0 
1240 337 -1.90735e-07 0 
1241 322.982 23.9372 0 
1242 324.164 30.4007 0 
1243 320.612 35.9971 0 
1244 328.075 41.0396 0 
1245 314.462 55.2212 0 
1246 314.58 72.0267 0 
1247 302.583 80.1046 0 
1248 298.149 86.7139 0 
1249 295.55 95.0833 0 
1250 298.648 118.609 0 
1251 302.512 133.185 0 
1252 299.884 141.61 0 
1253 273.283 160.029 0 
1254 267.702 167.191 0 
1255 268.795 183.647 0 
1256 263.255 189.558 0 
1257 253.084 197.328 0 
1258 254.771 207.516 0 
1259 251.125 218.169 0 
1260 244.962 235.749 0 
1261 240.266 246.422 0 
1262 238.49 264.166 0 
1263 234.655 291.364 0 
1264 233.214 307.897 0 
1265 225.106 322.193 0 
1266 218.636 344.76 0 
1267 210.674 360.079 0 
1268 215.65 368.084 0 
1269 204.639 388.187 0 
1270 197.084 408.254 0 
1271 198.492 413.631 0 
1272 201.408 433.233 0 
1273 204.061 450.483 0 
1274 204.535 470.005 0 
1275 201.067 475.767 0 
1276 202.571 490.24 0 
1277 196.556 523.616 0 
1278 194.788 531.427 0 
1279 205.805 544.476 0 
1280 201.269 569.286 0 
1281 197.581 600.184 0 
1282 197.189 620.207 0 
1283 201.712 640.029 0 
1284 197.743 656.396 0 
1285 198.444 671.624 0 
1286 205.392 694.892 0 
1287 210.658 713.398 0 
1288 225.121 736.13 0 
1289 227.463 762.58 0 
1290 222.458 784.921 0 
1291 232.222 803.711 0 
1292 240.265 819.388 0 
1293 242.826 850.085 0 
1294 255.163 870.756 0 
1295 270.414 889.907 0 
1296 282.018 918.538 0 
1297 293.701 945.607 0 
1298 302.987 967.87 0 
1299 311.203 987.441 0 
1300 315.748 1011.22 0 
1301 337 1027.84 0 
1302 353.85 -1.90735e-07 0 
1303 354.351 7.39232 0 
1304 346.801 23.0413 0 
1305 339.134 36.2659 0 
1306 338.535 41.081 0 
1307 326.425 53.5994 0 
1308 324.125 72.118 0 
1309 327.893 79.7809 0 
1310 313.27 88.9237 0 
1311 320.682 109.665 0 
1312 318.81 117.39 0 
1313 311.89 134.934 0 
1314 306.523 146.265 0 
1315 295.727 158.17 0 
1316 284.089 166.569 0 
1317 279.839 179.912 0 
1318 284.647 188.802 0 
1319 272.845 196.261 0 
1320 283.641 205.024 0 
1321 274.557 213.905 0 
1322 265.877 227.699 0 
1323 258.599 240.612 0 
1324 258.207 255.184 0 
1325 241.803 289.768 0 
1326 239.219 306.282 0 
1327 231.644 323.638 0 
1328 230.476 333.437 0 
1329 228.281 350.034 0 
1330 223.316 363.701 0 
1331 216.923 381.149 0 
1332 213.005 395.722 0 
1333 204.702 414.361 0 
1334 206.498 434.497 0 
1335 208.294 447.634 0 
1336 209.958 464.881 0 
1337 209.076 477.037 0 
1338 208.336 484.23 0 
1339 210.433 507.716 0 
1340 205.641 527.856 0 
1341 209.119 539.045 0 
1342 213.258 555.573 0 
1343 214.579 577.019 0 
1344 210.102 605.565 0 
1345 205.889 633.304 0 
1346 207.918 649.766 0 
1347 204.583 664.563 0 
1348 210.118 688.522 0 
1349 216.66 710.456 0 
1350 232.175 728.799 0 
1351 240.795 761.743 0 
1352 228.823 783.033 0 
1353 239.546 805.618 0 
1354 248.863 816.157 0 
1355 250.428 846.973 0 
1356 258.882 859.214 0 
1357 279.701 890.303 0 
1358 288.201 905.733 0 
1359 300.625 940.995 0 
1360 314.4 967.834 0 
1361 320.035 991.539 0 
1362 326.952 1008.62 0 
1363 353.85 1027.84 0 
1364 370.7 -1.90735e-07 0 
1365 363.998 4.99131 0 
1366 361.499 23.6796 0 
1367 347.771 37.8133 0 
1368 343.93 42.2474 0 
1369 342.1 48.5859 0 
1370 340.168 72.1786 0 
1371 340.223 77.8744 0 
1372 334.246 87.6216 0 
1373 336.137 98.8631 0 
1374 332.487 123.891 0 
1375 323.576 145.309 0 
1376 321.691 149.973 0 
1377 308.018 153.702 0 
1378 307.254 166.521 0 
1379 290.621 178.976 0 
1380 291.416 187.399 0 
1381 290.418 196.951 0 
1382 301.619 208.095 0 
1383 292.665 215.774 0 
1384 278.654 224.053 0 
1385 265.935 236.868 0 
1386 270.553 257.151 0 
1387 267.667 270.925 0 
1388 258.667 291.681 0 
1389 250.553 309.347 0 
1390 241.282 334.551 0 
1391 242.457 344.011 0 
1392 231.93 361.158 0 
1393 227.672 374.123 0 
1394 219.026 391.402 0 
1395 216.126 408.458 0 
1396 212.251 427.528 0 
1397 212.501 449.459 0 
1398 214.3 461.976 0 
1399 213.673 470.551 0 
1400 214.395 481.331 0 
1401 221.49 492.225 0 
1402 220.982 509.952 0 
1403 216.359 530.591 0 
1404 216.632 550.924 0 
1405 222.936 567.441 0 
1406 222.429 591.757 0 
1407 217.543 618.576 0 
1408 214.075 646.366 0 
1409 210.993 664.873 0 
1410 215.525 682.624 0 
1411 227.395 702.318 0 
1412 239.295 726.727 0 
1413 247.847 754.681 0 
1414 248.794 775.471 0 
1415 260.828 806.32 0 
1416 260.216 820.207 0 
1417 263.584 840.078 0 
1418 263.007 847.317 0 
1419 284.894 880.164 0 
1420 297.535 908.629 0 
1421 309.639 931.398 0 
1422 328.063 964.293 0 
1423 340.861 995.907 0 
1424 360.729 1015.33 0 
1425 370.7 1027.84 0 
1426 387.55 -1.90735e-07 0 
1427 377.707 7.31329 0 
1428 375.547 13.7928 0 
1429 379.614 30.183 0 
1430 362.491 46.1803 0 
1431 357.714 59.7801 0 
1432 352.834 71.8914 0 
1433 355.337 79.7234 0 
1434 352.247 88.5661 0 
1435 346.636 106.113 0 
1436 340.602 119.654 0 
1437 336.672 143.903 0 
1438 338.365 147.338 0 
1439 328.326 160.329 0 
1440 319.799 168.068 0 
1441 312.604 175.585 0 
1442 312.254 181.356 0 
1443 308.811 198.356 0 
1444 309.761 204.071 0 
1445 305.502 215.086 0 
1446 285.995 231.007 0 
1447 274.809 240.661 0 
1448 284.259 263.726 0 
1449 277.582 265.276 0 
1450 269.042 291.934 0 
1451 263.337 310.302 0 
1452 258.332 319.535 0 
1453 259.887 325.827 0 
1454 253.452 348.822 0 
1455 251.988 360.723 0 
1456 241.264 378.104 0 
1457 233.498 392.689 0 
1458 236.117 404.513 0 
1459 236.808 415.635 0 
1460 233.718 445.387 0 
1461 230.5 458.527 0 
1462 223.327 473.172 0 
1463 226.358 492.008 0 
1464 227 505.51 0 
1465 223.649 524.884 0 
1466 222.861 541.213 0 
1467 228.028 564 0 
1468 230.419 585.495 0 
1469 233.555 602.835 0 
1470 224.871 641.356 0 
1471 218.187 657.121 0 
1472 218.97 669.914 0 
1473 228.302 684.267 0 
1474 244.991 710.923 0 
1475 252.722 730.535 0 
1476 259.921 755.206 0 
1477 264.493 783.284 0 
1478 273.921 807.263 0 
1479 274.354 833.326 0 
1480 269.715 843.086 0 
1481 291.918 861.39 0 
1482 301.113 895.793 0 
1483 317.926 925.7 0 
1484 334.691 956.623 0 
1485 353.286 982.996 0 
1486 367.357 1012.11 0 
1487 387.55 1027.84 0 
1488 404.4 -1.90735e-07 0 
1489 401.723 9.43469 0 
1490 401.867 15.4834 0 
1491 384.031 24.9247 0 
1492 389.384 39.3318 0 
1493 384.629 48.2318 0 
1494 382.594 63.3822 0 
1495 375.982 73.9676 0 
1496 372.009 83.3358 0 
1497 358.083 97.588 0 
1498 349.509 119.525 0 
1499 351.398 129.387 0 
1500 348.98 145.02 0 
1501 340.809 155.283 0 
1502 335.554 167.275 0 
1503 331.407 179.998 0 
1504 330.825 186.737 0 
1505 318.756 202.638 0 
1506 318.228 212.262 0 
1507 316.196 225.452 0 
1508 302.477 237.586 0 
1509 309.37 249.769 0 
1510 295.886 261.665 0 
1511 287.789 275.645 0 
1512 281.303 292.567 0 
1513 276.104 302.006 0 
1514 271.494 311.414 0 
1515 266.028 321.536 0 
1516 262.98 340.997 0 
1517 262.24 357.644 0 
1518 249.4 379.147 0 
1519 250.755 386.496 0 
1520 254.149 396.536 0 
1521 247.702 406.544 0 
1522 242.268 440.265 0 
1523 242.317 445.675 0 
1524 237.243 473.961 0 
1525 236.025 487.12 0 
1526 233.987 498.976 0 
1527 230.52 519.342 0 
1528 230.345 546.093 0 
1529 236.123 567.248 0 
1530 238.769 588.115 0 
1531 237.271 597.545 0 
1532 246.157 617.309 0 
1533 242.014 642.807 0 
1534 242.843 654.051 0 
1535 242.88 687.53 0 
1536 251.924 702.026 0 
1537 260.552 734.854 0 
1538 266.185 750.22 0 
1539 271.28 777.832 0 
1540 278.123 794.979 0 
1541 286.223 812.849 0 
1542 295.242 836.196 0 
1543 302.141 849.613 0 
1544 312.785 897.816 0 
1545 329.355 926.673 0 
1546 346.991 957.967 0 
1547 367.428 987.22 0 
1548 384.328 1006.59 0 
1549 404.4 1027.84 0 
1550 421.25 -1.90735e-07 0 
1551 422.553 5.41708 0 
1552 417.598 13.2889 0 
1553 408.457 38.5294 0 
1554 403.332 43.6511 0 
1555 392.077 47.239 0 
1556 402.353 57.4137 0 
1557 395.056 75.9074 0 
1558 401.076 84.7549 0 
1559 392.851 92.1344 0 
1560 388.297 102.042 0 
1561 368.853 128.486 0 
1562 370.162 138.608 0 
1563 354.634 153.934 0 
1564 352.709 160.284 0 
1565 337.774 180.1 0 
1566 341.306 188.494 0 
1567 334.41 195.531 0 
1568 331.986 201.679 0 
1569 331.46 208.267 0 
1570 324.749 239.557 0 
1571 325.226 245.207 0 
1572 315.175 256.991 0 
1573 303.311 268.038 0 
1574 298.023 284.577 0 
1575 288.868 297.172 0 
1576 284.842 305.048 0 
1577 277.988 316.195 0 
1578 277.578 322.349 0 
1579 273.084 348.005 0 
1580 266.455 373.837 0 
1581 263.074 384.101 0 
1582 262.363 396.198 0 
1583 253.291 407.364 0 
1584 260.847 420.522 0 
1585 252.826 450.078 0 
1586 250.353 459.741 0 
1587 248.062 470.994 0 
1588 244.48 497.018 0 
1589 236.465 515.767 0 
1590 237.471 538.959 0 
1591 241.573 566.643 0 
1592 244.014 578.409 0 
1593 245.233 589.64 0 
1594 250.816 612.965 0 
1595 252.045 631.607 0 
1596 249.732 652.234 0 
1597 252.139 680.45 0 
1598 256.789 696.538 0 
1599 267.85 721.299 0 
1600 270.802 741.5 0 
1601 277.313 765.555 0 
1602 281.759 790.884 0 
1603 291.644 809.064 0 
1604 304.068 831.536 0 
1605 316.084 859.451 0 
1606 325.254 897.035 0 
1607 342.842 931.259 0 
1608 359.614 956.246 0 
1609 378.851 986.48 0 
1610 402.151 1010.41 0 
1611 421.25 1027.84 0 
1612 438.1 -1.90735e-07 0 
1613 444.596 5.66213 0 
1614 450.884 16.892 0 
1615 422.014 28.3205 0 
1616 419.358 41.9364 0 
1617 407.37 50.217 0 
1618 422.451 62.7678 0 
1619 411.983 79.3668 0 
1620 405.333 83.893 0 
1621 399.666 90.7253 0 
1622 390.997 111.388 0 
1623 389.154 119.758 0 
1624 385.957 135.878 0 
1625 372.672 150.39 0 
1626 357.719 166.208 0 
1627 350.434 179.96 0 
1628 351.74 189.048 0 
1629 355.217 194.54 0 
1630 346.609 204.037 0 
1631 347.235 213.646 0 
1632 335.161 232.474 0 
1633 334.251 244.683 0 
1634 323.723 255.077 0 
1635 320.655 263.088 0 
1636 310.327 273.915 0 
1637 305.568 289.648 0 
1638 298.185 300.231 0 
1639 295.613 306.94 0 
1640 287.33 322.193 0 
1641 283.716 339.056 0 
1642 277.997 362.812 0 
1643 274.924 373.389 0 
1644 268.556 391.301 0 
1645 268.261 414.842 0 
1646 266.437 421.552 0 
1647 264.134 444.073 0 
1648 259.239 453.411 0 
1649 258.1 463.746 0 
1650 255.337 483.471 0 
1651 257.461 499.215 0 
1652 243.725 530.529 0 
1653 249.386 557.256 0 
1654 246.387 572.102 0 
1655 249.205 579.907 0 
1656 255.292 600.952 0 
1657 259.712 620.37 0 
1658 258.416 641.34 0 
1659 260.281 663.482 0 
1660 264.999 693.386 0 
1661 271.129 710.448 0 
1662 276.337 727.524 0 
1663 282.249 750.715 0 
1664 287.925 773.398 0 
1665 299.414 806.098 0 
1666 314.922 834.28 0 
1667 326.761 861.559 0 
1668 336.719 897.542 0 
1669 352.888 928.633 0 
1670 374.242 962.153 0 
1671 387.348 981.266 0 
1672 414.562 1009.1 0 
1673 438.1 1027.84 0 
1674 454.95 -1.90735e-07 0 
1675 453.416 7.60607 0 
1676 458.65 19.1914 0 
1677 445.587 31.3987 0 
1678 439.32 43.852 0 
1679 433.797 50.9527 0 
1680 433.735 59.2034 0 
1681 428.262 84.1023 0 
1682 429.662 93.8508 0 
1683 427.499 99.9261 0 
1684 398.353 109.24 0 
1685 398.984 124.251 0 
1686 402.435 136.228 0 
1687 391.141 144.643 0 
1688 376.67 159.635 0 
1689 374.38 166.688 0 
1690 375.661 178.719 0 
1691 379.134 184.19 0 
1692 370.844 198.479 0 
1693 359.33 213.688 0 
1694 355.534 223.706 0 
1695 349.484 238.894 0 
1696 338.625 252.386 0 
1697 333.151 259.034 0 
1698 327.077 267.93 0 
1699 315.976 280.758 0 
1700 310.73 294.177 0 
1701 307.983 301.461 0 
1702 296.05 318.27 0 
1703 290.179 341.163 0 
1704 288.976 352.975 0 
1705 285.85 363.824 0 
1706 285.516 376.067 0 
1707 275.291 406.291 0 
1708 281.019 412.498 0 
1709 278.022 423.692 0 
1710 275.797 444.392 0 
1711 267.61 458.046 0 
1712 262.688 481.062 0 
1713 264.144 500.222 0 
1714 262.426 516.48 0 
1715 254.936 542.259 0 
1716 263.593 558.514 0 
1717 256.077 575.864 0 
1718 260.793 590.481 0 
1719 263.528 611.764 0 
1720 267.108 629.652 0 
1721 266.558 650.31 0 
1722 271.982 679.21 0 
1723 282.27 693.709 0 
1724 281.278 714.712 0 
1725 287.91 740.72 0 
1726 294.998 766.419 0 
1727 306.867 800.274 0 
1728 320.306 827.383 0 
1729 334.746 853.861 0 
1730 348.041 885.543 0 
1731 362.781 921.875 0 
1732 387.735 963.577 0 
1733 403.898 978.298 0 
1734 426.098 1006.02 0 
1735 454.95 1027.84 0 
1736 471.8 -1.90735e-07 0 
1737 478.4 6.92331 0 
1738 467.933 15.2127 0 
1739 457.518 35.9939 0 
1740 455.618 41.0013 0 
1741 457.533 46.894 0 
1742 453.655 53.7196 0 
1743 443.067 67.158 0 
1744 440.941 80.4232 0 
1745 438.029 99.8132 0 
1746 427.12 114.331 0 
1747 406.093 123.979 0 
1748 415.356 139.338 0 
1749 416.585 143.244 0 
1750 403.184 152.276 0 
1751 398.913 160.992 0 
1752 396.393 168.259 0 
1753 389.763 185.354 0 
1754 384.182 189.996 0 
1755 374.237 208.304 0 
1756 360.367 223.729 0 
1757 354.266 239.362 0 
1758 349.657 249.748 0 
1759 352.344 255.303 0 
1760 348.832 262.574 0 
1761 335.133 274.695 0 
1762 319.148 290.748 0 
1763 322.027 301.815 0 
1764 314.579 309.882 0 
1765 305.606 324.266 0 
1766 303.29 340.56 0 
1767 299.84 351.719 0 
1768 295.628 368.389 0 
1769 293.161 390.079 0 
1770 292.059 404.878 0 
1771 284.607 420.029 0 
1772 281.778 439.805 0 
1773 277.253 453.104 0 
1774 279.913 462.629 0 
1775 272.909 489.673 0 
1776 274.497 504.029 0 
1777 268.43 528.919 0 
1778 265.525 545.707 0 
1779 273.614 561.519 0 
1780 268.845 575.515 0 
1781 271.512 596.892 0 
1782 271.584 617.907 0 
1783 276.68 637.36 0 
1784 279.879 678.278 0 
1785 285.509 686.559 0 
1786 289.478 703.246 0 
1787 293.309 733.586 0 
1788 303.117 760.203 0 
1789 315.26 797.115 0 
1790 327.644 822.455 0 
1791 342.493 851.11 0 
1792 354.429 876.409 0 
1793 370.526 910.844 0 
1794 397.439 952.916 0 
1795 416.864 977.459 0 
1796 443.784 1006.5 0 
1797 471.8 1027.84 0 
1798 488.65 -1.90735e-07 0 
1799 489.043 4.13979 0 
1800 493.665 16.4875 0 
1801 475.08 27.1728 0 
1802 475.644 40.765 0 
1803 478.507 46.1122 0 
1804 469.031 59.6434 0 
1805 467.005 63.246 0 
1806 448.802 77.1079 0 
1807 444.455 105.221 0 
1808 436.535 111.03 0 
1809 428.2 133.877 0 
1810 426.986 139.983 0 
1811 427.975 142.933 0 
1812 416.73 151.377 0 
1813 410.359 166.014 0 
1814 409.046 171.09 0 
1815 400.652 176.427 0 
1816 400.398 191.642 0 
1817 391.371 201.683 0 
1818 385.243 215.049 0 
1819 375.311 227.236 0 
1820 372.073 238.002 0 
1821 369.974 247.017 0 
1822 368.068 256.349 0 
1823 351.452 274.078 0 
1824 342.682 283.162 0 
1825 330.892 297.313 0 
1826 324.482 307.393 0 
1827 327.103 317.438 0 
1828 318.404 327.684 0 
1829 311.115 349.724 0 
1830 304.16 359.499 0 
1831 301.069 381.121 0 
1832 298.082 395.387 0 
1833 298.424 414.89 0 
1834 294.956 429.088 0 
1835 287.88 446.017 0 
1836 284.293 461.166 0 
1837 285.003 479.231 0 
1838 282.646 501.647 0 
1839 280.784 518.832 0 
1840 279.179 528.428 0 
1841 275.549 551.034 0 
1842 279.845 565.002 0 
1843 277.749 583.454 0 
1844 282.367 597.638 0 
1845 283.041 627.949 0 
1846 290.761 658.936 0 
1847 290.067 678.283 0 
1848 296.971 695.997 0 
1849 301.053 728.232 0 
1850 311.198 753.387 0 
1851 323.523 790.847 0 
1852 334.233 811.918 0 
1853 349.846 847.714 0 
1854 361.739 873.735 0 
1855 376.872 900.846 0 
1856 403.264 936.582 0 
1857 430.413 977.608 0 
1858 455.853 1002.49 0 
1859 488.65 1027.84 0 
1860 505.5 -1.90735e-07 0 
1861 502.086 9.65175 0 
1862 502.906 14.0038 0 
1863 491.28 28.9988 0 
1864 500.804 37.6731 0 
1865 496.66 44.9282 0 
1866 490.657 60.8339 0 
1867 476.56 67.8962 0 
1868 472.503 77.5225 0 
1869 459.015 94.2713 0 
1870 451.028 111.305 0 
1871 440.62 124.117 0 
1872 437.836 132.415 0 
1873 435.985 138.565 0 
1874 431.428 149.158 0 
1875 426.737 155.116 0 
1876 421.567 165.63 0 
1877 422.967 179.823 0 
1878 416.568 184.76 0 
1879 401.612 205.194 0 
1880 401.427 208.517 0 
1881 392.064 220.876 0 
1882 385.802 229.251 0 
1883 376.532 245.633 0 
1884 375.526 251.661 0 
1885 370.889 269.789 0 
1886 362.592 278.949 0 
1887 352.426 291.285 0 
1888 350.115 298.072 0 
1889 336.033 317.298 0 
1890 324.032 329.917 0 
1891 321.122 353.071 0 
1892 326.118 367.082 0 
1893 321.344 372.394 0 
1894 315.553 382.881 0 
1895 305.38 403.4 0 
1896 305.686 417.092 0 
1897 302.514 434.384 0 
1898 297.168 447.711 0 
1899 291.641 470.426 0 
1900 290.753 491.498 0 
1901 290.374 505.31 0 
1902 290.452 519.958 0 
1903 283.458 547.689 0 
1904 283.905 564.882 0 
1905 285.133 582.089 0 
1906 294.194 609.067 0 
1907 292.314 621.504 0 
1908 297.153 649.37 0 
1909 299.148 671.938 0 
1910 301.418 691.383 0 
1911 309.297 713.491 0 
1912 319.489 754.516 0 
1913 330.743 780.275 0 
1914 343.902 810.387 0 
1915 357.82 841.018 0 
1916 369.97 868.573 0 
1917 391.071 901.433 0 
1918 416.753 935.783 0 
1919 440.147 970.002 0 
1920 475.974 1004.63 0 
1921 505.5 1027.84 0 
1922 522.35 -1.90735e-07 0 
1923 528.005 7.13069 0 
1924 519.809 16.4272 0 
1925 520.395 22.025 0 
1926 514.288 40.0676 0 
1927 504.742 45.2987 0 
1928 503.655 58.6779 0 
1929 486.538 74.9976 0 
1930 478.902 83.0084 0 
1931 482.689 93.1664 0 
1932 468.882 111.425 0 
1933 471.548 115.942 0 
1934 463.576 127.594 0 
1935 457.245 135.984 0 
1936 447.776 143.853 0 
1937 444.098 151.569 0 
1938 440.67 157.518 0 
1939 427.938 173.099 0 
1940 426.885 183.844 0 
1941 415.896 199.43 0 
1942 414.994 209.616 0 
1943 411.742 215.066 0 
1944 405.932 223.041 0 
1945 393.351 236.852 0 
1946 392.849 243.205 0 
1947 387.905 251.948 0 
1948 383.615 273.599 0 
1949 366.153 289.826 0 
1950 362.078 295.49 0 
1951 361.308 304.944 0 
1952 349.453 322.552 0 
1953 343.824 331.721 0 
1954 336.697 354.283 0 
1955 333.625 369.032 0 
1956 324.359 384.994 0 
1957 316.755 396.533 0 
1958 320.911 405.77 0 
1959 311.405 426.299 0 
1960 306.322 441.158 0 
1961 300.744 467.56 0 
1962 297.431 482.093 0 
1963 295.959 496.586 0 
1964 297.722 517.483 0 
1965 296.754 539.058 0 
1966 292.026 549.999 0 
1967 294.534 582.442 0 
1968 299.821 595.489 0 
1969 301.475 610.522 0 
1970 304.331 635.229 0 
1971 305.611 657.911 0 
1972 310.97 684.487 0 
1973 315.724 706.455 0 
1974 327.387 737.611 0 
1975 335.577 770.907 0 
1976 348.673 799.899 0 
1977 363.802 825.214 0 
1978 376.495 860.2 0 
1979 398.056 893.559 0 
1980 423.873 927.181 0 
1981 448.406 962.018 0 
1982 483.664 994.448 0 
1983 525 1027.84 0 
1984 539.2 -1.90735e-07 0 
1985 533.591 4.6351 0 
1986 532.983 17.2035 0 
1987 527.806 30.521 0 
1988 522.604 37.5972 0 
1989 515.024 49.0758 0 
1990 514.566 56.5153 0 
1991 510.228 75.89 0 
1992 503.854 83.4475 0 
1993 502.724 97.631 0 
1994 484.778 108.705 0 
1995 489.507 114.776 0 
1996 475.553 123.651 0 
1997 468.917 131.983 0 
1998 464.393 141.19 0 
1999 462.021 148.614 0 
2000 462.006 155.336 0 
2001 456.139 162.521 0 
2002 443.93 194.129 0 
2003 435.993 198.095 0 
2004 427.75 206.091 0 
2005 428.71 211.277 0 
2006 416.543 221.631 0 
2007 404.183 233.629 0 
2008 399.96 244.643 0 
2009 396.831 248.233 0 
2010 389.072 276.861 0 
2011 385.661 284.886 0 
2012 376.982 294.376 0 
2013 373.719 301.116 0 
2014 361.686 316.525 0 
2015 354.36 328.143 0 
2016 357.944 339.479 0 
2017 349.534 358.078 0 
2018 339.24 377.965 0 
2019 337.196 388.069 0 
2020 335.423 398.44 0 
2021 321.965 419.801 0 
2022 315.58 435.782 0 
2023 315.207 451.315 0 
2024 314.701 464.518 0 
2025 312.473 476.849 0 
2026 306.847 502.626 0 
2027 307.796 527.198 0 
2028 303.717 542.437 0 
2029 303.068 568.102 0 
2030 302.922 593.674 0 
2031 307.297 607.257 0 
2032 310.682 621.758 0 
2033 313.216 643.678 0 
2034 316.448 670.037 0 
2035 321.07 690.917 0 
2036 331.353 718.15 0 
2037 342.331 745.115 0 
2038 350.846 774.949 0 
2039 364.212 805.244 0 
2040 381.748 831.943 0 
2041 398.932 870.356 0 
2042 425.166 909.778 0 
2043 450.257 942.947 0 
2044 490.15 984.437 0 
2045 525 1009.95 0 
2046 556.05 -1.90735e-07 0 
2047 547.775 7.4439 0 
2048 543.81 10.5036 0 
2049 534.653 30.026 0 
2050 528.092 36.2321 0 
2051 527.822 42.1803 0 
2052 525.006 48.298 0 
2053 518.324 68.4669 0 
2054 521.935 87.6425 0 
2055 516.74 93.6797 0 
2056 510.637 107.181 0 
2057 506.946 113.928 0 
2058 490.832 124.375 0 
2059 478.082 131.718 0 
2060 479.996 142.597 0 
2061 485.879 148.145 0 
2062 478.085 160.493 0 
2063 467.159 165.256 0 
2064 454.834 191.15 0 
2065 449.349 199.189 0 
2066 450.899 202.931 0 
2067 446.954 211.456 0 
2068 436.583 223.511 0 
2069 434.441 228.244 0 
2070 419.499 241.029 0 
2071 408.803 251.297 0 
2072 408.862 265.864 0 
2073 404.485 275.838 0 
2074 396.841 288.767 0 
2075 389.434 297.454 0 
2076 386.52 309.515 0 
2077 374.909 321.377 0 
2078 367.919 334.503 0 
2079 357.293 354.89 0 
2080 356.394 367.226 0 
2081 348.636 381.309 0 
2082 340.823 394.514 0 
2083 340.553 409.155 0 
2084 335.529 420.044 0 
2085 326.919 443.188 0 
2086 319.917 463.283 0 
2087 320.391 471.514 0 
2088 316.941 492.929 0 
2089 315.087 516.582 0 
2090 313.502 534.005 0 
2091 313.482 551.709 0 
2092 311.935 578.4 0 
2093 311.425 592.263 0 
2094 318.849 616.268 0 
2095 318.793 641.44 0 
2096 322.469 660.629 0 
2097 327.577 686.171 0 
2098 338.345 715.151 0 
2099 349.418 743.532 0 
2100 357.015 767.773 0 
2101 370.763 798.314 0 
2102 389.901 829.848 0 
2103 406.462 855.082 0 
2104 428.608 892.284 0 
2105 456.628 931.833 0 
2106 493.239 966.456 0 
2107 525 998.191 0 
2108 572.9 -1.90735e-07 0 
2109 566.782 6.3536 0 
2110 551.55 19.9025 0 
2111 553.058 30.651 0 
2112 551.332 36.2939 0 
2113 551.626 45.2231 0 
2114 549.447 53.0538 0 
2115 545.389 74.5637 0 
2116 541.825 84.4665 0 
2117 537.833 97.847 0 
2118 523.763 111.743 0 
2119 526.953 116.987 0 
2120 519.537 122.875 0 
2121 501.316 137.725 0 
2122 495.66 142.846 0 
2123 501.969 147.894 0 
2124 501.857 151.947 0 
2125 487.046 168.305 0 
2126 482.521 172.668 0 
2127 472.977 194.258 0 
2128 461.783 204.749 0 
2129 463.201 209.667 0 
2130 444.831 223.784 0 
2131 451.55 228.212 0 
2132 444.863 236.848 0 
2133 433.682 246.611 0 
2134 414.478 262.369 0 
2135 419.391 270.092 0 
2136 420.418 284.945 0 
2137 406.897 295.749 0 
2138 404.417 300.536 0 
2139 389.711 323.28 0 
2140 382.125 332.073 0 
2141 368.727 348.348 0 
2142 368.496 363.974 0 
2143 352.604 383.661 0 
2144 350.212 392.617 0 
2145 351.958 403.728 0 
2146 342.827 417.544 0 
2147 335.243 439.759 0 
2148 332.862 454.079 0 
2149 325.891 469.11 0 
2150 325.36 490.67 0 
2151 323.468 504.749 0 
2152 321.802 521.502 0 
2153 321.931 544.543 0 
2154 320.153 568.748 0 
2155 316.793 587.641 0 
2156 324.658 605.749 0 
2157 327.758 625.322 0 
2158 329.347 647.392 0 
2159 333.149 676.733 0 
2160 342.826 702.475 0 
2161 352.972 726.666 0 
2162 362.539 752.83 0 
2163 375.893 788.514 0 
2164 394.889 820.15 0 
2165 413.185 851.097 0 
2166 431.839 874.895 0 
2167 457.098 908.515 0 
2168 491.858 946.575 0 
2169 525 980.057 0 
2170 589.75 -1.90735e-07 0 
2171 579.361 13.8714 0 
2172 578.538 17.8718 0 
2173 580.095 24.515 0 
2174 567.456 39.2092 0 
2175 563.328 44.0683 0 
2176 574.428 48.6385 0 
2177 554.121 82.1488 0 
2178 551.93 88.1272 0 
2179 552.563 92.0607 0 
2180 545.978 110.984 0 
2181 538.801 117.411 0 
2182 530.516 121.556 0 
2183 513.393 138.859 0 
2184 513.782 143.072 0 
2185 515.493 149.422 0 
2186 508.941 152.806 0 
2187 496.938 169.406 0 
2188 493.656 181.358 0 
2189 491.014 187.587 0 
2190 483.186 199.445 0 
2191 484.783 205.524 0 
2192 470.48 219.293 0 
2193 468.729 226.611 0 
2194 465.86 232.758 0 
2195 455.527 243.312 0 
2196 439.564 260.114 0 
2197 450.378 268.99 0 
2198 431.23 286.478 0 
2199 427.101 292.521 0 
2200 415.44 305.717 0 
2201 408.883 312.926 0 
2202 401.574 326.283 0 
2203 391.803 338.603 0 
2204 377.374 357.164 0 
2205 371.005 375.781 0 
2206 372.77 380.934 0 
2207 364.829 394 0 
2208 357.654 410.457 0 
2209 345.476 431.997 0 
2210 343.277 441.315 0 
2211 339.851 458.573 0 
2212 332.653 479.291 0 
2213 331.981 495.106 0 
2214 327.909 513.633 0 
2215 329.93 536.503 0 
2216 328.61 557.451 0 
2217 327.082 574.526 0 
2218 329.062 593.393 0 
2219 333.333 613.878 0 
2220 336.392 637.335 0 
2221 340.643 668.019 0 
2222 347.182 691.373 0 
2223 357.6 718.893 0 
2224 369.419 745.466 0 
2225 383.857 779.4 0 
2226 399.617 808.195 0 
2227 418.16 841.708 0 
2228 435.872 867.1 0 
2229 459.996 891.175 0 
2230 494.419 929.883 0 
2231 525 961.905 0 
2232 606.6 -1.90735e-07 0 
2233 601.171 6.57728 0 
2234 594.843 18.4156 0 
2235 589.916 26.4477 0 
2236 583.579 33.7926 0 
2237 578.161 43.5942 0 
2238 582.437 47.5752 0 
2239 574.37 72.1048 0 
2240 566.447 87.4866 0 
2241 567.853 93.5531 0 
2242 560.908 109.977 0 
2243 560.655 119.985 0 
2244 550.276 125.609 0 
2245 539.962 130.6 0 
2246 530.745 144.109 0 
2247 538.117 154.488 0 
2248 528.671 160.73 0 
2249 516.54 171.512 0 
2250 498.843 178.966 0 
2251 498.894 188.184 0 
2252 501.82 194.538 0 
2253 505.891 208.274 0 
2254 489.663 214.494 0 
2255 486.911 222.098 0 
2256 486.595 228.664 0 
2257 467.989 243.782 0 
2258 460.513 253.134 0 
2259 463.756 271.834 0 
2260 455.98 280.959 0 
2261 446.98 291.238 0 
2262 438.895 298.733 0 
2263 425.15 312.585 0 
2264 414.759 321.786 0 
2265 412.999 330.349 0 
2266 398.619 347.34 0 
2267 390.11 359.52 0 
2268 386.71 372.152 0 
2269 379.583 386.453 0 
2270 367.377 404.479 0 
2271 362.731 421.305 0 
2272 358.594 431.053 0 
2273 351.692 445.319 0 
2274 350.05 463.355 0 
2275 343.528 481.816 0 
2276 339.962 509.572 0 
2277 338.844 515.006 0 
2278 340.906 537.679 0 
2279 339.374 560.432 0 
2280 334.331 582.152 0 
2281 338.954 599.041 0 
2282 344.394 625.836 0 
2283 347.817 653.562 0 
2284 351.397 676.594 0 
2285 361.869 703.996 0 
2286 372.795 733.398 0 
2287 387.695 760.825 0 
2288 403.018 794.926 0 
2289 422.602 826.79 0 
2290 445.672 864.988 0 
2291 469.305 886.625 0 
2292 496.482 911.963 0 
2293 525 944.819 0 
2294 623.45 -1.90735e-07 0 
2295 624.915 4.24872 0 
2296 616.161 17.3284 0 
2297 605.672 24.701 0 
2298 600.615 30.0831 0 
2299 594.523 38.8853 0 
2300 601.226 43.5429 0 
2301 588.598 67.1347 0 
2302 592.995 72.084 0 
2303 592.402 86.0297 0 
2304 597.47 91.2379 0 
2305 585.784 114.497 0 
2306 568.34 130.043 0 
2307 553.995 138.222 0 
2308 559.734 149.574 0 
2309 555.575 156.316 0 
2310 546.838 162.181 0 
2311 540.158 166.988 0 
2312 522.016 183.119 0 
2313 525.257 191.067 0 
2314 521.536 199.912 0 
2315 515.251 208.95 0 
2316 506.987 216.541 0 
2317 506.407 221.855 0 
2318 493.32 229.123 0 
2319 485.051 241.057 0 
2320 475.7 248.241 0 
2321 472.875 259.08 0 
2322 472.621 275.565 0 
2323 461.443 287.363 0 
2324 454.095 296.035 0 
2325 443.904 307.161 0 
2326 435.978 319.102 0 
2327 425.125 332.124 0 
2328 415.815 340.588 0 
2329 408.101 350.962 0 
2330 398.691 365.89 0 
2331 388.871 380.495 0 
2332 389.16 393.115 0 
2333 376.688 412.97 0 
2334 371.819 422.143 0 
2335 363.32 438.396 0 
2336 355.375 458.673 0 
2337 354.371 473.685 0 
2338 353.341 490.78 0 
2339 353.1 510.225 0 
2340 346.858 527.186 0 
2341 348.064 548.969 0 
2342 346.767 568.05 0 
2343 344.914 592.553 0 
2344 351.408 620.324 0 
2345 354.226 643.008 0 
2346 356.778 667.793 0 
2347 366.67 694.906 0 
2348 378.204 723.117 0 
2349 393.516 751.598 0 
2350 408.887 784.558 0 
2351 426.544 814.495 0 
2352 449.27 847.548 0 
2353 471.38 871.788 0 
2354 498.569 899.249 0 
2355 525 927.715 0 
2356 640.3 -1.90735e-07 0 
2357 637.961 7.25708 0 
2358 632.516 14.6618 0 
2359 617.476 26.0017 0 
2360 616.417 31.0682 0 
2361 615.191 34.8313 0 
2362 615.447 41.0601 0 
2363 606.278 68.6676 0 
2364 605.023 75.1396 0 
2365 601.337 82.9994 0 
2366 604.494 88.7391 0 
2367 598.561 111.533 0 
2368 593.7 123.543 0 
2369 585.133 141.074 0 
2370 577.949 148.448 0 
2371 576.314 153.049 0 
2372 566.786 162.441 0 
2373 559.489 168.459 0 
2374 553.718 176.065 0 
2375 547.048 186.454 0 
2376 540.053 194.398 0 
2377 533.506 202.052 0 
2378 524.034 213.21 0 
2379 528.136 223.046 0 
2380 516.857 230.224 0 
2381 505.252 240.864 0 
2382 501.892 250.878 0 
2383 490.56 256.952 0 
2384 479.96 277.158 0 
2385 474.392 284.683 0 
2386 476.557 290.681 0 
2387 461.432 304.094 0 
2388 446.528 315.755 0 
2389 435.082 328.488 0 
2390 432.788 337.295 0 
2391 420.752 346.851 0 
2392 408.494 361.251 0 
2393 407.465 370.519 0 
2394 401.021 385.196 0 
2395 391.076 408.58 0 
2396 391.977 412.913 0 
2397 378.832 430.184 0 
2398 367.592 448.901 0 
2399 363.872 468.447 0 
2400 358.523 485.281 0 
2401 361.842 494.108 0 
2402 361.606 513.941 0 
2403 353.671 541.104 0 
2404 353.312 559.229 0 
2405 353.825 580.038 0 
2406 356.971 609.092 0 
2407 361.387 629.839 0 
2408 364.129 649.625 0 
2409 372.093 678.785 0 
2410 382.446 711.89 0 
2411 396.868 739.357 0 
2412 412.98 768.435 0 
2413 428.943 799.745 0 
2414 451.34 831.579 0 
2415 474.064 861.297 0 
2416 500.656 887.063 0 
2417 525 911.657 0 
2418 657.15 -1.90735e-07 0 
2419 664.374 9.57952 0 
2420 662.381 15.9663 0 
2421 637.31 28.9752 0 
2422 637.261 34.4895 0 
2423 625.444 39.4862 0 
2424 629.161 51.8465 0 
2425 617.619 65.4259 0 
2426 618.568 72.379 0 
2427 614.018 81.525 0 
2428 620.159 91.148 0 
2429 619.446 109.456 0 
2430 611.196 121.804 0 
2431 610.708 135.396 0 
2432 599.383 147.675 0 
2433 589.383 155.255 0 
2434 588.462 158.946 0 
2435 580.274 167.896 0 
2436 570.307 177.964 0 
2437 571.015 183.808 0 
2438 566.368 195.456 0 
2439 560.511 202.074 0 
2440 559.981 208.747 0 
2441 559.387 217.939 0 
2442 542.337 231.978 0 
2443 539.899 238.245 0 
2444 526.465 249.5 0 
2445 509.795 260.245 0 
2446 500.408 270.085 0 
2447 489.45 281.986 0 
2448 497.885 285.01 0 
2449 479.643 301.864 0 
2450 465.549 313.504 0 
2451 468.61 321.363 0 
2452 453.773 335.204 0 
2453 439.02 345.768 0 
2454 438.213 351.748 0 
2455 422.757 368.411 0 
2456 410.341 378.248 0 
2457 403.884 400.013 0 
2458 404.241 405.473 0 
2459 394.028 423.561 0 
2460 385.755 438.919 0 
2461 383.66 447.122 0 
2462 380.754 466.681 0 
2463 375.557 483.049 0 
2464 368.916 500.97 0 
2465 370.082 524.98 0 
2466 362.524 548.427 0 
2467 360.526 569.724 0 
2468 364.876 591.28 0 
2469 367.283 615.978 0 
2470 371.859 641.959 0 
2471 380.379 678.038 0 
2472 388.593 701.065 0 
2473 399.537 726.217 0 
2474 415.813 752.349 0 
2475 432.507 783.961 0 
2476 451.041 811.202 0 
2477 471.084 837.421 0 
2478 497.591 868.997 0 
2479 525 893.477 0 
2480 674 -1.90735e-07 0 
2481 682.417 5.38677 0 
2482 664.601 22.6026 0 
2483 656.377 29.8594 0 
2484 647.433 38.054 0 
2485 644.773 44.2154 0 
2486 650.131 55.2344 0 
2487 644.351 59.9154 0 
2488 645.928 73.84 0 
2489 634.987 88.3882 0 
2490 632.935 93.5219 0 
2491 634.569 105.338 0 
2492 628.412 123.762 0 
2493 617.552 129.578 0 
2494 620.239 143.693 0 
2495 601.619 158.653 0 
2496 602.39 165.059 0 
2497 600.72 169.849 0 
2498 597.636 174.721 0 
2499 589.395 183.996 0 
2500 582.343 191.01 0 
2501 578.726 201.469 0 
2502 566.742 208.658 0 
2503 572.093 221.562 0 
2504 552.709 233.334 0 
2505 549.733 238.651 0 
2506 535.971 248.523 0 
2507 534.788 259.314 0 
2508 515.67 270.039 0 
2509 505.666 277.376 0 
2510 503.216 283.002 0 
2511 509.167 299.005 0 
2512 496.067 309.414 0 
2513 476.305 324.391 0 
2514 470.025 333.224 0 
2515 465.413 342.802 0 
2516 454.317 353.263 0 
2517 438.449 364.412 0 
2518 426.385 375.266 0 
2519 426.223 380.526 0 
2520 418.515 401.493 0 
2521 410.102 413.17 0 
2522 400.605 429.366 0 
2523 401.244 438.156 0 
2524 387.696 459.507 0 
2525 384.615 477.132 0 
2526 376.765 496.299 0 
2527 376.046 521.482 0 
2528 377.016 534.504 0 
2529 369.203 559.539 0 
2530 369.584 584.183 0 
2531 373.448 605.942 0 
2532 377.443 631.044 0 
2533 387.406 655.277 0 
2534 393.49 679.076 0 
2535 401.296 706.043 0 
2536 417.21 736.537 0 
2537 434.497 764.837 0 
2538 450.784 791.925 0 
2539 470.997 821.51 0 
2540 494.331 845.593 0 
2541 525 877.417 0 
2542 690.85 -1.90735e-07 0 
2543 691.306 4.97206 0 
2544 690.794 20.5191 0 
2545 666.007 36.5219 0 
2546 661.577 45.6673 0 
2547 659.762 52.184 0 
2548 668.086 66.2189 0 
2549 652.525 69.01 0 
2550 651.542 77.1262 0 
2551 648.922 94.6469 0 
2552 651.073 101.241 0 
2553 651.89 114.071 0 
2554 658.1 124.205 0 
2555 643.458 133.711 0 
2556 637.347 139.751 0 
2557 618.284 157.764 0 
2558 625.729 164.798 0 
2559 620.092 174.578 0 
2560 618.201 179.349 0 
2561 612.358 184.625 0 
2562 608.672 190.953 0 
2563 602.618 198.668 0 
2564 579.988 214.636 0 
2565 587.819 225.265 0 
2566 570.269 233.766 0 
2567 571.698 242.124 0 
2568 563.945 247.204 0 
2569 545.896 261.723 0 
2570 534.838 271.047 0 
2571 535.746 280.086 0 
2572 524.803 287.762 0 
2573 525.929 296.598 0 
2574 511.264 308.349 0 
2575 500.352 320.243 0 
2576 496.36 327.642 0 
2577 480.858 340.704 0 
2578 472.921 347.731 0 
2579 464.51 361.876 0 
2580 454.181 370.651 0 
2581 443.826 380.677 0 
2582 429.429 393.631 0 
2583 425.925 408.793 0 
2584 422.507 417.435 0 
2585 410.262 435.612 0 
2586 400.41 453.834 0 
2587 394.657 468.295 0 
2588 389.426 486.396 0 
2589 385.558 505.639 0 
2590 384.742 523.224 0 
2591 383.625 546.209 0 
2592 379.335 564.955 0 
2593 379.84 586.171 0 
2594 384.475 610.863 0 
2595 390.656 642.387 0 
2596 397.873 664.361 0 
2597 406.259 691.194 0 
2598 418.563 716.123 0 
2599 435.389 745.65 0 
2600 452.298 775.278 0 
2601 473.514 806.938 0 
2602 491.978 827.32 0 
2603 525 857.062 0 
2604 707.7 -1.90735e-07 0 
2605 699.275 8.22203 0 
2606 700.308 22.0968 0 
2607 679.428 37.7295 0 
2608 677.698 44.7168 0 
2609 685.927 53.6654 0 
2610 680.276 72.1684 0 
2611 672.957 83.7538 0 
2612 671.142 90.8797 0 
2613 672.912 102.885 0 
2614 666.01 109.729 0 
2615 665.513 117.249 0 
2616 676.772 127.067 0 
2617 675.258 134.404 0 
2618 656.377 144.908 0 
2619 652.345 149.051 0 
2620 651.266 163.856 0 
2621 643.25 176.098 0 
2622 634.078 185.047 0 
2623 637.204 191.973 0 
2624 634.127 198.233 0 
2625 631.328 204.387 0 
2626 615.862 210.616 0 
2627 614.207 219.896 0 
2628 589.697 240.39 0 
2629 591.594 246.777 0 
2630 578.043 251.131 0 
2631 565.581 258.18 0 
2632 554.905 275.191 0 
2633 556.708 283.967 0 
2634 553.905 288.999 0 
2635 542.69 296.848 0 
2636 526.897 305.671 0 
2637 522.397 313.2 0 
2638 514.787 323.421 0 
2639 500.125 337.42 0 
2640 487.301 347.305 0 
2641 479.928 356.803 0 
2642 471.58 366.984 0 
2643 457.021 378.716 0 
2644 448.466 388.498 0 
2645 437.795 401.942 0 
2646 432.918 410.245 0 
2647 424.983 428.327 0 
2648 420.844 440.131 0 
2649 410.16 459.768 0 
2650 401.464 474.057 0 
2651 395.845 493.549 0 
2652 391.972 514.108 0 
2653 391.328 535.184 0 
2654 390.341 553.559 0 
2655 385.842 577.097 0 
2656 390.164 603.662 0 
2657 397.159 626.806 0 
2658 403.697 645.553 0 
2659 410.326 670.142 0 
2660 421.493 697.191 0 
2661 437.954 731.113 0 
2662 453.054 754.568 0 
2663 471.685 780.574 0 
2664 495.147 814.603 0 
2665 525 842.074 0 
2666 724.55 -1.90735e-07 0 
2667 730.636 8.78927 0 
2668 719.015 24.2102 0 
2669 703.444 42.8567 0 
2670 699.865 48.4692 0 
2671 695.249 56.9608 0 
2672 694.592 65.0302 0 
2673 695.276 73.3476 0 
2674 697.035 85.9652 0 
2675 693.564 93.4966 0 
2676 693.998 111.881 0 
2677 687.663 118.967 0 
2678 683.083 126.956 0 
2679 681.213 133.328 0 
2680 680.75 146.239 0 
2681 661.503 157.964 0 
2682 657.79 172.692 0 
2683 655.555 177.03 0 
2684 657.713 182.932 0 
2685 653.515 189.481 0 
2686 648.823 194.829 0 
2687 639.564 212.843 0 
2688 633.056 220.626 0 
2689 630.16 227.687 0 
2690 629.087 232.92 0 
2691 615.514 247.249 0 
2692 602.431 257.979 0 
2693 598.534 265.795 0 
2694 587.438 273.284 0 
2695 583.225 281.904 0 
2696 564.138 294.19 0 
2697 557.264 294.989 0 
2698 550.401 305.422 0 
2699 542.011 312.008 0 
2700 529.879 319.792 0 
2701 512.9 336.165 0 
2702 507.967 344.295 0 
2703 499.384 351.861 0 
2704 490.091 361.604 0 
2705 474.744 376.495 0 
2706 466.783 383.071 0 
2707 453.335 395.837 0 
2708 443.562 406.886 0 
2709 433.444 424.583 0 
2710 425.822 436.22 0 
2711 423.946 451.979 0 
2712 414.681 466.229 0 
2713 408.835 480.289 0 
2714 402.625 501.595 0 
2715 399.079 522.446 0 
2716 398.633 539.539 0 
2717 398.518 561.446 0 
2718 397.638 582.012 0 
2719 402.438 606.385 0 
2720 410.448 636.438 0 
2721 415.472 657.971 0 
2722 425.965 688.61 0 
2723 441.567 714.41 0 
2724 452.438 736.634 0 
2725 473.141 764.432 0 
2726 495.874 795.418 0 
2727 525 828.155 0 
2728 741.4 -1.90735e-07 0 
2729 742.427 12.9418 0 
2730 726.759 29.8165 0 
2731 727.247 35.5361 0 
2732 723.104 50.253 0 
2733 728.949 57.0878 0 
2734 723.222 65.652 0 
2735 714.009 73.6773 0 
2736 711.12 80.8723 0 
2737 706.166 101.024 0 
2738 714.76 115.466 0 
2739 706.928 121.579 0 
2740 710.086 129.312 0 
2741 698.503 139.965 0 
2742 692.654 147.674 0 
2743 684.592 156.499 0 
2744 665.036 170.623 0 
2745 673.085 179.282 0 
2746 679.529 185.476 0 
2747 679.934 190.982 0 
2748 665.138 199.708 0 
2749 658.074 204.964 0 
2750 650.286 215.632 0 
2751 651.744 225.8 0 
2752 649.552 231.364 0 
2753 635.368 240.848 0 
2754 630.992 254.182 0 
2755 612.18 267.766 0 
2756 609.06 274.486 0 
2757 596.12 281.315 0 
2758 577.76 294.554 0 
2759 569.724 302.377 0 
2760 567.772 306.373 0 
2761 561.469 311.968 0 
2762 546.7 320.009 0 
2763 531.289 330.997 0 
2764 525.831 341.937 0 
2765 517.048 351.616 0 
2766 500.443 360.683 0 
2767 489.936 372.643 0 
2768 481.071 380.778 0 
2769 475.103 390.971 0 
2770 466.824 399.922 0 
2771 448.186 418.076 0 
2772 444.389 428.297 0 
2773 430.484 445.189 0 
2774 428.628 458.369 0 
2775 419.427 472.46 0 
2776 413.18 491.581 0 
2777 409.106 509.899 0 
2778 408.721 524.697 0 
2779 406.445 548.438 0 
2780 406.035 571.448 0 
2781 407.483 594.42 0 
2782 416.082 619.904 0 
2783 420.061 641.393 0 
2784 430.016 668.685 0 
2785 442.449 698.751 0 
2786 453.405 719.069 0 
2787 474.903 750.379 0 
2788 497.362 779.795 0 
2789 525 811.015 0 
2790 758.25 -1.90735e-07 0 
2791 764.831 13.476 0 
2792 763.726 20.1174 0 
2793 748.69 38.8439 0 
2794 751.574 49.8047 0 
2795 750.133 60.2205 0 
2796 751.36 67.2258 0 
2797 741.815 74.4917 0 
2798 740.029 92.6672 0 
2799 727.201 112.625 0 
2800 727.454 120.895 0 
2801 736.024 132.455 0 
2802 727.561 138.223 0 
2803 725.677 144.126 0 
2804 717.096 154.103 0 
2805 717.413 160.739 0 
2806 705.042 168.23 0 
2807 697.336 179.092 0 
2808 701.194 186.455 0 
2809 696.409 194.495 0 
2810 683.143 200.633 0 
2811 686.074 217.627 0 
2812 679.412 223.289 0 
2813 672.94 229.816 0 
2814 668.937 239.53 0 
2815 649.993 250.22 0 
2816 649.258 255.291 0 
2817 634.514 264.779 0 
2818 624.32 273.148 0 
2819 614.789 281.625 0 
2820 598.672 292.105 0 
2821 588.963 299.951 0 
2822 583.36 305.973 0 
2823 575.563 311.448 0 
2824 564.515 319.79 0 
2825 552.687 328.529 0 
2826 544.406 335.892 0 
2827 530.25 350.033 0 
2828 518.078 360.549 0 
2829 509.203 366.426 0 
2830 499.785 376.964 0 
2831 487.495 389.004 0 
2832 478.877 395.457 0 
2833 466.099 413.325 0 
2834 459.34 421.014 0 
2835 448.109 438.126 0 
2836 439.751 448.558 0 
2837 433.751 464.371 0 
2838 424.5 480.898 0 
2839 418.377 499.288 0 
2840 414.523 520.701 0 
2841 414.011 540.063 0 
2842 414.385 557.045 0 
2843 414.41 581.155 0 
2844 419.629 603.612 0 
2845 426.028 624.63 0 
2846 433.67 652.674 0 
2847 446.168 683.357 0 
2848 461.147 711.375 0 
2849 481.308 743.207 0 
2850 501.435 768.669 0 
2851 525 793.869 0 
2852 775.1 -1.90735e-07 0 
2853 770.977 5.09065 0 
2854 769.419 20.8295 0 
2855 761.614 40.6443 0 
2856 757.116 51.7436 0 
2857 760.838 63.4798 0 
2858 757.748 70.2339 0 
2859 746.316 75.5841 0 
2860 750.569 89.8264 0 
2861 754.86 98.0929 0 
2862 736.866 123.987 0 
2863 740.377 128.282 0 
2864 742.245 143.03 0 
2865 749.575 151.039 0 
2866 736.718 156.101 0 
2867 727.886 162.429 0 
2868 722.428 167.449 0 
2869 729.54 177.041 0 
2870 731.294 185.042 0 
2871 720.18 194.492 0 
2872 707.634 203.985 0 
2873 704.859 212.354 0 
2874 702.216 228.679 0 
2875 693.331 233.312 0 
2876 678.388 246.073 0 
2877 677.176 251.731 0 
2878 669.312 259.715 0 
2879 660.073 268.364 0 
2880 649.373 274.285 0 
2881 634.296 284.263 0 
2882 621.505 290.116 0 
2883 605.257 301.241 0 
2884 597.484 306.385 0 
2885 593.528 311.026 0 
2886 584.047 317.194 0 
2887 578.217 326.909 0 
2888 564.602 336.317 0 
2889 552.076 343.617 0 
2890 537.408 357.449 0 
2891 527.845 366.413 0 
2892 519.579 372.944 0 
2893 507.377 383.227 0 
2894 494.704 396.393 0 
2895 483.837 404.798 0 
2896 475.018 416.357 0 
2897 463.646 430.426 0 
2898 455.505 442.55 0 
2899 442.434 457.62 0 
2900 439.437 470.85 0 
2901 434.371 487.813 0 
2902 425.671 506.371 0 
2903 422.513 524.951 0 
2904 421.813 544.994 0 
2905 423.341 564.618 0 
2906 424.101 589.767 0 
2907 429.691 613.2 0 
2908 439.223 638.127 0 
2909 450.484 670.19 0 
2910 462.662 694.434 0 
2911 481.582 721.562 0 
2912 501.368 753.583 0 
2913 525 778.834 0 
2914 791.95 -1.90735e-07 0 
2915 778.482 7.43168 0 
2916 778.073 23.6888 0 
2917 784.27 44.8632 0 
2918 768.767 53.0616 0 
2919 780.917 65.0767 0 
2920 783.344 74.0596 0 
2921 774.611 83.6012 0 
2922 761.802 88.7441 0 
2923 766.22 102.898 0 
2924 765.519 118.181 0 
2925 753.894 129.714 0 
2926 756.156 140.111 0 
2927 756.036 148.197 0 
2928 757.709 159.504 0 
2929 748.763 166.081 0 
2930 744.767 171.142 0 
2931 748.187 178.469 0 
2932 753.375 189.699 0 
2933 737.385 197.954 0 
2934 739.233 207.467 0 
2935 733.445 217.075 0 
2936 720.582 223.431 0 
2937 711.008 236.069 0 
2938 706.708 240.908 0 
2939 696.647 251.504 0 
2940 689.071 260.025 0 
2941 678.699 266.169 0 
2942 665.704 275.025 0 
2943 649.151 283.126 0 
2944 642.033 292.539 0 
2945 628.108 302.259 0 
2946 619.644 309.496 0 
2947 614.464 317.054 0 
2948 604.655 321.209 0 
2949 596.117 325.168 0 
2950 581.656 334.726 0 
2951 569.349 343.01 0 
2952 553.629 353.268 0 
2953 554.333 362.495 0 
2954 542.766 372.588 0 
2955 524.789 382.642 0 
2956 514.077 390.051 0 
2957 503.381 401.758 0 
2958 490.538 412.923 0 
2959 476.206 424.994 0 
2960 466.483 437.622 0 
2961 458.201 451.803 0 
2962 452.79 459.443 0 
2963 444.99 478.308 0 
2964 439.901 495.759 0 
2965 432.664 511.884 0 
2966 429.184 533.115 0 
2967 428.647 553.67 0 
2968 432.41 573.82 0 
2969 434.757 594.308 0 
2970 441.983 620.321 0 
2971 454.606 647.362 0 
2972 463.793 675.441 0 
2973 482.201 706.394 0 
2974 501.093 729.961 0 
2975 525 762.728 0 
2976 808.8 -1.90735e-07 0 
2977 803.976 19.6915 0 
2978 794.348 28.8523 0 
2979 795.778 46.1094 0 
2980 802.204 57.5076 0 
2981 811.037 70.9466 0 
2982 812.544 79.4667 0 
2983 803.94 85.8706 0 
2984 785.956 103.81 0 
2985 789.372 120.56 0 
2986 789.53 130.145 0 
2987 783.803 136.038 0 
2988 777.009 143.926 0 
2989 784.144 154.213 0 
2990 775.308 160.768 0 
2991 775.32 170.373 0 
2992 766.301 177.238 0 
2993 768.883 185.532 0 
2994 781.165 201.53 0 
2995 769.759 208.089 0 
2996 767.74 216.204 0 
2997 742.723 227.825 0 
2998 733.405 227.621 0 
2999 728.825 242.828 0 
3000 726.875 248.901 0 
3001 717.017 252.177 0 
3002 703.529 259.647 0 
3003 703.335 278.056 0 
3004 685.023 279.761 0 
3005 677.555 284.751 0 
3006 676.835 291.728 0 
3007 661.323 302.599 0 
3008 647.995 311.971 0 
3009 640.328 318.974 0 
3010 623.056 327.118 0 
3011 610.454 333.988 0 
3012 600.175 340.871 0 
3013 599.974 346.718 0 
3014 588.944 354.028 0 
3015 571.076 365.7 0 
3016 559.609 372.965 0 
3017 544.706 381.927 0 
3018 532.224 389.476 0 
3019 518.157 398.145 0 
3020 504.84 409.656 0 
3021 491.048 421.989 0 
3022 483.161 429.675 0 
3023 473.14 442.883 0 
3024 463.04 459.645 0 
3025 457.688 468.855 0 
3026 448.517 488.661 0 
3027 443.195 503.854 0 
3028 438.984 521.196 0 
3029 436.476 539.358 0 
3030 436.94 560.272 0 
3031 440.985 580.717 0 
3032 446.526 606.604 0 
3033 457.526 634.225 0 
3034 467.893 657.979 0 
3035 482.905 686.582 0 
3036 500.978 715.506 0 
3037 525 742.323 0 
3038 825.65 -1.90735e-07 0 
3039 813.073 12.2301 0 
3040 810.017 36.3353 0 
3041 816.775 49.0127 0 
3042 824.53 68.3319 0 
3043 824.908 75.5219 0 
3044 823.366 82.633 0 
3045 828.829 88.3503 0 
3046 825.301 94.5822 0 
3047 827.677 104.331 0 
3048 805.326 133.143 0 
3049 809.224 139.37 0 
3050 808.672 145.614 0 
3051 804.935 153.223 0 
3052 794.927 161.235 0 
3053 803.495 171.493 0 
3054 787.917 185.523 0 
3055 788.455 193.402 0 
3056 795.9 205.492 0 
3057 786.452 221.674 0 
3058 781.004 225.901 0 
3059 763.484 229.577 0 
3060 746.373 236.749 0 
3061 751.019 247.332 0 
3062 751.734 253.094 0 
3063 737.762 258.898 0 
3064 732.825 262.975 0 
3065 718.41 276.31 0 
3066 704.905 289.693 0 
3067 702.715 295.04 0 
3068 684.342 300.26 0 
3069 683.94 308.422 0 
3070 670.431 313.557 0 
3071 667.905 319.869 0 
3072 645.832 330.549 0 
3073 635 336.012 0 
3074 627.44 343.148 0 
3075 622.85 351.102 0 
3076 610.828 359.757 0 
3077 598.092 367.702 0 
3078 579.972 376.009 0 
3079 565.088 382.48 0 
3080 551.884 389.309 0 
3081 539.103 396.939 0 
3082 526.175 405.542 0 
3083 508.295 419.26 0 
3084 494.816 429.366 0 
3085 487.882 436.148 0 
3086 477.028 451.17 0 
3087 470.378 462.157 0 
3088 461.956 478.601 0 
3089 455.415 492.459 0 
3090 449.388 509.586 0 
3091 445.688 526.74 0 
3092 443.03 549.861 0 
3093 445.13 570.175 0 
3094 451.882 592.545 0 
3095 460.395 614.388 0 
3096 469.951 639.974 0 
3097 484.369 668.073 0 
3098 501.517 698.017 0 
3099 525 727.291 0 
3100 842.5 -1.90735e-07 0 
3101 831.645 6.65509 0 
3102 833.045 36.5592 0 
3103 849.352 45.6664 0 
3104 847.808 54.7488 0 
3105 836.631 73.7061 0 
3106 836.327 82.0513 0 
3107 843.663 86.1803 0 
3108 852.227 101.497 0 
3109 839.008 109.798 0 
3110 833.612 124.146 0 
3111 834.472 135.679 0 
3112 825.308 153.309 0 
3113 825.033 158.111 0 
3114 829.223 164.993 0 
3115 835.203 176.976 0 
3116 798.761 189.013 0 
3117 811.799 205.67 0 
3118 813.536 214.906 0 
3119 798.802 223.373 0 
3120 791.053 231.497 0 
3121 779.69 235.392 0 
3122 774.86 242.051 0 
3123 773.043 249.159 0 
3124 761.077 260.849 0 
3125 755.691 264.08 0 
3126 742.42 278.057 0 
3127 739.332 284.996 0 
3128 736.578 291.067 0 
3129 724.413 299.698 0 
3130 715.95 309.811 0 
3131 712.327 320.011 0 
3132 702.342 324.84 0 
3133 692.574 331.887 0 
3134 679.113 335.768 0 
3135 662.438 343.245 0 
3136 649.811 348.673 0 
3137 635.877 354.272 0 
3138 626.48 357.56 0 
3139 610.843 370.057 0 
3140 595.322 378.143 0 
3141 584.787 383.895 0 
3142 572.12 389.939 0 
3143 554.779 398.278 0 
3144 540.628 404.152 0 
3145 527.395 416.228 0 
3146 514.761 425.901 0 
3147 508.22 433.191 0 
3148 498.64 441.687 0 
3149 487.862 455.91 0 
3150 476.923 467.949 0 
3151 470.315 481.209 0 
3152 463.267 496.55 0 
3153 456.966 514.508 0 
3154 454.254 533.782 0 
3155 451.659 553.63 0 
3156 455.412 579.427 0 
3157 463.141 602.389 0 
3158 472.828 623.886 0 
3159 486.608 652.648 0 
3160 502.645 679.738 0 
3161 525 710.1 0 
3162 859.35 -1.90735e-07 0 
3163 861.387 11.6841 0 
3164 863.815 29.5153 0 
3165 862.322 44.7253 0 
3166 860.4 51.0686 0 
3167 861.018 62.3316 0 
3168 863.12 69.8578 0 
3169 853.784 86.2736 0 
3170 864.257 105.799 0 
3171 867.523 110.701 0 
3172 849.713 120.137 0 
3173 854.121 132.468 0 
3174 835.448 155.311 0 
3175 839.056 160.205 0 
3176 845.28 170.752 0 
3177 852.553 187.631 0 
3178 826.467 197.621 0 
3179 839.244 214.677 0 
3180 844.203 225.826 0 
3181 811.116 230.317 0 
3182 810.199 237.454 0 
3183 803.461 243.022 0 
3184 804.152 255.34 0 
3185 796.481 260.803 0 
3186 777.292 268.365 0 
3187 774.252 276.62 0 
3188 774.867 284.409 0 
3189 766.685 293.016 0 
3190 761.813 299.189 0 
3191 753.026 303.799 0 
3192 740.642 310.441 0 
3193 740.078 316.535 0 
3194 721.011 330.218 0 
3195 710.754 335.084 0 
3196 697.885 340.444 0 
3197 682.694 346.83 0 
3198 675.182 352.973 0 
3199 662.934 359.637 0 
3200 649.544 368.25 0 
3201 639.466 371.645 0 
3202 617.142 382.136 0 
3203 608.733 387.493 0 
3204 595.351 393.019 0 
3205 575.557 400.373 0 
3206 565.592 407.934 0 
3207 548.278 414.384 0 
3208 533.79 423.84 0 
3209 520.714 432.418 0 
3210 510.379 438.627 0 
3211 500.786 449.853 0 
3212 492.422 462.381 0 
3213 482.361 473.394 0 
3214 474.763 487.207 0 
3215 467.212 505.507 0 
3216 462.155 523.662 0 
3217 459.577 543.81 0 
3218 462.012 561.269 0 
3219 466.162 586.64 0 
3220 475.344 610.735 0 
3221 489.246 637.522 0 
3222 504.284 665.166 0 
3223 525 693.979 0 
3224 876.2 -1.90735e-07 0 
3225 870.59 14.9332 0 
3226 880.519 30.3114 0 
3227 873.193 43.4282 0 
3228 879.7 53.4494 0 
3229 878.265 58.0996 0 
3230 869.991 76.8681 0 
3231 873.244 94.2961 0 
3232 871.274 102.324 0 
3233 874.795 110.512 0 
3234 863.255 132.696 0 
3235 863.375 140.938 0 
3236 851.466 152.111 0 
3237 848.645 160.958 0 
3238 852.735 173.023 0 
3239 861.97 189.849 0 
3240 864.12 204.46 0 
3241 867.228 215.95 0 
3242 855.453 225.473 0 
3243 844.177 242.673 0 
3244 833.616 249.571 0 
3245 827.686 257.076 0 
3246 824.661 264.711 0 
3247 824.643 272.173 0 
3248 816.468 277.901 0 
3249 805.251 285.922 0 
3250 802.1 293.335 0 
3251 798.127 299.48 0 
3252 789.512 313.652 0 
3253 781.499 318.813 0 
3254 769.914 322.702 0 
3255 759.243 327.453 0 
3256 747.085 328.3 0 
3257 739.758 346.327 0 
3258 728.745 351.071 0 
3259 712.631 355.725 0 
3260 703.004 363.188 0 
3261 684.701 366.46 0 
3262 670.148 370.1 0 
3263 655.85 376.229 0 
3264 642.101 386.507 0 
3265 634.463 393.085 0 
3266 618.681 398.759 0 
3267 596.974 403.904 0 
3268 580.376 409.801 0 
3269 569.368 417.086 0 
3270 553.194 423.518 0 
3271 545.018 431.386 0 
3272 530.619 440.003 0 
3273 514.441 447.176 0 
3274 503.241 456.295 0 
3275 497.45 467.978 0 
3276 487.308 479.107 0 
3277 477.249 497.805 0 
3278 472.104 513.094 0 
3279 468.757 530.931 0 
3280 466.342 550.573 0 
3281 471.743 572.068 0 
3282 478.274 597.789 0 
3283 490.897 621.134 0 
3284 505.649 648.427 0 
3285 525 675.709 0 
3286 893.05 -1.90735e-07 0 
3287 886.909 23.7086 0 
3288 891.074 32.4689 0 
3289 904.478 51.3536 0 
3290 903.694 59.4683 0 
3291 887.197 68.5666 0 
3292 885.275 78.4884 0 
3293 892.941 94.4153 0 
3294 883.992 106.676 0 
3295 894.891 119.413 0 
3296 892.948 131.133 0 
3297 893.348 145.071 0 
3298 880.391 154.244 0 
3299 879.265 164.977 0 
3300 866.126 172.557 0 
3301 869.254 188.425 0 
3302 880.436 215.57 0 
3303 886.213 230.873 0 
3304 876.318 233.653 0 
3305 875.781 241.094 0 
3306 861.49 256.869 0 
3307 861.768 267.079 0 
3308 856.08 274.668 0 
3309 850.007 283.106 0 
3310 847.404 291.364 0 
3311 838.815 297.018 0 
3312 830.193 304.691 0 
3313 820.629 313.349 0 
3314 812.452 319.622 0 
3315 803.616 324.058 0 
3316 790.737 330.851 0 
3317 778.345 335.308 0 
3318 766.903 340.405 0 
3319 751.709 352.627 0 
3320 744.672 358.964 0 
3321 741.515 365.135 0 
3322 728.536 370.044 0 
3323 713.274 378.803 0 
3324 699.99 382.409 0 
3325 685.076 386.054 0 
3326 667.731 390.487 0 
3327 659.755 396.142 0 
3328 643.428 403.153 0 
3329 620.816 410.363 0 
3330 606.862 414.721 0 
3331 591.582 420.436 0 
3332 576.175 426.209 0 
3333 563.676 432.098 0 
3334 548.402 439.399 0 
3335 531.487 448.442 0 
3336 524.924 453.185 0 
3337 512.918 462.021 0 
3338 501.328 474.963 0 
3339 493.538 486.828 0 
3340 484.575 502.903 0 
3341 477.888 519.078 0 
3342 475.845 536.84 0 
3343 475.344 560.354 0 
3344 482.757 582.913 0 
3345 491.862 605.68 0 
3346 507.033 631.393 0 
3347 525 660.641 0 
3348 909.9 -1.90735e-07 0 
3349 917.969 7.04845 0 
3350 913.642 41.1628 0 
3351 913.128 52.7866 0 
3352 921.943 64.0838 0 
3353 919.579 70.7614 0 
3354 925.253 84.3458 0 
3355 912.693 95.5252 0 
3356 916.32 111.628 0 
3357 908.433 119.075 0 
3358 914.746 152.017 0 
3359 906.251 157.45 0 
3360 902.404 163.893 0 
3361 907.545 174.607 0 
3362 889.677 190.595 0 
3363 893.482 210.672 0 
3364 899.595 231.129 0 
3365 901.209 243.828 0 
3366 901.615 253.894 0 
3367 891.412 256.497 0 
3368 894.083 271.449 0 
3369 891.616 280.098 0 
3370 882.69 285.442 0 
3371 878.06 291.25 0 
3372 871.782 311.184 0 
3373 869.511 319.509 0 
3374 867.545 330.03 0 
3375 850.826 333.183 0 
3376 845.323 340.229 0 
3377 831.879 345.008 0 
3378 816.975 345.78 0 
3379 809.653 352.148 0 
3380 792.239 354.524 0 
3381 772.46 358.232 0 
3382 775.034 370.444 0 
3383 765.944 376.02 0 
3384 749.649 380.037 0 
3385 732.613 382.768 0 
3386 711.272 389.039 0 
3387 707.27 396.072 0 
3388 700.094 401.948 0 
3389 683.861 407.231 0 
3390 667.698 409.245 0 
3391 643.687 414.831 0 
3392 628.884 419.936 0 
3393 612.59 424.566 0 
3394 597.361 429.324 0 
3395 586.683 434.35 0 
3396 570.213 441.096 0 
3397 553.007 448.452 0 
3398 540.078 455.489 0 
3399 533.427 460.959 0 
3400 518.683 469.135 0 
3401 507.212 480.47 0 
3402 496.985 494.62 0 
3403 490.159 508.403 0 
3404 483.434 526.057 0 
3405 483.895 545 0 
3406 485.601 566.794 0 
3407 493.833 588.486 0 
3408 508.322 616.705 0 
3409 525 642.335 0 
3410 926.75 -1.90735e-07 0 
3411 938.671 7.21061 0 
3412 953.33 20.3102 0 
3413 929.745 56.0007 0 
3414 944.904 72.2627 0 
3415 941.891 83.4889 0 
3416 930.182 85.8534 0 
3417 932.186 101.219 0 
3418 920.957 113.256 0 
3419 921.558 126.76 0 
3420 921.883 139.016 0 
3421 928.252 159.718 0 
3422 928.443 167.23 0 
3423 932.027 181.044 0 
3424 924.043 203.324 0 
3425 934.04 225.563 0 
3426 912.707 232.436 0 
3427 909.675 253.564 0 
3428 911.864 263.552 0 
3429 913.881 271.543 0 
3430 914.421 280.444 0 
3431 917.954 288.588 0 
3432 909.265 297.328 0 
3433 898.539 301.827 0 
3434 894.503 306.323 0 
3435 890.272 313.563 0 
3436 886.672 321.799 0 
3437 871.746 343.951 0 
3438 868.101 349.354 0 
3439 858.457 352.688 0 
3440 839.889 359.343 0 
3441 842.206 370.09 0 
3442 826.694 375.811 0 
3443 812.903 380.974 0 
3444 802.415 388.527 0 
3445 789.584 390.737 0 
3446 772.411 391.505 0 
3447 756.781 395.084 0 
3448 751.57 403.31 0 
3449 735.024 409.914 0 
3450 716.048 411.429 0 
3451 700.191 412.246 0 
3452 687.925 417.379 0 
3453 666.826 423.15 0 
3454 656.251 426.691 0 
3455 636.581 431.868 0 
3456 619.952 435.92 0 
3457 611.782 440.006 0 
3458 593.046 444.902 0 
3459 576.434 450.667 0 
3460 563.165 456.738 0 
3461 547.726 463.893 0 
3462 536.723 468.837 0 
3463 523.328 475.744 0 
3464 510.801 487.419 0 
3465 502.641 498.98 0 
3466 495.573 514.658 0 
3467 490.001 533.442 0 
3468 492.784 549.036 0 
3469 496.109 575.122 0 
3470 509.571 598.102 0 
3471 525 624.043 0 
3472 943.6 -1.90735e-07 0 
3473 954.448 8.05023 0 
3474 966.885 23.183 0 
3475 974.892 32.1096 0 
3476 963.956 57.6053 0 
3477 956.037 81.7795 0 
3478 950.743 96.7685 0 
3479 939.123 110.347 0 
3480 935.521 125.457 0 
3481 932.116 131.844 0 
3482 941.259 152.025 0 
3483 947.786 165.853 0 
3484 955.01 176.124 0 
3485 959.043 195.876 0 
3486 945.262 206.834 0 
3487 944.849 231.994 0 
3488 926.212 242.257 0 
3489 916.843 253.238 0 
3490 919.277 264.428 0 
3491 920.785 273.711 0 
3492 925.615 279.649 0 
3493 929.02 291.888 0 
3494 928.435 296.455 0 
3495 916.744 305.949 0 
3496 910.501 314.994 0 
3497 915.117 332.801 0 
3498 904.438 335.181 0 
3499 898.947 340.199 0 
3500 891.288 353.235 0 
3501 876.78 363.578 0 
3502 876.512 375.828 0 
3503 863.275 381.563 0 
3504 865.383 393.127 0 
3505 850.028 399.596 0 
3506 838.441 405.578 0 
3507 817.011 408.791 0 
3508 802.277 412.184 0 
3509 792.935 417.064 0 
3510 774.489 419.675 0 
3511 756.874 419.429 0 
3512 735.807 423.875 0 
3513 723.932 426.633 0 
3514 709.351 428.814 0 
3515 698.641 431.805 0 
3516 678.685 437.517 0 
3517 661.103 438.76 0 
3518 638.458 443.237 0 
3519 625.794 445.734 0 
3520 613.454 450.125 0 
3521 598.63 453.978 0 
3522 583.381 459.391 0 
3523 567.169 465.129 0 
3524 556.594 470.79 0 
3525 542.148 476.365 0 
3526 528.239 483.021 0 
3527 515.367 493.39 0 
3528 505.512 506.033 0 
3529 499.216 523.769 0 
3530 496.19 540.832 0 
3531 502.45 557.607 0 
3532 509.059 579.943 0 
3533 525 604.678 0 
3534 960.45 -1.90735e-07 0 
3535 965.058 9.50414 0 
3536 972.33 21.1972 0 
3537 984.214 35.2519 0 
3538 969.619 66.0818 0 
3539 966.823 84.201 0 
3540 958.598 94.8786 0 
3541 947.608 113.117 0 
3542 956.587 123.664 0 
3543 953.254 145.698 0 
3544 953.333 154.064 0 
3545 954.107 163.667 0 
3546 968.984 182.982 0 
3547 977.867 197.461 0 
3548 973.982 209.074 0 
3549 971.866 216.807 0 
3550 956.289 242.693 0 
3551 943.803 251.494 0 
3552 949.95 269.564 0 
3553 947.297 277.018 0 
3554 938.758 283.729 0 
3555 942.855 297.423 0 
3556 935.056 305.912 0 
3557 927.952 316.338 0 
3558 930.484 331.106 0 
3559 934.216 344.178 0 
3560 917.418 346.053 0 
3561 920.323 359.536 0 
3562 918.849 370.694 0 
3563 906.249 377.035 0 
3564 903.319 388.78 0 
3565 898.68 399.959 0 
3566 896.052 409.982 0 
3567 878.386 412.272 0 
3568 863.089 423.436 0 
3569 848.541 423.48 0 
3570 833.494 427.727 0 
3571 814.189 430.38 0 
3572 793.257 434.219 0 
3573 782.176 436.155 0 
3574 763.787 435.474 0 
3575 747.766 438.669 0 
3576 731.819 440.083 0 
3577 718.03 441.683 0 
3578 703.287 443.912 0 
3579 682.559 448.891 0 
3580 665.793 452.069 0 
3581 649.467 456.158 0 
3582 635.567 458.58 0 
3583 622.306 461.426 0 
3584 608.345 464.905 0 
3585 593.124 469.967 0 
3586 577.229 475.3 0 
3587 561.995 479.546 0 
3588 548.306 484.041 0 
3589 533.013 490.769 0 
3590 522.505 498.281 0 
3591 511.511 511.557 0 
3592 505.992 527.14 0 
3593 504.416 545.494 0 
3594 511.821 564.133 0 
3595 525 590.64 0 
3596 977.3 -1.90735e-07 0 
3597 976.788 4.45506 0 
3598 991.268 26.487 0 
3599 994.916 36.2337 0 
3600 979.448 74.4029 0 
3601 981.7 81.746 0 
3602 981.599 89.0505 0 
3603 981.528 97.5708 0 
3604 980.062 110.313 0 
3605 985.402 151.174 0 
3606 983.873 163.249 0 
3607 985.182 176.694 0 
3608 983.724 187.041 0 
3609 988.5 200.598 0 
3610 991.73 212.035 0 
3611 977.342 224.984 0 
3612 971.073 247.532 0 
3613 959.628 252.022 0 
3614 960.359 259.724 0 
3615 962.965 287.68 0 
3616 951.889 297.124 0 
3617 953.015 306.203 0 
3618 951.6 315.501 0 
3619 960.873 338.244 0 
3620 964.509 353.675 0 
3621 955.866 360.055 0 
3622 946.265 365.897 0 
3623 936.319 376.057 0 
3624 936.49 390.084 0 
3625 937.611 405.495 0 
3626 934.419 416.784 0 
3627 929.184 427.293 0 
3628 921.769 434.357 0 
3629 908.743 435.996 0 
3630 906.647 446.66 0 
3631 873.012 447.728 0 
3632 859.487 447.349 0 
3633 846.382 449.21 0 
3634 830.558 451.822 0 
3635 807.213 455.241 0 
3636 790.931 456.895 0 
3637 773.982 456.242 0 
3638 758.114 456.674 0 
3639 742.371 457.521 0 
3640 730.576 459.176 0 
3641 706.405 459.097 0 
3642 691.958 461.859 0 
3643 678.673 470.208 0 
3644 659.865 472.2 0 
3645 645.413 473.679 0 
3646 635.798 476.54 0 
3647 613.819 478.793 0 
3648 600.116 480.749 0 
3649 581.283 485.334 0 
3650 566.78 488.077 0 
3651 553.98 491.983 0 
3652 539.476 498.129 0 
3653 527.292 504.381 0 
3654 516.084 517.044 0 
3655 511.069 532.762 0 
3656 513.805 552.585 0 
3657 525 572.339 0 
3658 994.15 -1.90735e-07 0 
3659 993.977 7.14617 0 
3660 1001.84 19.1476 0 
3661 1003.62 33.2836 0 
3662 1002.33 56.7426 0 
3663 994.367 77.1107 0 
3664 1006.03 99.5968 0 
3665 997.517 113.503 0 
3666 997.706 125.894 0 
3667 1000.62 168.645 0 
3668 997.533 174.704 0 
3669 992.984 179.998 0 
3670 997.824 192.29 0 
3671 997.577 201.354 0 
3672 1006.87 225.467 0 
3673 1004.44 230.787 0 
3674 980.481 251.038 0 
3675 986.112 262.219 0 
3676 985.11 270.096 0 
3677 983.785 286.004 0 
3678 976.715 295.705 0 
3679 982.322 312.191 0 
3680 986.342 327.416 0 
3681 988.483 359.581 0 
3682 993.217 375.757 0 
3683 987.92 384.513 0 
3684 979.31 392.342 0 
3685 973.646 401.264 0 
3686 972.665 415.611 0 
3687 975.001 432.305 0 
3688 967.445 442.031 0 
3689 965.502 456.539 0 
3690 953.059 461.723 0 
3691 937.557 463.162 0 
3692 928.9 468.819 0 
3693 898.106 461.277 0 
3694 882.53 466.277 0 
3695 875.208 472.079 0 
3696 862.85 474.53 0 
3697 837.574 473.296 0 
3698 821.468 476.391 0 
3699 798.526 475.725 0 
3700 784.313 476.339 0 
3701 770.282 477.124 0 
3702 752.003 477.5 0 
3703 741.29 481.527 0 
3704 718.977 482.04 0 
3705 703.529 482.505 0 
3706 686.017 484.089 0 
3707 670.158 486.535 0 
3708 650.622 487.22 0 
3709 640.009 490.053 0 
3710 621.89 492.229 0 
3711 604.274 492.645 0 
3712 588.54 496.004 0 
3713 577.9 498.954 0 
3714 560.185 502.529 0 
3715 545.702 506.111 0 
3716 532.436 510.654 0 
3717 521.042 521.28 0 
3718 517.689 535.977 0 
3719 525 558.311 0 
3720 1011.01 -1.90735e-07 0 
3721 1010.16 14.0569 0 
3722 1016.03 26.8518 0 
3723 1016.61 46.3284 0 
3724 1011.65 65.0948 0 
3725 1017.1 81.3876 0 
3726 1017.92 103.012 0 
3727 1016.76 119.208 0 
3728 1016.51 134.859 0 
3729 1019.28 152.172 0 
3730 1013.34 182.749 0 
3731 1013.55 192.261 0 
3732 1008.16 197.167 0 
3733 1007.92 204.756 0 
3734 1017.32 231.931 0 
3735 1019.97 246.209 0 
3736 1002.87 262.242 0 
3737 1007.7 273.729 0 
3738 1008.72 285.53 0 
3739 1006.22 302.101 0 
3740 1006.98 316.602 0 
3741 1008.63 331.822 0 
3742 1008.55 346.899 0 
3743 1006.1 360.521 0 
3744 1007.04 387.628 0 
3745 1009.66 403.738 0 
3746 1004.58 411.445 0 
3747 1000.84 424.384 0 
3748 1003.65 444.99 0 
3749 999.784 457.119 0 
3750 1001.68 476.357 0 
3751 995.726 488.286 0 
3752 981.358 490.261 0 
3753 967.317 490.876 0 
3754 954.629 494.285 0 
3755 926.769 490.491 0 
3756 915.526 495.195 0 
3757 900.028 496.874 0 
3758 891.138 500.925 0 
3759 866.772 496.472 0 
3760 847.76 496.158 0 
3761 828.925 495.971 0 
3762 810.989 496.885 0 
3763 797.011 497.806 0 
3764 781.686 497.753 0 
3765 766.478 499.26 0 
3766 747.418 500.922 0 
3767 730.772 502.329 0 
3768 717.116 503.739 0 
3769 697.361 504.339 0 
3770 680.913 505.057 0 
3771 666.712 507.646 0 
3772 645.444 506.375 0 
3773 628.999 506.975 0 
3774 611.612 507.15 0 
3775 598.701 509.008 0 
3776 582.648 509.727 0 
3777 567.325 512.539 0 
3778 553.317 515.154 0 
3779 535.428 518.229 0 
3780 523.409 524.955 0 
3781 525 542.131 0 
3782 1027.84 -1.90735e-07 0 
3783 1027.84 16.85 0 
3784 1027.84 33.7 0 
3785 1027.84 50.55 0 
3786 1027.84 67.4 0 
3787 1027.84 84.25 0 
3788 1027.84 101.1 0 
3789 1027.84 117.95 0 
3790 1027.84 134.8 0 
3791 1027.84 151.65 0 
3792 1027.84 168.5 0 
3793 1027.84 185.35 0 
3794 1027.84 202.2 0 
3795 1027.84 219.05 0 
3796 1027.84 235.9 0 
3797 1027.84 252.75 0 
3798 1027.84 269.6 0 
3799 1027.84 286.45 0 
3800 1027.84 303.3 0 
3801 1027.84 320.15 0 
3802 1027.84 337 0 
3803 1027.84 353.85 0 
3804 1027.84 370.7 0 
3805 1027.84 387.55 0 
3806 1027.84 404.4 0 
3807 1027.84 421.25 0 
3808 1027.84 438.1 0 
3809 1027.84 454.95 0 
3810 1027.84 471.8 0 
3811 1027.84 488.65 0 
3812 1027.84 505.5 0 
3813 1027.84 525 0 
3814 1009.53 525 0 
3815 991.887 525 0 
3816 979.696 525 0 
3817 965.37 525 0 
3818 944.494 525 0 
3819 927.989 525 0 
3820 914.786 525 0 
3821 897.205 525 0 
3822 880.702 525 0 
3823 862.094 525 0 
3824 843.454 525 0 
3825 824.85 525 0 
3826 809.507 525 0 
3827 795.273 525 0 
3828 780 525 0 
3829 758.169 525 0 
3830 741.79 525 0 
3831 726.507 525 0 
3832 709.102 525 0 
3833 691.676 525 0 
3834 673.191 525 0 
3835 656.862 525 0 
3836 636.229 525 0 
3837 622.147 525 0 
3838 608.041 525 0 
3839 591.773 525 0 
3840 572.275 525 0 
3841 556.067 525 0 
3842 540 525 0 
3843 525 525 0 
