0 0.204992 0.0882082 0.0740006 
1 -0.189472 0.137799 -0.0197511 
2 0.135381 0.138086 0.133725 
3 0.150318 0.131763 0.123779 
4 0.119148 0.148226 0.138243 
5 0.108246 0.0891529 0.188714 
6 0.160946 0.159292 0.0632519 
7 -0.185766 -0.0754257 -0.122802 
8 0.146862 0.170987 0.0668813 
9 -0.0588086 0.0801681 0.213056 
10 -0.227463 0.0432629 0.0408324 
11 -0.186468 0.138078 -0.0379792 
12 0.184078 -0.111026 0.0952203 
13 -0.230732 0.0406786 0.0196576 
14 -0.0481484 0.169828 0.155301 
15 -0.0783745 0.0938644 0.200811 
16 -0.216351 0.0459416 -0.07975 
17 -0.21408 0.0692171 0.0682426 
18 -0.234423 -0.0069514 -0.0166139 
19 -0.233804 -0.0129585 -0.021125 
20 -0.234351 -0.0186272 -0.00331223 
21 -0.234652 -0.0125802 -0.00764922 
22 -0.234701 -0.0121878 0.00671342 
23 -0.23503 -0.00611766 -0.00137956 
24 -0.23477 -0.000784508 -0.0126735 
25 -0.232776 -0.00910594 -0.0317932 
26 -0.232284 -0.0162868 -0.0325154 
27 -0.233363 -0.00245889 -0.0285265 
28 -0.233636 -0.0189035 -0.0183018 
29 -0.233922 -0.0236339 -0.000587922 
30 -0.234043 -0.0190518 0.0117916 
31 -0.230157 -0.0190422 -0.0440823 
32 -0.192571 -0.134881 0.00141515 
33 -0.194637 -0.127666 -0.033108 
34 -0.188767 -0.112954 -0.0829866 
35 -0.185704 -0.131389 -0.0594095 
36 -0.200141 -0.117549 0.0374729 
37 -0.203698 -0.11706 0.00907821 
38 -0.198886 -0.11981 -0.0369886 
39 -0.192906 -0.106199 -0.0823853 
40 -0.19894 -0.00839124 -0.125023 
41 0.226267 0.00133863 0.0638713 
42 0.228844 0.011072 0.052785 
43 0.228428 0.0200902 0.0519183 
44 0.226038 0.00887317 0.0640806 
45 0.228067 -0.000375255 0.0571276 
46 0.230708 0.00943535 0.0443072 
47 0.230664 0.0197802 0.0410012 
48 0.21902 0.0603278 0.0605746 
49 0.219347 0.0524683 0.0664258 
50 0.219273 0.0440544 0.0725041 
51 0.222327 0.055231 0.0529013 
52 0.215851 0.0398125 0.084271 
53 0.217967 0.0342855 0.0811994 
54 0.215901 0.0562417 0.0741747 
55 0.185812 -0.14405 -0.00132036 
56 0.215828 0.0474763 0.0802648 
57 0.194021 -0.0580052 0.119455 
58 0.200026 -0.0558624 0.110214 
59 0.202818 -0.046409 0.109496 
60 0.200871 -0.0393443 0.115677 
61 0.212339 -0.0458506 0.089934 
62 0.219135 -0.0376224 0.0764378 
63 0.22316 -0.0252034 0.0695883 
64 0.212351 -0.0391915 0.0930014 
65 0.189402 -0.0739493 0.118053 
66 0.198006 -0.0684119 0.106732 
67 0.216443 -0.051152 0.0762506 
68 0.207844 -0.0601868 0.0919605 
69 0.225057 -0.0272183 0.0623447 
70 0.200696 -0.112936 0.0473794 
71 0.224488 -0.0380181 0.0586339 
72 -0.0722684 -0.191627 -0.115476 
73 0.188318 -0.137665 0.0293768 
74 -0.200441 -0.074828 -0.0974804 
75 0.194978 -0.113712 0.0658156 
76 -0.194809 0.0951169 -0.0909968 
77 -0.0965894 -0.214349 0.00176178 
78 -0.0641914 -0.213703 -0.0740864 
79 0.20493 -0.108374 0.0392075 
80 -0.0776409 -0.220786 0.0224471 
81 -0.14344 -0.115182 -0.146412 
82 0.229034 0.0466155 0.0254703 
83 -0.120337 -0.0645669 -0.191386 
84 -0.187827 0.100583 -0.0994109 
85 -0.111802 0.0275261 -0.20499 
86 0.231251 0.0359214 0.0226055 
87 -0.130187 -0.0272995 -0.193867 
88 -0.147459 -0.066258 -0.170716 
89 0.197458 -0.119752 0.0441405 
90 -0.201463 0.119374 0.0209935 
91 -0.209198 0.103697 0.027591 
92 -0.206195 0.105188 0.0412002 
93 -0.201724 0.11602 0.0335424 
94 -0.213061 0.0935284 0.0337004 
95 -0.210685 0.0933331 0.0466789 
96 -0.208576 0.1072 0.0168111 
97 -0.205391 0.112791 0.0192606 
98 -0.214558 0.0946336 0.0169592 
99 -0.170753 0.132777 -0.0921521 
100 -0.173863 0.141291 -0.0713226 
101 -0.174031 0.14864 -0.0538288 
102 -0.168542 0.149674 -0.0668543 
103 -0.176405 0.112842 -0.106893 
104 -0.175284 0.128864 -0.0891506 
105 -0.17849 0.135455 -0.0712148 
106 -0.179097 0.146972 -0.0400202 
107 -0.179669 0.124549 -0.0865159 
108 0.231229 0.028163 -0.0319109 
109 -0.232939 0.0213212 -0.0237282 
110 0.234889 0.0065268 -0.00792232 
111 0.232901 0.0168713 -0.0274038 
112 0.229225 -0.0522835 0.000792368 
113 0.227075 -0.0609273 0.00171379 
114 0.229477 -0.0502323 -0.00977286 
115 0.19249 -0.125022 0.0509438 
116 0.224704 -0.0691748 0.00104955 
117 0.226798 -0.0597266 -0.0165388 
118 0.228809 -0.0506164 -0.0190432 
119 0.225996 -0.0635663 0.012784 
120 0.223729 -0.0713355 0.0116078 
121 0.221302 -0.0787362 0.0102112 
122 -0.21262 0.100098 -0.0071713 
123 -0.220277 0.0820083 0.00555519 
124 0.208304 -0.0395416 0.101608 
125 -0.220579 0.0810613 -0.00721893 
126 -0.222476 0.0759419 0.00396958 
127 -0.218969 0.0841113 0.0160064 
128 -0.224288 0.0705193 -0.00059239 
129 0.222333 -0.073579 -0.0208009 
130 -0.218414 0.0866284 -0.00832116 
131 0.217529 -0.0277424 0.0847936 
132 0.213382 0.0916947 0.0365866 
133 0.220481 0.0799509 0.0165614 
134 0.218704 0.0854018 0.0123922 
135 0.182804 0.00313961 0.147822 
136 -0.215146 0.068201 -0.0658721 
137 0.218888 0.0772038 0.0374937 
138 0.225718 0.0653801 0.00741047 
139 0.225337 0.0670861 0.000959612 
140 0.229167 0.0513994 0.0109012 
141 0.0102457 -0.13485 -0.192325 
142 -0.222593 0.0645689 -0.0395155 
143 0.0349402 -0.135528 -0.188917 
144 -0.215858 0.0618814 -0.0696738 
145 -0.231061 -0.00682424 0.0429269 
146 0.0473854 -0.0549743 -0.223631 
147 0.071025 -0.0604416 -0.215825 
148 0.0227739 -0.197746 -0.125125 
149 -0.223963 0.0582102 -0.0415997 
150 -0.205951 0.103604 -0.0461377 
151 0.187319 -0.0816611 0.116282 
152 0.181997 -0.0773084 0.127196 
153 0.179529 -0.0853731 0.125535 
154 0.200088 -0.0711194 0.100921 
155 0.197917 -0.0776503 0.100388 
156 0.185014 -0.0687284 0.127767 
157 -0.0297335 -0.233103 -0.0075681 
158 -0.230983 0.00669151 0.0433657 
159 -0.0204677 -0.208231 -0.107235 
160 2.76111e-05 -0.203449 -0.117841 
161 -0.0568568 -0.221594 0.0542386 
162 0.198135 -0.122858 -0.0304422 
163 -0.0484305 -0.226275 -0.0416227 
164 0.186579 -0.142339 0.0143634 
165 0.201232 0.0687012 0.10032 
166 -0.188552 0.0727767 -0.120124 
167 -0.180444 0.110493 -0.102517 
168 -0.182359 0.0916212 -0.116743 
169 -0.18574 0.0699686 -0.126029 
170 -0.191246 0.0855639 -0.106687 
171 -0.183779 0.10861 -0.0985254 
172 0.194902 -0.131449 -0.00354118 
173 -0.226107 -0.064451 0.000346006 
174 -0.203952 0.099975 -0.0607206 
175 -0.224357 -0.0694399 -0.0109792 
176 -0.226725 -0.0590451 0.019687 
177 -0.227599 -0.057966 0.0108046 
178 -0.22153 -0.020784 -0.0759646 
179 -0.226488 -0.0621956 -0.0106306 
180 -0.228189 -0.0566398 0.000466417 
181 -0.228401 -0.0547219 -0.0108026 
182 -0.163635 0.167755 -0.0189834 
183 -0.169877 0.161458 0.0187465 
184 -0.163114 0.168937 0.0115012 
185 -0.15108 0.175607 -0.0401884 
186 -0.175106 0.147615 0.0531605 
187 -0.168828 0.154174 0.0548261 
188 -0.173528 0.15781 0.0161978 
189 0.217711 -0.0673006 -0.0578879 
190 -0.180061 0.142524 0.0504312 
191 -0.208017 0.0968549 -0.0512462 
192 0.182613 -0.123332 -0.0819761 
193 -0.216179 -0.0526631 -0.0759693 
194 0.195378 -0.086384 -0.0982022 
195 0.171423 -0.155481 -0.0414475 
196 -0.231916 -0.0159708 0.0351864 
197 0.22753 -0.0155657 0.0571502 
198 0.190883 -0.0830391 -0.109299 
199 0.168209 -0.150996 -0.0646849 
200 0.169939 0.0284141 0.159974 
201 0.17009 -0.00144846 0.162313 
202 0.174203 0.0284926 0.155305 
203 0.219138 -0.0576581 -0.0627092 
204 0.166425 -0.0268201 0.163895 
205 0.170715 -0.0261261 0.159537 
206 0.177687 0.0217116 0.152428 
207 0.183826 0.0404453 0.140892 
208 0.174501 -0.00549458 0.157472 
209 -0.215522 -0.0932783 0.0112934 
210 -0.214631 -0.0881675 0.0379278 
211 -0.218468 -0.0675904 0.0546047 
212 -0.217715 -0.0823622 0.0330873 
213 -0.221014 -0.0466106 0.0652561 
214 -0.2207 -0.0635029 0.0503722 
215 -0.211182 -0.0935876 0.043839 
216 -0.216308 -0.0662298 0.064054 
217 -0.219315 -0.0412663 0.074001 
218 -0.210183 -0.105003 0.00870299 
219 -0.212507 -0.100369 0.00671797 
220 -0.207289 -0.110618 0.00855909 
221 -0.234836 0.00553228 -0.00998913 
222 -0.2351 0.000600145 0.0024787 
223 -0.234487 0.0026977 0.0169427 
224 -0.234938 0.00722109 0.00548979 
225 -0.234737 -0.00481109 0.012396 
226 -0.199667 0.113809 0.0495871 
227 0.170984 -0.122919 0.104564 
228 0.174286 -0.123515 0.0982183 
229 0.183858 -0.106454 0.100708 
230 0.182961 -0.103435 0.10538 
231 0.182805 -0.0989813 0.109833 
232 0.173311 -0.111004 0.113665 
233 0.198809 -0.0853931 0.0919847 
234 0.166845 -0.124362 0.109431 
235 0.223454 0.0634244 0.0363863 
236 0.217832 0.0680775 0.0565078 
237 0.224266 0.0404055 0.0578846 
238 0.225053 0.0488298 0.047382 
239 0.222824 0.0307246 0.0684365 
240 0.226266 0.0570108 0.0288417 
241 -0.195496 0.0150592 -0.129741 
242 -0.208451 0.0304379 -0.104404 
243 -0.207401 0.106525 -0.0302546 
244 -0.198292 0.0327598 -0.122005 
245 -0.210467 0.0230639 -0.102226 
246 -0.216583 0.0292306 -0.0866936 
247 -0.199273 0.0195851 -0.123227 
248 -0.191231 -0.0040992 -0.136719 
249 -0.201761 0.0153523 -0.119729 
250 -0.138342 -0.174594 -0.0752114 
251 0.191216 0.0596579 0.123108 
252 0.190761 0.0474633 0.128979 
253 0.19296 0.0744356 0.111821 
254 -0.202964 0.109654 0.0453846 
255 0.185624 0.0568041 0.132648 
256 0.188545 0.07545 0.118475 
257 -0.226742 -0.037256 -0.0497825 
258 -0.225121 -0.0443402 -0.0513085 
259 -0.227317 -0.0482559 -0.0357276 
260 0.190779 -0.136474 0.01602 
261 -0.222199 -0.0298457 -0.0708172 
262 -0.221694 -0.0444642 -0.0644429 
263 -0.222579 -0.0511235 -0.0558868 
264 -0.225126 -0.0508974 -0.0447875 
265 -0.219471 -0.0518897 -0.0664704 
266 -0.210808 0.00436572 -0.104015 
267 -0.220213 0.0188391 -0.0801839 
268 -0.218399 0.0239663 -0.0837015 
269 -0.212473 0.0165703 -0.0992917 
270 -0.230206 0.024928 -0.0407702 
271 -0.22556 0.0256008 -0.0612 
272 -0.21928 0.00724675 -0.084512 
273 -0.222691 0.0135182 -0.0741895 
274 -0.230644 0.0187324 -0.0416027 
275 -0.0448599 -0.130353 0.190457 
276 -0.0425968 -0.207238 0.10255 
277 -0.0268561 -0.176688 0.152769 
278 0.196426 -0.0291713 0.125873 
279 -0.0183213 -0.227317 0.0571807 
280 -0.0634299 -0.168159 0.151583 
281 0.200952 -0.0202753 0.120355 
282 -0.0230245 -0.0844269 0.218221 
283 0.192362 -0.049541 0.125782 
284 -0.0344404 -0.0242426 0.23131 
285 0.164196 -0.112054 0.125546 
286 0.170531 -0.0992509 0.127854 
287 0.16705 -0.0940604 0.136107 
288 0.158807 -0.11487 0.12986 
289 0.175352 -0.0916962 0.126972 
290 0.172144 -0.082328 0.137357 
291 0.176906 -0.0996833 0.118515 
292 0.16836 -0.111591 0.120336 
293 0.183634 -0.0900575 0.115959 
294 -0.22757 -0.0216534 -0.054965 
295 0.188416 -0.0323959 0.136851 
296 0.212898 -0.0964907 -0.0253459 
297 0.208348 -0.108005 -0.0142917 
298 0.20803 -0.107188 -0.0226376 
299 0.211756 -0.0965737 -0.0333372 
300 0.216068 -0.0859164 -0.0348048 
301 0.108804 -0.192274 0.0804396 
302 0.0984892 -0.213133 0.0123443 
303 -0.226555 0.0193879 -0.0597952 
304 0.114029 -0.198068 -0.055179 
305 0.0957166 -0.192601 0.0949824 
306 0.2061 -0.0998327 0.0532402 
307 -0.199235 -0.0517921 -0.113584 
308 -0.227687 0.0523522 -0.0263851 
309 0.200768 -0.104378 0.0638431 
310 0.212518 -0.097629 0.0241431 
311 0.214194 -0.0923528 0.0295017 
312 0.215994 -0.0866224 0.0334867 
313 0.210565 -0.0961156 0.0412597 
314 0.216972 -0.0887106 0.0182145 
315 0.219137 -0.0824549 0.0214096 
316 0.221258 -0.0759809 0.0234528 
317 -0.175454 0.0832236 -0.132544 
318 -0.176691 0.0355217 -0.150986 
319 -0.182799 0.000836451 -0.147859 
320 -0.181726 0.047474 -0.141422 
321 -0.168373 -0.0117361 -0.16368 
322 -0.17588 -0.0245462 -0.154084 
323 -0.166347 0.047932 -0.159089 
324 -0.170595 0.0826877 -0.139062 
325 0.226434 -0.0580805 0.0251536 
326 -0.210844 0.101505 -0.0227972 
327 -0.209493 0.0998694 -0.0376461 
328 -0.215754 0.0116628 -0.0926969 
329 -0.213797 0.096319 -0.0170778 
330 -0.204293 0.110258 -0.0372235 
331 -0.204914 0.11336 -0.0209342 
332 -0.218272 -0.0442898 -0.0753275 
333 -0.222321 0.0224433 0.0731296 
334 -0.225097 -0.0319754 -0.0598923 
335 -0.206306 0.0928032 -0.0640612 
336 -0.202045 0.106992 -0.054853 
337 0.23236 -0.0100863 0.0344278 
338 -0.0766071 -0.0164828 -0.221671 
339 -0.234663 0.0122387 -0.00786656 
340 -0.0492875 0.0638124 -0.220855 
341 0.234034 0.00470869 0.0220069 
342 -0.0602657 0.123106 -0.191027 
343 0.195103 -0.103305 0.0808779 
344 -0.0752186 0.0600625 -0.214506 
345 -0.0973221 -0.00364543 -0.213994 
346 -0.079547 0.13671 -0.173956 
347 0.221831 -0.0207711 0.0750872 
348 0.21428 -0.0290166 0.0923061 
349 0.210491 -0.0300401 0.100347 
350 0.230671 -0.00555036 0.0451464 
351 0.189472 -0.118617 0.0728613 
352 -0.141992 0.0552844 -0.179054 
353 -0.19581 0.107627 -0.0731651 
354 -0.126839 0.0676331 -0.186054 
355 -0.143573 0.000253162 -0.186186 
356 0.196407 -0.121746 -0.0433647 
357 -0.162034 -0.0269356 0.168219 
358 -0.140695 0.117024 -0.14761 
359 -0.157719 -0.000634636 -0.174364 
360 0.203247 0.034139 0.113152 
361 0.206786 0.0311324 0.107465 
362 0.208458 0.0418126 0.100376 
363 0.205448 0.0462747 0.104537 
364 0.209158 0.0261782 0.104145 
365 0.211802 0.0391504 0.0942636 
366 -0.22356 -0.0381052 -0.0620277 
367 0.201013 0.0228499 0.119791 
368 0.204454 0.0188938 0.114541 
369 0.199427 0.0118693 0.123961 
370 0.212655 0.0500927 0.0868733 
371 0.209447 0.0515755 0.0935421 
372 -0.223457 -0.0573644 -0.045327 
373 0.187655 -0.110926 0.0880886 
374 -0.224084 -0.0625515 -0.0339412 
375 -0.225986 -0.0555967 -0.0334325 
376 -0.220525 -0.0586355 -0.056648 
377 -0.221552 -0.0639312 -0.0458879 
378 -0.221871 -0.0696268 -0.0346925 
379 -0.233103 0.0259182 -0.0164167 
380 -0.234275 0.0193368 -0.00440654 
381 -0.233886 0.0176179 0.0162852 
382 -0.233752 0.0241856 0.00729503 
383 -0.23353 0.0160677 -0.0219959 
384 -0.234633 0.0136582 0.00626777 
385 0.0524765 -0.15252 -0.171062 
386 0.181626 -0.121462 0.0868172 
387 0.0846199 -0.0874879 -0.201156 
388 0.060672 -0.182679 -0.135003 
389 0.177761 -0.132799 0.0777425 
390 0.113342 -0.0435636 -0.201331 
391 0.0909015 -0.127436 -0.175429 
392 0.0787771 -0.186827 -0.119029 
393 0.137736 -0.0307021 -0.188055 
394 0.0308269 -0.218231 -0.0818731 
395 0.0446952 -0.227131 -0.0411364 
396 0.185629 -0.127813 0.0669628 
397 -0.0317341 0.0340317 -0.230463 
398 -0.223859 0.0578141 0.0426985 
399 -0.228202 -0.0414815 -0.0384879 
400 -0.021503 0.116928 -0.202839 
401 -0.0226488 0.195992 -0.127877 
402 0.225674 -0.0416047 -0.051173 
403 -0.00589357 0.216549 -0.0913792 
404 0.0623149 0.104807 0.201024 
405 -0.0364417 0.230963 -0.0246246 
406 0.231002 -0.0412922 0.0145443 
407 -0.0487406 0.213444 -0.0856996 
408 -0.0403888 0.1587 -0.168705 
409 -0.229466 0.0509328 -0.0054461 
410 -0.194934 -0.114724 0.0641671 
411 -0.225429 0.0663734 -0.0073994 
412 -0.183178 -0.143753 -0.0325425 
413 -0.182522 -0.110879 -0.0983351 
414 -0.174262 -0.098766 -0.123111 
415 -0.191137 -0.083976 -0.108135 
416 -0.202198 -0.0834716 0.0861777 
417 0.229891 -0.0285621 -0.0401564 
418 -0.206861 -0.099224 0.0513938 
419 -0.19781 -0.025373 0.124522 
420 0.231596 -0.0233079 -0.0331437 
421 -0.203006 -0.00674777 0.118412 
422 -0.205469 0.0866958 -0.074462 
423 -0.183038 0.0497104 0.138939 
424 -0.1893 0.0547928 0.128225 
425 -0.212547 0.0819603 -0.0581775 
426 -0.183348 0.00192236 0.147167 
427 -0.167372 0.0665965 0.151095 
428 -0.0928958 0.1622 0.142618 
429 -0.120331 0.0865106 0.182523 
430 -0.0995836 0.0914886 0.192331 
431 -0.224899 -0.0523985 0.0441955 
432 -0.208917 0.0861077 -0.0649415 
433 -0.124221 0.00144445 0.199613 
434 0.195419 -0.120084 -0.0516668 
435 -0.220283 -0.0368014 -0.0734813 
436 -0.143846 0.0649484 0.174265 
437 0.214631 0.0959437 0.00256963 
438 0.207757 0.10558 0.0311182 
439 0.208474 -0.00637542 0.108518 
440 0.216937 0.090295 0.00795364 
441 0.224705 0.0561164 0.0404576 
442 0.223758 0.0711073 -0.0124198 
443 0.208787 0.107921 0.00627722 
444 0.200976 0.113845 0.0438906 
445 0.217598 0.087249 -0.0178092 
446 -0.215675 0.0933167 0.00740241 
447 -0.212585 0.100225 0.00639669 
448 0.188825 0.110021 0.0867115 
449 -0.215743 0.0932189 -0.00659119 
450 0.228547 -0.0540003 0.0113429 
451 -0.209508 0.106446 0.00733907 
452 -0.20678 0.111686 -0.00682988 
453 -0.210259 0.0726689 -0.0760848 
454 -0.227572 -0.029254 -0.0513197 
455 -0.227704 -0.0142238 -0.0568065 
456 -0.224578 -0.0168995 -0.0675099 
457 -0.229941 -0.0263324 -0.0413766 
458 -0.230483 -0.0118006 -0.0449074 
459 0.229899 0.0488418 -0.00627589 
460 0.231922 0.0385348 -0.00232601 
461 0.229777 0.0480394 -0.0131615 
462 0.224671 0.0690888 -0.00529931 
463 -0.206009 0.0788819 -0.0813411 
464 -0.200849 0.0751817 -0.096362 
465 0.218616 -0.0529605 0.068416 
466 -0.224766 0.052522 -0.044721 
467 -0.192775 0.0245359 -0.132341 
468 -0.190548 0.0447417 -0.130261 
469 -0.188348 0.0296671 -0.137561 
470 -0.183241 0.0654488 -0.131975 
471 -0.195349 0.0390962 -0.124854 
472 -0.192065 0.054186 -0.124312 
473 0.229559 -0.00266291 0.0507314 
474 -0.215961 0.0556834 -0.0744201 
475 0.196185 -0.126706 0.0271188 
476 0.198606 -0.125221 -0.0123988 
477 0.232274 0.0178656 0.0317459 
478 -0.21351 0.0828166 0.0532296 
479 -0.220136 -0.0775481 0.0283651 
480 -0.217969 -0.0873749 0.0115522 
481 -0.221862 -0.0658646 0.0414392 
482 0.223012 -0.00392535 0.0743544 
483 0.222258 0.00382298 0.0765836 
484 0.224184 -0.00968092 0.0701867 
485 -0.233674 0.00375524 -0.0257028 
486 -0.233692 0.00984253 -0.0238646 
487 0.192854 -0.0866119 0.102878 
488 -0.217182 -0.0350451 -0.0829596 
489 -0.152824 0.076798 -0.161323 
490 -0.152161 0.136826 -0.115776 
491 0.191022 -0.135995 -0.0171485 
492 -0.233053 0.0306363 -0.00511217 
493 -0.232297 0.0283133 0.0226867 
494 -0.232184 0.0345493 0.0132303 
495 -0.231435 0.0358761 -0.0207093 
496 -0.226771 0.0369991 -0.0498407 
497 -0.229951 0.0312557 -0.037733 
498 0.126087 0.0872226 0.178249 
499 0.0813153 0.0240785 0.219286 
500 0.100696 0.0211732 0.211401 
501 -0.208101 0.0965121 0.0515547 
502 0.221376 0.0379337 0.0695125 
503 0.120268 0.0317635 0.199512 
504 -0.223795 -0.0720702 0.000195411 
505 -0.221954 -0.0765744 -0.0122999 
506 -0.225316 -0.0662174 0.0112327 
507 -0.217157 0.0716805 0.0546165 
508 -0.0872006 0.0011464 0.218342 
509 -0.0702871 0.169312 0.147212 
510 -0.199778 0.103194 -0.0686898 
511 0.214073 -0.0144313 0.0961385 
512 0.21916 -0.00966887 0.0845805 
513 0.218457 -0.00377347 0.086836 
514 0.215012 -0.0206763 0.0928473 
515 0.219715 -0.0170018 0.0819424 
516 0.209684 -0.0240094 0.103608 
517 -0.210439 -0.0291089 -0.100729 
518 -0.210678 -0.0163038 -0.103089 
519 -0.208526 -0.00778769 -0.108326 
520 -0.204331 -0.0305441 -0.112223 
521 -0.210208 0.081914 0.06619 
522 -0.214449 -0.0144981 -0.0952882 
523 0.222307 0.0473466 0.060135 
524 -0.139665 -0.189135 -0.000144947 
525 -0.216877 -0.00733132 -0.090493 
526 0.000410673 0.15284 -0.178656 
527 -0.00612088 0.0502491 -0.229599 
528 0.0100559 0.23134 -0.040732 
529 -0.198544 0.086874 -0.0911676 
530 0.227754 -0.0230909 -0.0536032 
531 0.22545 -0.022781 -0.0627009 
532 0.231474 0.00220867 -0.0411495 
533 0.231698 -0.00641136 -0.0394128 
534 0.220613 -0.0398235 -0.0708692 
535 0.221772 -0.0447594 -0.0639697 
536 0.22798 -0.000796504 -0.0574703 
537 0.231037 0.0101787 -0.0423846 
538 0.223418 -0.0218886 -0.069883 
539 0.191421 0.0148066 0.135709 
540 0.196262 0.0364345 0.124226 
541 0.18772 0.0264453 0.139069 
542 0.186632 0.0155694 0.142142 
543 0.199464 0.0474857 0.115055 
544 -0.222242 0.0715192 0.0277807 
545 0.197253 0.0257584 0.125325 
546 0.195274 0.0118434 0.130408 
547 0.200738 0.0390917 0.115993 
548 -0.228057 -0.00698247 -0.056741 
549 -0.225432 -0.000900081 -0.0667688 
550 -0.224739 -0.00924813 -0.0684475 
551 -0.22757 -0.0274994 0.0522868 
552 -0.231107 -0.00487403 -0.0429423 
553 -0.228896 -0.000744991 -0.0537083 
554 -0.176896 0.152175 -0.0287915 
555 0.176963 -0.150504 0.0362041 
556 -0.221526 -0.00503622 -0.0786076 
557 -0.231487 0.00201948 -0.0410852 
558 -0.202868 -0.0637282 -0.100308 
559 -0.203134 -0.0797303 -0.0875091 
560 -0.208786 -0.0773979 -0.0754746 
561 -0.208349 -0.0630665 -0.0888346 
562 -0.21209 -0.072484 -0.0710097 
563 -0.21111 -0.0635662 -0.0816719 
564 -0.206306 -0.0469138 -0.102544 
565 -0.202454 -0.0463296 -0.110201 
566 -0.211561 -0.0408659 -0.0940764 
567 -0.194543 0.120119 -0.0547993 
568 -0.198317 0.11772 -0.0457226 
569 -0.198337 0.122384 -0.0310307 
570 -0.195445 0.123688 -0.0422025 
571 -0.201016 0.112759 -0.0464336 
572 -0.22507 0.0189287 0.0652962 
573 -0.201758 0.116406 -0.0319645 
574 0.232862 0.0253149 0.0203171 
575 -0.194415 0.128477 -0.0312207 
576 -0.19799 0.111774 -0.0598729 
577 0.181405 -0.143384 0.0425632 
578 -0.21568 -0.0932647 -0.00789154 
579 -0.223561 -0.0642472 0.0342217 
580 -0.158697 -0.115432 -0.129496 
581 0.175361 -0.143116 0.0635964 
582 -0.151515 -0.161396 -0.0791996 
583 -0.111442 0.112208 -0.173978 
584 -0.192134 0.0724695 -0.114504 
585 -0.0940609 0.0813807 -0.19952 
586 -0.125364 -0.0918057 0.176448 
587 0.23247 -0.0330318 -0.0120293 
588 -0.118745 -0.17192 0.107803 
589 0.182937 -0.136679 0.0559573 
590 -0.118195 -0.2031 0.00765547 
591 -0.228115 -0.043362 0.0368999 
592 -0.141965 -0.133139 0.131903 
593 -0.14554 -0.0617491 0.174022 
594 -0.135705 -0.179024 0.0693764 
595 -0.213007 0.0950379 -0.0295689 
596 -0.230404 -0.0148022 0.0444198 
597 0.234958 -0.00095919 0.00849849 
598 0.232784 -0.0182624 0.0275045 
599 0.234274 0.0165904 -0.0108929 
600 0.23468 0.014267 0.000309313 
601 0.197342 0.0724028 0.105319 
602 0.205707 -0.0998919 -0.0546321 
603 0.209841 -0.0848734 -0.0635739 
604 -0.205108 -0.0129704 -0.114197 
605 -0.207263 0.0058659 -0.110842 
606 0.200536 -0.11506 -0.0427204 
607 0.205694 -0.0929755 -0.0657562 
608 0.181974 0.0184072 0.147733 
609 -0.210073 0.105504 -0.00406603 
610 0.209265 -0.0990397 -0.04096 
611 0.214222 -0.0871784 -0.0422739 
612 0.207377 -0.106499 -0.0305111 
613 -0.176478 -0.154166 -0.0191467 
614 -0.168342 -0.163945 -0.00782621 
615 -0.180136 -0.141226 0.0537081 
616 0.187013 0.00308119 0.14246 
617 -0.232126 -0.033372 -0.0168037 
618 -0.187248 -0.106318 0.0944082 
619 -0.170108 -0.145688 0.0715289 
620 -0.198876 0.0540765 -0.113148 
621 -0.175541 -0.0958989 0.12356 
622 -0.161555 -0.150903 -0.0800409 
623 -0.170381 -0.140465 -0.0807367 
624 -0.232418 -0.0353136 -0.00361398 
625 -0.19043 0.133499 -0.0345401 
626 -0.190306 0.124083 -0.0605411 
627 -0.190853 0.116289 -0.0730096 
628 -0.183011 0.136314 -0.0565995 
629 -0.182787 0.142303 -0.040214 
630 -0.187536 0.117254 -0.0797493 
631 -0.0962616 -0.197326 -0.0841106 
632 -0.23317 -0.0294127 -0.00670301 
633 -0.201229 0.120107 -0.0189636 
634 -0.229576 0.00022549 0.0507242 
635 -0.197331 0.126546 -0.0180234 
636 -0.227168 -0.014036 0.058959 
637 -0.20354 0.117468 -0.00714754 
638 -0.200026 0.123431 -0.00571809 
639 0.0491201 0.228634 -0.024327 
640 0.225188 -0.037317 -0.0563565 
641 0.0413507 0.159841 -0.16739 
642 0.0375816 0.215355 -0.0865343 
643 0.0578845 0.123402 -0.191571 
644 0.230581 -0.0169514 -0.0426991 
645 0.0641524 0.1901 -0.122576 
646 0.228591 -0.0405409 -0.037159 
647 0.195733 0.0488103 0.120767 
648 -0.199608 0.124037 0.00707163 
649 -0.202844 0.118621 0.00783657 
650 -0.20602 0.113138 0.00582266 
651 -0.229148 -0.0320591 0.0417324 
652 -0.196195 0.129465 -0.00495426 
653 -0.228069 0.0569841 0.00397411 
654 -0.227047 0.0582596 0.0182746 
655 -0.223942 0.0702413 0.0139412 
656 -0.185093 0.142082 0.0288365 
657 -0.222753 0.0653468 0.037274 
658 -0.221548 0.0767476 0.0174511 
659 -0.227034 0.0533236 0.0298429 
660 -0.186374 0.0904189 -0.111209 
661 -0.222145 0.0553863 0.0534986 
662 0.21187 0.0876233 0.0520711 
663 0.199011 0.0839255 0.0928951 
664 0.202908 0.0783115 0.0892966 
665 0.214231 0.0813781 0.0525464 
666 -0.157493 -0.174568 0.000651576 
667 0.195579 0.0900993 0.0943889 
668 0.207125 0.0935182 0.0602665 
669 0.00104076 0.212299 0.101027 
670 0.205534 -0.0357375 0.108429 
671 0.0202582 0.233836 0.0137325 
672 0.176301 -0.155535 -0.00225824 
673 0.201817 0.104978 0.0593943 
674 0.0273607 0.219449 0.079825 
675 -0.21826 0.0270794 0.0831122 
676 -0.213063 0.0411399 0.0904987 
677 -0.217176 0.0371322 0.0820619 
678 -0.223166 0.0290268 0.0680627 
679 -0.217945 0.041567 0.0777845 
680 0.181084 -0.14995 -0.00138587 
681 -0.20719 0.0619355 0.0922736 
682 -0.203154 0.0664408 0.0979406 
683 -0.20886 0.0632382 0.0875026 
684 -0.117674 0.172282 -0.108398 
685 0.233909 0.0190583 0.0142 
686 -0.128348 0.144728 -0.133637 
687 -0.231446 -0.0301395 -0.0283277 
688 -0.181199 0.149443 0.0105828 
689 -0.007654 -0.139626 0.189008 
690 -0.00308701 -0.208023 0.109523 
691 0.0138795 -0.177363 0.153714 
692 0.0137861 -0.094034 0.215048 
693 -0.211353 -0.0811799 -0.0633895 
694 0.0241138 -0.224459 0.0656873 
695 0.18294 0.137936 0.0527728 
696 0.206207 0.102416 -0.0476216 
697 0.191687 0.136047 -0.0050416 
698 0.172919 0.147775 0.0594978 
699 0.208163 0.0446332 -0.0997715 
700 0.199087 0.106689 -0.0652691 
701 0.199171 0.124918 -0.00214146 
702 0.212886 0.092787 -0.0367221 
703 0.215305 0.0629382 -0.070433 
704 -0.212657 -0.0865029 -0.0507195 
705 0.193124 0.128556 0.0381392 
706 0.227279 -0.0596153 -0.00829194 
707 0.227029 -0.0554369 -0.0257447 
708 -0.214182 -0.0779568 -0.0576811 
709 0.222024 -0.0766892 -0.0101146 
710 0.224541 -0.0634062 -0.0289719 
711 0.218407 -0.087043 -0.000557818 
712 -0.035832 -0.0460154 -0.227765 
713 -0.0571426 -0.0353832 -0.225302 
714 0.22824 -0.042992 0.0365581 
715 0.214478 -0.00679044 0.0960791 
716 0.205124 -0.0270528 0.111672 
717 0.188386 -0.114689 0.0814593 
718 0.218466 0.00361633 0.0868213 
719 0.205015 -0.0176382 0.113737 
720 0.213116 -0.00216483 0.0992725 
721 0.228025 -0.0507498 0.026592 
722 0.226638 0.0614193 0.0118833 
723 0.200552 -0.0301589 0.118945 
724 0.201884 -0.0910881 0.0788934 
725 0.153723 -0.0611829 0.167045 
726 0.218101 -0.0682286 0.0552713 
727 0.15532 -0.0111465 0.176153 
728 0.146958 -0.0528132 0.175763 
729 0.227977 -0.0255004 0.0515227 
730 0.146729 -0.0120285 0.183315 
731 0.161237 -0.0314396 0.168204 
732 0.164601 0.000690267 0.167882 
733 0.164601 0.0312346 0.164953 
734 0.159006 -0.0739187 0.156625 
735 0.147745 -0.111256 0.145162 
736 0.1654 -0.0545978 0.157925 
737 0.0733789 0.218134 -0.0480755 
738 0.0904185 0.173612 -0.130237 
739 0.0788844 0.116907 -0.188118 
740 0.225895 0.0620316 0.0200429 
741 0.0974817 0.204907 -0.0615516 
742 0.102039 0.103541 -0.184785 
743 0.169693 -0.0481464 0.15545 
744 0.177828 0.0508735 0.145146 
745 0.176613 0.0619654 0.14229 
746 -0.218736 0.0507146 0.0697196 
747 -0.026578 -0.18283 -0.145413 
748 -0.00304389 -0.0998015 -0.212858 
749 0.0270833 -0.0369746 -0.230603 
750 -0.0380099 -0.158239 -0.169688 
751 0.204122 -0.0923979 0.0712392 
752 -0.015806 -0.05932 -0.226957 
753 0.20907 -0.107274 -0.0077722 
754 0.203752 -0.117295 -0.00225656 
755 0.203561 -0.117004 -0.0122988 
756 0.199393 -0.124551 -0.00278405 
757 0.228288 0.0525438 0.0200548 
758 0.218064 -0.0716143 0.0509693 
759 0.167297 -0.165137 -0.00443139 
760 0.171791 -0.160485 -0.0032754 
761 0.168512 -0.161186 0.0300174 
762 0.164097 -0.165354 0.0317607 
763 0.175514 -0.152805 -0.0335206 
764 0.179285 -0.149571 -0.0276349 
765 -0.214857 0.00219644 -0.095447 
766 0.173293 -0.157206 0.0231155 
767 0.183013 -0.145814 -0.0228643 
768 -0.231535 0.0135222 -0.0385609 
769 -0.0467015 -0.125727 -0.193106 
770 -0.228026 0.0128486 -0.0558342 
771 -0.0993111 -0.184375 0.10687 
772 -0.233366 -0.0278965 0.00635079 
773 -0.233221 -0.0174953 0.0240898 
774 -0.234059 -0.0109229 0.0193689 
775 -0.218522 -0.000473612 -0.0867529 
776 -0.233709 -0.00260509 0.0255237 
777 -0.230544 0.045798 0.00549694 
778 -0.230781 -0.0326971 0.0308086 
779 -0.223205 0.0477646 0.0563586 
780 0.114556 0.166932 -0.119536 
781 0.12455 0.102477 -0.171067 
782 0.112572 0.204943 -0.0245794 
783 0.104078 0.0179381 -0.210058 
784 -0.231838 -0.0336776 0.0198864 
785 0.232128 0.0344053 0.0145329 
786 0.206391 0.072687 0.0860088 
787 0.212928 0.0709492 0.0700454 
788 0.204856 0.0640098 0.0959956 
789 0.20947 0.066572 0.0834803 
790 0.215057 0.0641565 0.070092 
791 0.207544 0.0579094 0.0940767 
792 -0.159981 0.140968 -0.0990588 
793 -0.161889 0.0997841 -0.138251 
794 -0.167303 0.114911 -0.118674 
795 -0.165646 0.137893 -0.0939434 
796 -0.172383 0.112716 -0.113391 
797 0.206371 -0.0514495 -0.100211 
798 0.207601 -0.106358 0.0294681 
799 0.216037 -0.016407 -0.0913083 
800 0.209545 -0.0513979 -0.0934198 
801 0.199782 -0.0849285 -0.0902929 
802 0.180589 -0.147844 0.0284266 
803 0.211754 -0.0535028 -0.087041 
804 0.230539 -0.0410129 -0.021168 
805 0.231156 -0.0414865 -0.0111408 
806 0.222172 -0.0518765 -0.0568062 
807 -0.229942 -0.0490384 -0.000228547 
808 0.231879 -0.031555 -0.0226917 
809 0.190055 -0.13394 -0.034892 
810 0.232988 0.0304386 0.008273 
811 0.211979 0.0596578 0.0823671 
812 0.21827 -0.0753242 -0.0443009 
813 0.221982 -0.0635344 -0.0443338 
814 0.221314 -0.0735039 -0.0299299 
815 0.219915 -0.0744398 -0.0370742 
816 0.225577 -0.051532 -0.0416887 
817 0.221519 0.0628897 0.0474629 
818 0.21616 -0.0770465 -0.051158 
819 0.227448 -0.039667 -0.0444121 
820 0.164995 -0.0764248 -0.149044 
821 0.136619 -0.163507 -0.0993937 
822 0.147824 -0.110123 -0.145942 
823 0.230482 0.0436597 0.0158183 
824 -0.234034 0.0102681 0.0200274 
825 0.12539 -0.159176 -0.119242 
826 0.229706 0.0501061 0.00174965 
827 0.152215 -0.143908 -0.106768 
828 0.124871 -0.194694 -0.0421873 
829 0.172258 0.0165457 -0.159159 
830 -0.179785 0.151185 -0.00993139 
831 0.178086 -0.0489415 -0.145493 
832 0.203358 0.0530653 0.105395 
833 0.202113 0.00696974 0.119917 
834 0.196993 0.000830881 0.128341 
835 0.21153 0.021756 0.1003 
836 0.213634 0.0320043 0.0928149 
837 0.207381 0.0134059 0.109962 
838 0.205186 -0.0398674 -0.107645 
839 0.214453 0.00235613 -0.0963472 
840 -0.205985 0.0813126 0.0789728 
841 0.153261 -0.177124 -0.0204055 
842 0.222138 0.074003 0.0213648 
843 0.148012 -0.179975 0.0313023 
844 0.140491 -0.186925 0.0244905 
845 0.158677 -0.172953 -0.0136784 
846 0.153782 -0.175038 0.031484 
847 0.163101 -0.169259 -0.00525458 
848 0.159123 -0.170114 0.0319254 
849 -0.199641 0.0696966 -0.102783 
850 0.201925 -0.0097922 -0.120037 
851 -0.219221 -0.0835677 -0.0153951 
852 0.191198 -0.0238152 -0.134738 
853 0.197254 0.0566865 -0.114698 
854 0.209546 -0.105842 0.0128918 
855 -0.169875 0.1619 -0.0144637 
856 -0.16206 0.158022 -0.0635935 
857 -0.171426 0.155473 -0.0414665 
858 -0.192228 0.117779 0.0667451 
859 -0.189198 0.119264 0.0725153 
860 -0.186781 0.133596 0.0504294 
861 -0.182164 0.144143 0.036297 
862 -0.21636 -0.0897184 -0.0204309 
863 -0.184508 0.123749 0.0769501 
864 -0.212947 -0.0550656 0.0830638 
865 -0.216154 -0.0280136 0.0881538 
866 0.198996 -0.121015 0.0321555 
867 -0.218266 -0.0145282 0.0861806 
868 -0.221158 -0.024215 0.0760341 
869 -0.21182 0.00922534 0.101615 
870 0.211802 0.0136268 0.101156 
871 0.204376 0.00192852 0.116211 
872 0.232342 -0.0134514 -0.0333859 
873 0.0786666 -0.119387 0.186646 
874 0.21226 -0.0730096 -0.0699539 
875 0.0974972 -0.0451791 0.209121 
876 -0.214335 -0.0894911 -0.0364739 
877 0.0550195 -0.131545 0.186941 
878 0.0765742 -0.0559808 0.21513 
879 0.0856644 -0.162593 0.146641 
880 -0.191714 0.131584 0.0347813 
881 0.0645874 -0.178138 0.139189 
882 0.0817021 -0.206932 0.076041 
883 0.0795571 -0.221205 0.004171 
884 0.0601124 0.0333775 0.224835 
885 0.0880925 0.0992813 0.194065 
886 0.231367 0.0413271 0.00631174 
887 0.0196096 0.190072 -0.13699 
888 0.0186756 0.108875 -0.207547 
889 -0.196021 0.0706398 -0.108923 
890 0.0365799 0.0675961 -0.222196 
891 0.0112918 0.00660045 -0.234749 
892 0.0569333 0.0378215 -0.224959 
893 0.134533 -0.100028 -0.164844 
894 0.100017 -0.202991 -0.063793 
895 0.15705 -0.0346638 -0.1715 
896 0.229058 -0.0445745 -0.0287018 
897 0.209342 -0.0642495 0.0855929 
898 0.220322 -0.0544201 0.0614402 
899 0.14894 -0.144992 0.109875 
900 0.200986 -0.102445 -0.0662407 
901 0.155375 -0.137291 0.110851 
902 0.226686 -0.0522285 -0.0341146 
903 -0.178617 0.142167 -0.0562399 
904 0.160306 -0.133855 0.107997 
905 0.152141 -0.161801 0.0771489 
906 0.144025 -0.172972 0.0679408 
907 0.156629 -0.160348 0.0709521 
908 0.202163 -0.0861199 -0.0836159 
909 0.205136 -0.0842699 -0.0780774 
910 0.195008 -0.115615 -0.0623173 
911 0.195333 -0.10666 -0.0758071 
912 0.211253 -0.0635068 -0.0813465 
913 0.208839 -0.0788358 -0.0738216 
914 -0.224459 0.0311979 -0.0626363 
915 -0.184576 0.145449 0.00738705 
916 0.119655 -0.0179327 0.201592 
917 -0.18568 0.142628 -0.0214139 
918 -0.188827 0.14001 -0.00445056 
919 0.100581 -0.0986125 0.188248 
920 -0.0855114 -0.096947 -0.196386 
921 -0.20713 -0.0955147 -0.0570313 
922 -0.0968917 -0.159346 -0.143175 
923 -0.114864 -0.146053 -0.144059 
924 -0.105313 -0.0816152 -0.193718 
925 -0.131147 -0.131728 -0.143967 
926 0.22927 0.0287327 -0.0434536 
927 0.227971 0.043911 -0.0371398 
928 0.228347 -0.0286405 -0.0481205 
929 0.22736 0.0158623 -0.0577413 
930 0.226991 0.0388897 -0.0473388 
931 0.230376 0.0189414 -0.0429712 
932 0.228473 0.0126432 -0.0540236 
933 0.137751 -0.185276 -0.0444506 
934 0.129276 -0.195618 0.0173167 
935 0.162748 -0.139117 -0.0971484 
936 -0.217317 -0.0842963 -0.0307547 
937 -0.215734 -0.082268 -0.0443747 
938 -0.210832 -0.0934975 -0.0456787 
939 -0.213162 -0.0954055 -0.0271669 
940 -0.219934 -0.0792494 -0.0250375 
941 -0.217075 -0.0746458 -0.0508396 
942 -0.218483 -0.0867503 -0.00421834 
943 0.220379 0.0704827 0.0417586 
944 0.223102 0.0684571 0.0285944 
945 -0.20575 -0.0861187 -0.0743565 
946 0.22894 -0.0361292 0.0394876 
947 0.223853 -0.0525257 -0.0490818 
948 0.234275 -0.0137228 0.0143321 
949 -0.22584 -0.0379645 0.0532266 
950 -0.224436 -0.0337494 0.0613811 
951 -0.224917 -0.0079744 0.0680237 
952 -0.22564 -0.0222389 0.0622106 
953 -0.223159 -0.0181601 0.0717535 
954 -0.222515 -0.00170702 0.0759122 
955 -0.223601 -0.0509262 0.0518388 
956 0.220136 -0.0645181 -0.0515354 
957 -0.222822 -0.0388946 0.0641555 
958 0.124453 -0.0590476 0.190534 
959 -0.218085 -0.0167406 -0.0862391 
960 0.140606 0.0512996 0.181319 
961 0.223548 -0.0627019 -0.0370568 
962 0.210882 -0.102285 0.018573 
963 0.209455 -0.100802 0.0352982 
964 0.202427 -0.114436 0.0347243 
965 -0.214953 0.0910135 0.0281066 
966 0.215404 -0.0934526 0.012084 
967 -0.232073 -0.024728 0.0284396 
968 -0.232359 -0.0348056 0.00873162 
969 -0.231101 -0.0420531 0.0101122 
970 -0.230462 -0.0416436 0.0207651 
971 -0.229535 -0.049758 0.0107787 
972 -0.228777 -0.0501891 0.0205068 
973 -0.229442 -0.0413267 0.0304467 
974 -0.230624 -0.0240015 0.0389233 
975 -0.227423 -0.0524691 0.0283523 
976 0.231061 -0.0434621 -0.000169894 
977 -0.224699 0.00732053 -0.0688111 
978 -0.231363 0.00830087 -0.0409973 
979 -0.208035 -0.0368108 -0.103173 
980 0.147337 -0.180479 -0.0315807 
981 -0.164094 0.029853 0.165712 
982 -0.141929 0.116083 0.14717 
983 -0.118994 0.141399 0.145345 
984 -0.213933 -0.0332209 -0.0916914 
985 -0.194497 -0.083178 -0.102619 
986 0.223537 -0.0626145 0.0372697 
987 0.225272 -0.0547624 0.0391404 
988 0.210806 -0.0810045 0.0654026 
989 0.210554 -0.0859657 0.0596267 
990 0.215236 -0.0572876 -0.0752993 
991 0.20213 -0.0984451 0.0687766 
992 0.221695 -0.0591342 0.0513111 
993 0.210911 -0.0761626 0.0706684 
994 0.192512 -0.101321 0.0891713 
995 0.210797 0.0772489 0.0698243 
996 0.230326 -0.0407275 0.0238621 
997 0.23226 -0.0309759 0.0193454 
998 0.233206 0.00970581 -0.0282667 
999 0.235027 -0.00237075 -0.00592569 
1000 0.234666 -0.00366792 -0.0140293 
1001 0.233297 0.00234434 -0.0290778 
1002 0.232913 -0.0249324 0.0202013 
1003 0.234612 -0.0153069 0.00117706 
1004 0.21726 -0.0857953 -0.0267513 
1005 0.213324 -0.0973147 -0.0173463 
1006 0.212537 -0.100302 -0.00676934 
1007 0.216391 -0.09068 -0.0151712 
1008 0.210966 -0.103736 0.00328026 
1009 0.20728 -0.110953 0.00159222 
1010 0.206195 -0.112313 0.0121494 
1011 0.0330697 -0.131449 0.192109 
1012 -0.225758 0.0500557 0.0424961 
1013 0.055825 -0.0548437 0.221707 
1014 0.0370937 -0.0479032 0.227173 
1015 0.0390339 -0.194565 0.126091 
1016 -0.211887 0.0997866 0.0206118 
1017 0.232988 -0.0312165 0.00453223 
1018 0.0613693 -0.213397 0.0772901 
1019 0.0504452 -0.228002 0.02736 
1020 0.233424 -0.025777 -0.011272 
1021 0.204905 0.115293 -0.000119261 
1022 0.216013 0.0889918 -0.0264042 
1023 0.197576 0.121176 0.0394777 
1024 -0.228946 0.0468847 0.0257621 
1025 -0.232839 -0.00883652 0.0314037 
1026 -0.215367 -0.0690741 -0.0642182 
1027 -0.209044 -0.0873066 -0.0629015 
1028 -0.214211 0.0854765 -0.045672 
1029 -0.217598 0.081592 -0.0356686 
1030 -0.220732 0.0765939 -0.0262494 
1031 -0.215562 0.0880266 -0.0325986 
1032 -0.216121 0.0779902 -0.0498759 
1033 -0.219182 0.0751331 -0.0399066 
1034 -0.222323 -0.0727536 0.023616 
1035 -0.210486 0.0896712 -0.054159 
1036 -0.217248 0.0868349 0.0232703 
1037 -0.211899 0.0927594 -0.0421071 
1038 0.221105 -0.0568232 0.0562305 
1039 -0.214165 0.0866204 0.0436872 
1040 0.1962 -0.0403173 0.12312 
1041 0.188508 -0.0591996 0.12743 
1042 0.22916 0.0486463 -0.0199392 
1043 0.228368 0.0486457 -0.0275672 
1044 0.231719 0.0308456 -0.0251663 
1045 0.232216 0.0321548 -0.0178871 
1046 -0.22011 0.0725658 0.0395511 
1047 -0.0406936 0.219601 0.0734683 
1048 -0.016736 0.234516 -0.000812453 
1049 -0.0138302 0.223348 0.0721293 
1050 -0.209893 0.0988865 0.0380094 
1051 0.208137 0.00305628 0.109307 
1052 -0.207358 0.00380688 0.110753 
1053 -0.20851 -0.0635318 0.0881232 
1054 -0.225002 0.00427764 0.0680741 
1055 -0.22704 -0.00227999 0.0610394 
1056 -0.226401 0.0131932 0.0620246 
1057 -0.227927 0.00649304 0.0573179 
1058 -0.229004 -0.0203302 0.0492154 
1059 -0.228927 -0.00852954 0.0528948 
1060 -0.232059 -0.000534153 0.0377726 
1061 0.217314 0.0100027 0.0891779 
1062 -0.233186 -0.0254801 -0.0159171 
1063 0.209573 -0.0147335 0.105547 
1064 0.226032 -0.0126065 0.0634728 
1065 -0.232039 -0.0231812 -0.0299811 
1066 -0.230441 -0.0377548 -0.0273857 
1067 0.185434 0.0331652 0.140687 
1068 0.178804 0.00442806 0.152603 
1069 -0.202241 -0.00984183 -0.119498 
1070 -0.204752 0.0108097 -0.115057 
1071 -0.20133 -0.0296373 -0.117755 
1072 -0.198189 -0.0312025 -0.12258 
1073 -0.216298 0.0899914 -0.0198784 
1074 -0.218945 0.0830272 -0.0211582 
1075 0.168717 -0.0702368 0.147918 
1076 0.224774 -0.068391 -0.00881268 
1077 0.163483 -0.082871 0.147255 
1078 -0.0777852 -0.0411968 0.218015 
1079 0.224719 -0.0664439 -0.0190989 
1080 -0.208654 0.1071 -0.0164717 
1081 0.216247 0.0749533 0.0538292 
1082 0.180071 -0.100739 -0.112713 
1083 0.180456 -0.134908 0.0671846 
1084 0.178269 -0.143955 0.0526836 
1085 0.185664 -0.137546 0.0434521 
1086 0.187661 -0.130502 0.0550536 
1087 0.230579 -0.0336936 -0.0312457 
1088 0.173433 -0.152509 0.0440459 
1089 0.208129 0.0830652 0.0711387 
1090 0.184423 -0.142929 0.0289454 
1091 0.114086 -0.205334 0.0100391 
1092 0.124207 -0.186027 0.072421 
1093 0.135973 -0.178153 0.0710727 
1094 0.133612 -0.153354 0.117934 
1095 0.121498 -0.154176 0.129408 
1096 -0.23303 -0.0259096 0.0174416 
1097 -0.0694578 -0.131874 -0.181832 
1098 -0.192912 0.106257 -0.0822958 
1099 -0.220568 0.0647423 0.0493618 
1100 -0.219691 0.0785927 0.028937 
1101 -0.0642629 0.183502 -0.132196 
1102 0.214711 -0.0709828 -0.0643349 
1103 -0.0770468 0.215263 -0.0548085 
1104 0.213009 -0.0811409 -0.0576347 
1105 -0.0863992 0.190613 -0.107145 
1106 -0.22467 0.0652687 -0.0232742 
1107 0.184188 -0.0551653 0.135314 
1108 -0.165594 0.113143 0.122701 
1109 -0.153192 0.121233 0.130817 
1110 -0.139685 0.166125 0.0903817 
1111 -0.146074 0.166384 0.0791021 
1112 -0.123 0.200349 0.0030721 
1113 -0.142786 0.184641 0.0282533 
1114 -0.127771 0.173696 0.0937162 
1115 -0.120799 0.198052 0.038226 
1116 -0.100571 0.210334 -0.0303868 
1117 -0.205498 0.110105 0.030425 
1118 -0.186012 -0.0327996 -0.140007 
1119 -0.190252 -0.0329444 -0.134153 
1120 -0.188599 -0.0565849 -0.12848 
1121 -0.192768 -0.0571225 -0.121884 
1122 -0.186924 -0.00382956 -0.142559 
1123 -0.181915 -0.0347585 -0.144834 
1124 -0.179093 -0.0655862 -0.137486 
1125 0.190695 -0.0661805 0.120557 
1126 0.2214 -0.0391593 0.0687515 
1127 -0.208266 0.0563211 -0.0934421 
1128 -0.146575 0.183796 0.00361892 
1129 -0.136443 0.182479 -0.0579925 
1130 -0.155337 0.176316 0.00783205 
1131 -0.160809 0.161858 0.0567524 
1132 -0.206143 0.050453 -0.101183 
1133 -0.212613 -0.0994516 -0.013547 
1134 -0.225233 0.0599097 0.0309721 
1135 0.161611 0.124609 0.116761 
1136 0.179901 0.124502 0.086101 
1137 -0.155296 0.163802 -0.0658046 
1138 -0.204575 0.101491 0.0559205 
1139 -0.209794 0.0880352 0.0592834 
1140 -0.20561 0.0939336 0.0646484 
1141 -0.20025 0.107809 0.0596277 
1142 -0.2142 0.0752473 0.0611106 
1143 -0.207574 0.0829029 0.0729272 
1144 -0.217473 0.0760282 0.0469397 
1145 -0.22852 0.0252747 0.0491754 
1146 -0.229181 0.0309567 0.0423811 
1147 -0.228969 0.051659 0.0135196 
1148 -0.224797 0.0650274 0.0227184 
1149 -0.228914 0.0368094 0.0390119 
1150 -0.231532 0.0405305 -0.0053239 
1151 -0.224 0.0348695 0.0623399 
1152 -0.223711 0.0412406 0.0594202 
1153 -0.177486 -0.131171 -0.0810635 
1154 -0.187733 -0.137979 0.0315697 
1155 -0.181721 0.147392 -0.0230529 
1156 0.1633 0.103612 0.1337 
1157 -0.222127 0.00198466 -0.0770316 
1158 -0.228329 0.00560525 -0.055792 
1159 0.143576 0.0898174 0.163086 
1160 0.157096 0.0613903 0.1638 
1161 0.17419 0.100047 0.122175 
1162 0.184744 0.117352 0.0858851 
1163 -0.172233 -0.0543453 -0.150535 
1164 -0.226165 0.063759 0.00789395 
1165 -0.16609 -0.0591476 -0.155544 
1166 -0.167369 -0.108146 -0.124782 
1167 -0.158592 -0.0620194 -0.162113 
1168 -0.214484 0.0510125 -0.0816875 
1169 -0.22142 0.0496731 -0.0615144 
1170 -0.220615 0.056701 -0.0582444 
1171 -0.210679 0.060814 -0.0848204 
1172 -0.226983 0.0472151 -0.0390881 
1173 -0.217866 0.0883163 0.00361938 
1174 -0.191564 0.0972126 0.0955584 
1175 -0.178701 0.129743 0.0806898 
1176 -0.197262 0.0908234 0.0900946 
1177 -0.173641 0.13336 0.0856865 
1178 -0.186963 0.0992179 0.102368 
1179 0.22272 0.0723653 -0.0209185 
1180 0.223601 0.0642192 -0.0340146 
1181 -0.204387 0.0643145 -0.0967878 
1182 -0.205747 0.0711311 -0.0888086 
1183 -0.202558 0.0799276 -0.0886567 
1184 -0.195986 0.0817724 -0.100901 
1185 -0.210353 0.0663327 -0.0814252 
1186 -0.209674 0.0795159 -0.0706552 
1187 -0.201624 0.0884118 -0.0825182 
1188 -0.214045 0.0745689 -0.0624718 
1189 0.0746548 -0.215433 -0.0573903 
1190 0.219416 0.0274734 0.0798757 
1191 0.105238 -0.169162 -0.124849 
1192 0.156352 0.040709 -0.170807 
1193 -0.214175 -0.062185 -0.0744328 
1194 -0.189066 0.133011 0.0429016 
1195 -0.195161 0.115695 0.0616869 
1196 -0.17737 0.153762 0.0132465 
1197 -0.174709 0.156818 -0.0127765 
1198 -0.0851444 -0.132107 0.174861 
1199 -0.212972 -0.0524169 -0.0846982 
1200 -0.0611692 -0.0824619 0.21151 
1201 -0.0789513 -0.193812 0.107154 
1202 0.204906 -0.0574148 0.0999772 
1203 -0.0479076 0.020545 0.229262 
1204 0.213474 -0.0498645 0.0849734 
1205 0.212575 0.00553124 0.100298 
1206 0.216335 0.0170765 0.0904752 
1207 0.203662 -0.0085552 0.117161 
1208 -0.22342 0.0710328 -0.017779 
1209 -0.226837 0.0612567 -0.00841099 
1210 0.196424 -0.0641883 0.112143 
1211 -0.218393 0.0633956 0.0596978 
1212 0.190752 -0.122426 0.0624824 
1213 0.18345 -0.125077 0.0773319 
1214 0.177278 -0.124007 0.092049 
1215 0.23264 -0.000753341 0.0340059 
1216 0.23339 0.0129065 0.0253145 
1217 0.229787 -0.0149915 0.0474477 
1218 0.234362 -0.0020571 0.0186635 
1219 0.2345 0.015349 0.00724955 
1220 0.231103 -0.0205495 0.0380431 
1221 0.132207 0.0369098 -0.190886 
1222 -0.186378 0.126918 -0.0665837 
1223 0.206549 -0.0489766 0.10108 
1224 -0.187461 0.132114 -0.0517919 
1225 0.147656 0.106421 -0.148831 
1226 0.227379 0.0481727 0.0354491 
1227 -0.125947 0.194124 -0.0416135 
1228 -0.106745 0.195633 -0.0749104 
1229 -0.0984374 0.153767 -0.148136 
1230 -0.194033 0.115579 -0.065352 
1231 -0.218658 0.0456201 0.0733881 
1232 -0.229314 -0.0339288 -0.0392697 
1233 -0.191652 0.127951 -0.0466529 
1234 -0.211202 0.063787 0.0812605 
1235 0.217839 -0.0337768 0.0817525 
1236 -0.0905067 0.201929 0.0794461 
1237 -0.063775 0.215395 0.0693968 
1238 -0.197804 0.121527 0.0371922 
1239 -0.195021 0.12383 0.0437167 
1240 -0.221109 -0.0123158 -0.0789771 
1241 -0.216104 -0.0246464 -0.0892736 
1242 0.157956 0.0357222 0.170446 
1243 0.174583 0.0766512 0.137564 
1244 0.14052 0.0112358 0.188165 
1245 0.221667 0.0126472 0.0773429 
1246 -0.199806 0.0980227 0.0758115 
1247 -0.201314 0.0998472 0.069149 
1248 -0.200783 0.0885289 0.0844214 
1249 -0.222868 0.0106898 0.0741208 
1250 0.203369 -0.113702 -0.031483 
1251 -0.156174 0.15868 0.075557 
1252 0.176678 -0.0741464 0.136255 
1253 0.173076 -0.0636103 0.145866 
1254 -0.00602882 0.0250181 0.233701 
1255 0.22991 0.0286453 0.0399866 
1256 0.0211304 0.122193 0.199752 
1257 0.0236023 0.1766 0.153407 
1258 -0.208171 0.0378201 -0.102531 
1259 0.232035 0.00644587 0.0373689 
1260 0.0264806 0.0679107 0.223529 
1261 0.0535092 0.149725 0.173198 
1262 -0.19416 0.0591864 -0.118647 
1263 -0.226011 0.059233 -0.0262405 
1264 -0.219653 0.0635585 -0.0546922 
1265 -0.218524 0.0702859 -0.0508476 
1266 -0.221849 0.0702175 -0.0336257 
1267 0.178811 -0.0107039 0.152284 
1268 0.187445 -0.0104618 0.141539 
1269 0.175836 -0.0286276 0.153429 
1270 0.19613 0.0602845 0.114792 
1271 -0.180182 0.104898 0.108669 
1272 -0.171626 0.11316 0.114095 
1273 -0.196839 0.0641879 0.111411 
1274 -0.193866 0.0592817 0.11908 
1275 -0.20014 0.066442 0.103961 
1276 0.199119 -0.124805 0.0073224 
1277 0.202809 -0.118544 0.00971383 
1278 0.199254 -0.123385 0.0187617 
1279 0.100061 0.160498 0.139666 
1280 0.205999 -0.110938 0.0231427 
1281 0.202515 -0.117301 0.0225037 
1282 0.197482 -0.0493431 0.117663 
1283 0.195124 -0.130111 0.0166098 
1284 0.200317 0.0584637 0.108321 
1285 0.217755 -0.0240674 -0.0853336 
1286 0.219906 -0.0256851 -0.0791209 
1287 0.223519 -0.00453909 -0.0727815 
1288 0.225185 -0.00662237 -0.0672764 
1289 0.217563 -0.042335 -0.0784385 
1290 0.194392 -0.126374 0.0389833 
1291 0.195831 -0.117524 0.055825 
1292 0.189512 0.0936581 0.102916 
1293 0.200324 -0.109148 0.0568809 
1294 0.194965 -0.108695 0.0738401 
1295 0.205242 -0.104621 0.0469915 
1296 -0.0983719 0.211856 0.0268052 
1297 0.219253 -0.0841252 -0.0113706 
1298 0.012017 -0.234442 0.0130728 
1299 0.18503 -0.128956 -0.0664259 
1300 0.17355 -0.0434826 0.152538 
1301 0.223249 0.0105071 -0.0729906 
1302 0.225932 0.023431 -0.0606959 
1303 0.220919 0.0435015 -0.0676812 
1304 0.22357 0.0519183 -0.0509842 
1305 0.192411 -0.134758 -0.00981538 
1306 0.189994 -0.138464 0.00285921 
1307 0.182539 -0.147552 0.0136512 
1308 0.186766 -0.141586 -0.0187142 
1309 0.21242 -0.0881374 -0.0488635 
1310 -0.179087 -0.0470543 0.144887 
1311 -0.218349 0.0402535 -0.0773425 
1312 0.112629 -0.11244 -0.173061 
1313 0.207741 -0.0938215 0.0576136 
1314 -0.229884 0.0462141 -0.0172018 
1315 0.134689 0.163882 -0.101391 
1316 0.21777 -0.0753334 0.0466841 
1317 0.135241 0.191019 -0.0223627 
1318 0.183027 -0.0114406 0.147134 
1319 0.111416 0.199169 0.0565365 
1320 0.184211 -0.039299 0.140713 
1321 0.221972 -0.0775007 -0.000595659 
1322 0.201284 -0.108475 -0.0547374 
1323 0.225427 -0.0630764 0.0219635 
1324 0.222578 -0.0710308 0.026309 
1325 0.229944 -0.0472982 0.01292 
1326 0.221462 -0.0705354 0.0354654 
1327 0.232517 0.0331868 -0.0106259 
1328 0.233423 0.0281316 0.000856556 
1329 0.192236 -0.13232 0.0285515 
1330 0.202932 -0.116794 -0.021352 
1331 0.197452 -0.125963 -0.0206017 
1332 0.194529 -0.131908 0.00608608 
1333 -0.105006 -0.104288 0.182691 
1334 0.215619 -0.0936535 -0.00395205 
1335 0.129494 -0.0939261 0.1723 
1336 0.213904 -0.0973736 0.00646314 
1337 0.13938 -0.107799 0.155663 
1338 -0.202111 0.0950733 -0.0734202 
1339 -0.192251 0.093083 -0.0982518 
1340 -0.227164 -0.0407407 0.0448884 
1341 -0.218775 0.0350788 -0.0786467 
1342 0.177922 -0.152697 0.0174885 
1343 0.204812 -0.107471 -0.042193 
1344 0.209148 -0.0939581 -0.0520333 
1345 -0.23229 0.0137885 0.0336061 
1346 -0.22983 0.0123217 0.0480076 
1347 -0.209544 -0.100512 -0.0355949 
1348 -0.202838 -0.0915869 -0.0758091 
1349 -0.204308 -0.102998 -0.0541119 
1350 -0.208112 -0.106532 -0.024869 
1351 -0.199941 -0.0944126 -0.0799269 
1352 -0.200626 -0.108386 -0.0572715 
1353 -0.2047 -0.11223 -0.0279409 
1354 -0.196777 -0.0974275 -0.0840544 
1355 0.180325 -0.0453764 0.143882 
1356 0.180538 -0.0638687 0.136401 
1357 -0.11556 0.178467 0.100367 
1358 -0.217043 0.0825291 0.0368745 
1359 0.231545 0.027641 0.0300231 
1360 0.228037 0.0308062 0.048255 
1361 -0.224088 0.0433298 -0.0564396 
1362 -0.232312 0.0217165 0.0289431 
1363 -0.229692 0.0185331 0.0466507 
1364 -0.03168 0.103784 0.208575 
1365 -0.233084 0.00560174 0.0303111 
1366 -0.00226439 0.166157 0.166328 
1367 -0.0279157 0.168045 0.162049 
1368 -0.0118472 0.0868787 0.218151 
1369 -0.218738 0.0566099 0.0650184 
1370 0.234434 -0.0106779 -0.014317 
1371 0.226696 0.0410359 0.0469389 
1372 0.223858 0.0228271 0.068154 
1373 0.0813796 0.21934 0.0233552 
1374 0.1552 0.1536 -0.0871681 
1375 -0.184382 0.117527 -0.086423 
1376 -0.182668 0.12882 -0.07291 
1377 0.168879 0.0949508 -0.133201 
1378 0.154289 0.176958 -0.012613 
1379 -0.220491 -0.0808536 0.011162 
1380 -0.229313 0.0413353 -0.031389 
1381 -0.226033 -0.0540691 0.0355528 
1382 -0.228047 0.0558004 -0.0126246 
1383 0.193482 -0.129976 -0.0308094 
1384 0.187843 -0.134904 -0.0423585 
1385 -0.192755 -0.0648123 0.117996 
1386 -0.209842 -0.0506767 -0.0931487 
1387 0.0024291 -0.0362531 0.232289 
1388 -0.219187 -0.026939 -0.0806834 
1389 -0.00111667 -0.232126 -0.0373469 
1390 -0.205357 -0.058652 -0.0983194 
1391 -0.206008 -0.0729807 -0.0866772 
1392 0.161696 -0.157083 0.0667654 
1393 0.164624 -0.13883 0.094359 
1394 0.168391 -0.139858 0.0858042 
1395 0.166614 -0.153358 0.0632409 
1396 -0.223129 -0.073025 0.0126201 
1397 -0.194394 -0.0329034 -0.128088 
1398 -0.1956 -0.00629478 -0.130304 
1399 -0.187971 0.139495 0.0220564 
1400 0.191613 0.037284 0.131044 
1401 -0.193357 0.131262 0.0257217 
1402 -0.189094 0.139279 0.0110898 
1403 0.200095 0.097681 0.0754897 
1404 0.192346 0.0259074 0.132704 
1405 0.185861 0.0998049 0.103792 
1406 -0.194703 0.120784 0.0527293 
1407 -0.221289 -0.0794282 -0.000898196 
1408 0.169404 0.162718 -0.0101637 
1409 0.182667 0.147685 -0.0100031 
1410 0.0849951 0.204134 0.0798975 
1411 0.0825578 0.171167 0.138436 
1412 0.0532134 0.193173 0.123007 
1413 0.219454 -0.0816365 -0.0213053 
1414 0.233752 -0.0247609 0.00502591 
1415 0.234067 -0.0203745 -0.00871358 
1416 0.233621 -0.0147445 -0.0219597 
1417 -0.21703 0.0185356 0.0885017 
1418 -0.211174 0.0388657 0.0957772 
1419 -0.215572 0.0101779 0.0932924 
1420 -0.208936 0.0366329 0.1014 
1421 -0.220146 0.0136676 0.0814067 
1422 0.22852 -0.00641606 -0.0549145 
1423 -0.220006 -0.00259711 0.0828796 
1424 0.18994 -0.131973 0.0422387 
1425 0.173472 0.136135 -0.0815651 
1426 0.187837 0.117894 -0.0780797 
1427 0.18355 0.059306 -0.134427 
1428 -0.219679 -0.070579 -0.0451467 
1429 -0.218427 -0.066306 -0.0563154 
1430 -0.218981 -0.0770397 -0.0372894 
1431 -0.178663 0.0914785 -0.122432 
1432 0.224441 -0.0324786 -0.0620451 
1433 -0.226443 -0.0592686 -0.0221191 
1434 -0.224433 -0.0663475 -0.0224992 
1435 -0.228154 -0.051995 -0.022812 
1436 -0.229929 -0.0475547 -0.0122189 
1437 0.0807141 0.0287422 -0.218946 
1438 0.176852 -0.0537228 0.145312 
1439 -0.196789 0.128225 0.0105167 
1440 -0.192608 0.134782 -0.00376678 
1441 0.189688 -0.0192902 0.137567 
1442 0.194757 -0.0125593 0.131112 
1443 0.191016 0.00291387 0.13705 
1444 0.198071 -0.0168586 0.125546 
1445 0.192158 -0.0375166 0.130178 
1446 0.229539 -0.0113659 -0.0496062 
1447 0.180308 -0.0272033 0.148416 
1448 0.0320831 0.0131217 0.232544 
1449 0.199755 -0.00541465 0.123883 
1450 0.192997 -0.0249437 0.131941 
1451 -0.189824 0.105799 -0.0897322 
1452 0.053049 0.222492 0.0544187 
1453 0.225638 0.0324836 0.0575398 
1454 0.208945 -0.0698569 0.0821002 
1455 0.228582 0.0383135 0.0395035 
1456 -0.212863 0.0663454 0.0746042 
1457 -0.222029 0.0764251 -0.011861 
1458 -0.22474 -0.0246184 -0.0645288 
1459 -0.193307 0.132538 -0.0185503 
1460 0.218994 -0.0852186 0.00758517 
1461 0.19247 -0.00512595 0.134935 
1462 0.184893 -0.0245842 0.143138 
1463 0.188162 -0.0464159 0.133112 
1464 0.214529 -0.0834799 0.0478187 
1465 -0.212494 -0.0056756 -0.100461 
1466 0.217919 -0.080334 0.0365514 
1467 0.212141 -0.0905069 0.045638 
1468 -0.193047 0.133702 0.0116155 
1469 -0.119592 -0.188782 -0.0730578 
1470 -0.106549 -0.0079844 0.209432 
1471 -0.213076 -0.0234575 -0.0965749 
1472 -0.141685 0.0110064 0.187303 
1473 0.186657 -0.132611 -0.0534028 
1474 -0.197483 0.125275 0.0241821 
1475 -0.144122 0.161068 -0.0925422 
1476 0.229905 0.0380276 0.0312422 
1477 0.225137 0.0152236 0.06603 
1478 0.226568 0.0242021 0.0579608 
1479 0.220436 0.0198916 0.0793143 
1480 -0.217399 -0.0601372 -0.0663285 
1481 -0.214958 -0.0432491 -0.0848585 
1482 0.210518 0.0985354 0.0353729 
1483 0.215504 0.0247875 0.0906745 
1484 -0.184745 0.145284 -0.00634568 
1485 -0.229467 -0.0448306 -0.0247657 
1486 -0.23115 -0.0405405 -0.0143017 
1487 -0.231342 -0.0419086 -0.00165967 
1488 -0.162168 -0.103319 0.135296 
1489 0.216754 0.0838103 0.0356609 
1490 -0.155219 -0.159688 0.0753997 
1491 -0.207552 0.0437205 -0.101435 
1492 -0.201248 0.0590363 -0.106265 
1493 -0.19782 0.0462208 -0.11836 
1494 0.210176 -0.0729795 0.0760144 
1495 0.198482 -0.0906028 0.0876025 
1496 0.233232 -0.00529846 -0.0292049 
1497 0.105973 -0.1424 0.154176 
1498 -0.222139 -0.0732013 -0.0239637 
1499 -0.196616 -0.0619888 -0.113039 
1500 -0.0674219 0.225239 3.38711e-05 
1501 -0.207392 -0.0228572 -0.108373 
1502 0.217367 -0.0567319 -0.0693645 
1503 -0.19775 0.0977478 -0.0813539 
1504 0.130466 0.18554 0.0619016 
1505 0.170364 -0.152286 0.0553474 
1506 0.172515 -0.138831 0.0790121 
1507 0.232256 -0.0365325 0.000842188 
1508 0.232826 -0.0225768 -0.0236784 
1509 -0.224778 -0.0645038 0.0243356 
1510 0.153784 -0.113381 0.137017 
1511 0.142183 -0.149775 0.112382 
1512 0.227141 -0.0365928 0.0484358 
1513 0.204931 0.0051028 0.068986 
1514 -0.199671 0.0801505 -0.0198031 
1515 0.20052 -0.078015 0.00784782 
1516 -0.214038 -0.0305712 -0.0222741 
1517 0.191026 -0.0474372 0.0186139 
1518 0.212045 -0.0690118 0.0187336 
1519 -0.204007 0.00463105 -0.0262157 
1520 -0.202389 0.052645 -0.0176273 
1521 0.187655 0.0143002 0.0893927 
1522 0.210756 -0.00938584 0.0752066 
1523 -0.219865 -0.00380001 -0.0306682 
1524 -0.179723 0.0392471 -0.0214671 
1525 -0.179096 0.0899548 -0.016533 
1526 -0.195419 -0.0390887 -0.0184234 
1527 -0.211205 0.0772115 -0.0143899 
1528 0.198277 -0.0131551 0.0552238 
1529 0.170235 -0.0449518 0.0192261 
1530 0.19389 0.0184432 0.107844 
1531 -0.193345 0.105133 0.0134494 
1532 -0.196321 0.105472 -0.0312015 
1533 0.20955 -0.0809852 -0.00353366 
1534 0.203401 -0.0627661 0.0333267 
1535 0.177442 -0.0943371 -0.00935821 
1536 0.168506 0.00207983 0.0740884 
1537 -0.130793 0.0539073 -0.0444972 
1538 -0.173826 -0.00712991 -0.000691689 
1539 0.192456 -0.0397276 0.100886 
1540 0.217097 0.0264354 0.0508578 
1541 -0.185233 0.0984307 -0.0593586 
1542 0.211204 -0.0462803 -0.0369249 
1543 0.188196 -0.118194 0.0146642 
1544 -0.207223 0.056129 -0.0510544 
1545 -0.206039 0.089332 0.00597148 
1546 0.207526 0.0228285 0.0839277 
1547 0.106055 -0.0238667 0.0322911 
1548 0.139725 -0.0214545 0.0315329 
1549 -0.203318 -0.0365614 -0.0724076 
1550 -0.222591 -0.0210873 0.0131202 
1551 -0.21265 -0.0240034 0.0232691 
1552 -0.218874 -0.048176 0.00687806 
1553 0.183399 -0.0959807 0.0464352 
1554 -0.225967 -0.0177688 -0.0103188 
1555 -0.219134 -0.0288367 -0.0457741 
1556 -0.189123 0.0138629 -0.0516302 
1557 -0.204077 -0.0582463 -0.0405883 
1558 0.00872378 -0.000218909 -0.0112849 
1559 -0.139626 -0.00872946 0.0181099 
1560 0.212414 0.04515 0.0424302 
1561 0.217669 0.0119616 0.0346289 
1562 -0.197473 0.0806288 -0.0653537 
1563 -0.214061 -0.054929 -0.0419115 
1564 -0.218634 0.0013172 0.010528 
1565 0.198548 -0.0114476 0.103175 
1566 0.192286 -0.0842144 -0.0334771 
1567 -0.0672697 0.0209201 -0.0179313 
1568 -0.154634 0.0699185 -0.0403491 
1569 0.0690771 -0.00778429 0.00369918 
1570 0.201323 -0.099722 -0.0171431 
1571 0.186627 -0.0417604 0.0499677 
1572 0.201182 -0.0978448 0.0286935 
1573 0.218062 -0.0467124 -0.0151519 
1574 -0.191143 0.0622592 -0.0766118 
1575 -0.211882 0.0596144 0.0154905 
1576 -0.0286599 0.0124293 -0.0225621 
1577 -0.208414 0.00156302 -0.0675983 
1578 0.179767 0.00452228 0.122276 
1579 -0.197145 0.111159 0.00303954 
1580 0.0473066 0.00505899 -0.0189557 
1581 0.155205 -0.0621854 -0.0424261 
1582 0.213091 -0.0817113 0.0142424 
1583 -0.217696 -0.00478079 -0.0612089 
1584 -0.198039 0.0775416 0.0302638 
1585 0.193281 -0.0952981 0.0549666 
1586 0.218398 -0.0471631 0.012106 
1587 -0.18769 0.117914 -0.0227225 
1588 -0.216399 0.059641 -0.0145758 
1589 -0.0951615 0.0390796 -0.00472348 
1590 0.199647 0.051722 0.0712961 
1591 -0.204524 0.0870985 -0.0463197 
1592 0.203793 -0.020861 -0.0268077 
1593 0.201048 -0.0504484 0.040117 
1594 0.216393 -0.0248023 -0.00799319 
1595 0.171914 0.019304 0.0210228 
1596 0.171213 0.00660828 0.11518 
1597 -0.194535 -0.0348792 -0.073234 
1598 -0.222177 -0.0430584 -0.0183549 
1599 -0.200023 0.0329671 -0.0448367 
1600 -0.219487 0.00933663 -0.0293154 
1601 0.196371 -0.113151 0.0153489 
1602 0.21968 -0.0598036 -0.00384848 
1603 0.204892 -0.0336808 0.0698925 
1604 0.203704 0.0412663 0.0859132 
1605 -0.207772 0.0776632 0.0338464 
1606 0.21365 0.0418119 0.0217012 
1607 -0.210109 -0.0219523 -0.0760647 
1608 0.183345 -0.0837191 0.0634845 
1609 0.209717 -0.00590969 0.0910878 
1610 0.191238 0.0265531 0.028844 
1611 -0.178523 -0.0545276 0.016842 
1612 0.147893 0.0142086 0.0952121 
1613 -0.0301792 -0.0199491 0.0822144 
1614 -0.180325 0.114262 -0.025883 
1615 -0.19691 0.042455 0.0208128 
1616 0.21923 -0.066181 0.0179146 
1617 0.179704 -0.0335845 0.114462 
1618 0.220116 0.00195601 0.0513 
1619 -0.200449 0.000551036 0.0263146 
1620 -0.216494 0.0659645 0.0143769 
1621 -0.212896 0.0728303 -0.0394688 
1622 -0.209264 0.0912294 -0.013686 
1623 0.205823 -0.0776258 -0.0439661 
1624 -0.203785 -0.0589534 0.00461576 
1625 0.193877 -0.105966 -0.0241866 
1626 0.185734 -0.0188211 0.119677 
1627 0.14175 -0.0274214 -0.0555858 
1628 0.21734 0.0114079 0.0679648 
1629 -0.225669 -0.00786179 -0.0346783 
1630 -0.171914 0.0538314 -0.0747338 
1631 -0.163143 0.114277 -0.0110784 
1632 0.198667 0.0087267 0.110298 
1633 -0.161451 0.0641196 0.0312926 
1634 0.213191 -0.0649317 -0.032115 
1635 0.118199 -0.030005 0.0990227 
1636 -0.182062 -0.031432 -0.0751856 
1637 -0.21238 -0.063835 -0.0185155 
1638 0.19481 0.00528267 -0.00519282 
1639 0.189932 -0.111561 0.0443004 
1640 0.195295 -0.0208795 -0.0266463 
1641 -0.159029 0.0084029 -0.0754626 
1642 -0.208082 0.0223185 0.00819847 
1643 0.208698 -0.077046 0.0409598 
1644 0.20881 -0.026922 0.0433399 
1645 -0.190432 0.112619 -0.0508781 
1646 0.178759 -0.121687 0.013401 
1647 -0.208367 0.0642922 -0.0611419 
1648 -0.217628 -0.0459101 -0.0529359 
1649 -0.226187 -0.00302794 0.00617349 
1650 0.108278 0.00695543 -0.0478805 
1651 0.220866 -0.0294512 -0.0361682 
1652 0.17314 0.0243196 -0.0175083 
1653 -0.183697 0.112523 0.0200509 
1654 0.153265 -0.0711163 0.0814971 
1655 -0.203 0.0994991 0.0290691 
1656 0.19425 0.0597126 0.0645557 
1657 0.211039 -0.0261308 0.0858907 
1658 -0.205379 -0.0314404 0.0340092 
1659 0.16956 -0.081845 0.0558013 
1660 0.171806 -0.042152 0.0963546 
1661 -0.209427 -0.0683926 -0.0513336 
1662 -0.113764 0.0196116 -0.074047 
1663 -0.219165 -0.00754407 0.0379953 
1664 0.204571 -0.102623 -0.00295616 
1665 0.186189 -0.0537063 0.0947044 
1666 0.212988 0.0458811 0.06159 
1667 -0.212236 0.00982752 0.030926 
1668 -0.223161 0.00401918 -0.044341 
1669 0.195595 0.0409557 0.104558 
1670 -0.177739 0.0898224 -0.0741399 
1671 -0.1911 0.0257099 0.032901 
1672 0.22386 0.0211518 0.0319238 
1673 0.200211 -0.0315488 0.101048 
1674 0.204723 -0.0434198 -0.0461449 
1675 0.178334 -0.0598198 -0.0562572 
1676 -0.20817 0.0581351 0.0442612 
1677 0.217036 -0.0194138 -0.0354942 
1678 -0.193171 -0.00818098 0.0371619 
1679 -0.166265 0.103212 -0.0741956 
1680 0.0661054 -0.0491658 0.108652 
1681 -0.196251 0.00836569 -0.0888343 
1682 -0.19723 0.0974038 0.040851 
1683 -0.0923067 -0.0424644 0.0834898 
1684 0.0349686 -0.0418865 0.106225 
1685 0.193873 -0.120488 -0.00849136 
1686 -0.19779 0.0620023 -0.0835272 
1687 0.188367 0.0384574 0.105475 
1688 -0.19866 0.0959024 -0.058644 
1689 0.218896 -0.00791438 0.0363546 
1690 -0.214465 -0.0546318 0.0168532 
1691 -0.15643 -0.0439361 -0.0482837 
1692 0.213087 -0.0631954 0.0375511 
1693 0.189561 -0.0644888 -0.0459675 
1694 -0.187314 0.0681946 0.0494972 
1695 -0.215951 0.0783171 -0.0167603 
1696 0.215083 0.0171779 0.00801111 
1697 0.152442 -0.116102 0.027288 
1698 -0.185321 0.1249 0.00333963 
1699 0.160844 -0.120916 -0.00312077 
1700 -0.189717 0.0861518 -0.0816136 
1701 -0.213603 0.0811387 0.00908181 
1702 -0.223243 -0.0339397 0.0297427 
1703 -0.225813 -0.0297547 -0.0279328 
1704 -0.0360816 0.0457757 -0.100819 
1705 -0.219345 0.0661869 -0.0145701 
1706 0.217305 -0.0354 0.0134971 
1707 -0.191296 -0.0607885 -0.0652363 
1708 -0.22088 -0.0564454 -0.0102807 
1709 -0.172357 0.00176629 -0.0879322 
1710 -0.225944 0.0054329 -0.0107771 
1711 0.18797 0.0237015 0.121438 
1712 0.206788 -0.0366124 0.0843677 
1713 -0.214882 0.0438002 -0.0177829 
1714 -0.192281 -0.0638898 0.00664105 
1715 0.212664 -0.0856193 -0.0144568 
1716 -0.20443 0.103388 -0.00724668 
1717 -0.184759 0.019546 -0.0976685 
1718 0.219937 0.0430132 0.0360226 
1719 -0.0606888 0.0584186 -0.108095 
1720 0.00687469 0.0530918 -0.0779709 
1721 -0.212966 0.0169926 -0.0411565 
1722 0.207463 0.00883461 0.0957128 
1723 0.189015 -0.000858853 0.127184 
1724 0.165862 -0.0736611 0.0846833 
1725 0.205611 -0.101392 0.0128457 
1726 -0.195189 0.0444738 -0.072343 
1727 0.216215 0.0305479 0.0665357 
1728 -0.201153 -0.0206209 -0.0898285 
1729 -0.210126 -0.0411514 -0.0741373 
1730 -0.106716 0.0137854 0.0843031 
1731 -0.226081 -0.0346349 0.00255841 
1732 -0.182128 0.124901 -0.0387687 
1733 0.11922 -0.0951259 0.0018608 
1734 0.215697 -0.0051146 0.0793522 
1735 0.182879 0.0548301 0.0808073 
1736 0.19419 -0.0529991 0.0967624 
1737 0.207898 -0.0876153 0.0369469 
1738 -0.193395 0.115201 0.0266487 
1739 0.217295 -0.0651426 -0.0230748 
1740 0.183126 -0.111035 0.0682388 
1741 0.205102 -0.00653921 -0.00232987 
1742 0.0399503 -0.00062905 -0.101444 
1743 0.00617336 -0.038635 0.100376 
1744 0.201746 0.0469454 0.0280516 
1745 -0.194626 0.0216569 -0.0868578 
1746 -0.196414 0.110518 -0.048174 
1747 -0.202779 0.102029 -0.0359364 
1748 -0.173644 -0.0595505 -0.0630922 
1749 0.223833 0.0263227 0.0436587 
1750 -0.211152 0.0860502 0.0235287 
1751 -0.126956 0.0502054 0.070851 
1752 -0.155109 0.0431963 0.0513595 
1753 -0.22336 -0.0409316 -0.0370053 
1754 -0.210331 0.042531 0.039771 
1755 -0.22254 -0.0177942 -0.0513883 
1756 0.218631 -0.0126349 0.052557 
1757 -0.204276 0.103865 0.013525 
1758 -0.197388 -0.0756166 -0.0304697 
1759 0.217151 -0.0730883 -0.00787959 
1760 -0.127435 0.0478046 -0.120071 
1761 0.189787 -0.0388825 0.118157 
1762 -0.219794 -0.0280622 0.0404211 
1763 -0.229492 -0.0207893 -0.0135505 
1764 -0.198991 -0.0667961 -0.0674404 
1765 -0.215143 0.00591957 -0.0689057 
1766 0.223343 -0.0452186 -0.000415734 
1767 -0.193027 0.120808 -0.020866 
1768 0.204374 0.0279247 0.0966654 
1769 0.207945 0.0561758 0.0364729 
1770 -0.215458 -0.027403 -0.0704353 
1771 0.178287 0.0618241 0.064918 
1772 0.221437 0.0016185 0.0609162 
1773 -0.180875 0.0543103 -0.0878997 
1774 -0.184636 0.0455363 0.0576657 
1775 0.17449 -0.12282 0.0409237 
1776 0.218158 -0.0461053 -0.0426882 
1777 -0.189297 -0.000212153 -0.10147 
1778 0.207773 0.0134529 9.14027e-05 
1779 -0.206507 0.0525056 -0.0776528 
1780 -0.219795 -0.0555412 -0.0375909 
1781 -0.217144 -0.0682587 -0.026934 
1782 -0.143673 0.113746 -0.0353992 
1783 0.0950169 0.0299228 -0.104039 
1784 0.208878 -0.0898691 -0.0289389 
1785 0.190956 -0.0645753 0.0746962 
1786 -0.217751 0.0468423 0.0188044 
1787 -0.21812 0.0544053 -0.0343159 
1788 0.212487 0.00374224 -0.0305562 
1789 0.189426 -0.125529 0.0282028 
1790 0.208418 -0.0666779 -0.0564412 
1791 0.18244 -0.123708 0.0431278 
1792 0.222005 -0.0270458 -0.0132813 
1793 -0.221917 0.0138406 0.0238373 
1794 0.197932 -0.0997841 0.0515313 
1795 0.1946 -0.0510502 0.106653 
1796 0.212744 0.0370475 0.079359 
1797 0.090947 -0.0822048 0.102894 
1798 0.143647 0.0501655 0.0169952 
1799 -0.201503 -0.0533594 -0.0781715 
1800 -0.196691 0.0752385 -0.0865082 
1801 0.193636 -0.0878977 0.0639668 
1802 -0.207045 0.075771 0.0504582 
1803 0.218953 0.0495127 0.0209528 
1804 -0.211238 -0.00593831 -0.0811864 
1805 -0.184245 0.117729 -0.0559401 
1806 0.185799 -0.115917 -0.0244832 
1807 -0.228901 -0.00453297 -0.0106124 
1808 -0.173938 0.124417 0.0164731 
1809 -0.117842 0.100857 0.0120158 
1810 0.208529 0.0544164 0.0624348 
1811 -0.199047 0.112738 -0.01406 
1812 0.197763 0.0290972 0.112408 
1813 0.18428 -0.131028 0.0282265 
1814 -0.22428 0.00211462 0.0330686 
1815 -0.210886 0.0873242 -0.0316527 
1816 0.189857 0.0593962 0.0383332 
1817 0.152035 -0.0473158 0.114646 
1818 -0.211743 -0.00781766 0.04599 
1819 0.185144 -0.127053 -0.00538169 
1820 -0.1707 0.0273548 -0.0974342 
1821 -0.207231 0.075831 -0.0605578 
1822 0.121259 -0.0626119 -0.0610648 
1823 -0.197176 0.0646969 0.0432554 
1824 0.215728 -0.0119561 -0.00721861 
1825 -0.167822 -0.044526 0.0418865 
1826 0.200144 -0.0865241 -0.0523593 
1827 -0.224937 -0.0120601 0.0325215 
1828 -0.224131 -0.0486785 0.0159443 
1829 -0.169092 0.0930501 0.0334232 
1830 0.206338 -0.0980992 0.0276685 
1831 -0.191736 0.125431 -0.000361096 
1832 0.0833838 -0.0948223 -0.0041867 
1833 0.218986 -0.0338727 -0.0478869 
1834 0.184044 -0.0624205 0.0888411 
1835 -0.205571 -0.0276573 -0.0916834 
1836 -0.20709 -0.0790091 -0.0409737 
1837 -0.14292 -0.047774 -0.063142 
1838 -0.217733 0.072482 -2.30273e-05 
1839 -0.0541979 0.0371517 0.0179306 
1840 0.206079 -0.046846 0.0834253 
1841 -0.190124 -0.079555 -0.0371962 
1842 0.102551 -0.124608 0.0316436 
1843 0.145321 0.0644431 -0.0199786 
1844 -0.224743 0.0102251 0.035485 
1845 -0.188652 0.0559677 -0.0157477 
1846 -0.183027 0.0924514 0.053759 
1847 -0.203849 -0.0805198 -0.0594721 
1848 -0.061639 -0.0757251 -0.0631237 
1849 0.0992733 0.154861 -0.124036 
1850 0.0426457 0.0444442 -0.209085 
1851 -0.147567 -0.109435 0.122692 
1852 0.185951 -0.0569836 -0.112014 
1853 -0.166263 -0.0343266 0.143034 
1854 -0.180962 -0.0528784 0.117698 
1855 0.153893 0.0960248 -0.133838 
1856 0.141309 0.0385837 -0.171138 
1857 -0.148984 -0.0464252 0.158905 
1858 -0.176633 -0.0926362 0.0991142 
1859 -0.130184 -0.0648989 0.164744 
1860 -0.0858512 -0.0647051 0.196007 
1861 0.159081 0.0270844 -0.154556 
1862 0.171495 -0.0787152 -0.109963 
1863 -0.216022 0.0299708 -0.0800046 
1864 0.00202045 0.0256925 -0.213201 
1865 -0.102147 0.090818 -0.173176 
1866 -0.0864414 0.132078 -0.148118 
1867 0.0855868 0.0232726 -0.198499 
1868 0.169887 -0.00983428 -0.136183 
1869 0.132222 -0.0373916 0.175463 
1870 0.177423 -0.109642 -0.0869457 
1871 0.0859233 -0.0459333 0.194998 
