0 -1.90735e-07 -1.90735e-07 0 
1 -1.90735e-07 16.85 0 
2 -1.90735e-07 33.7 0 
3 -1.90735e-07 50.55 0 
4 -1.90735e-07 67.4 0 
5 -1.90735e-07 84.25 0 
6 -1.90735e-07 101.1 0 
7 -1.90735e-07 117.95 0 
8 -1.90735e-07 134.8 0 
9 -1.90735e-07 151.65 0 
10 -1.90735e-07 168.5 0 
11 -1.90735e-07 185.35 0 
12 -1.90735e-07 202.2 0 
13 -1.90735e-07 219.05 0 
14 -1.90735e-07 235.9 0 
15 -1.90735e-07 252.75 0 
16 -1.90735e-07 269.6 0 
17 -1.90735e-07 286.45 0 
18 -1.90735e-07 303.3 0 
19 -1.90735e-07 320.15 0 
20 -1.90735e-07 337 0 
21 -1.90735e-07 353.85 0 
22 -1.90735e-07 370.7 0 
23 -1.90735e-07 387.55 0 
24 -1.90735e-07 404.4 0 
25 -1.90735e-07 421.25 0 
26 -1.90735e-07 438.1 0 
27 -1.90735e-07 454.95 0 
28 -1.90735e-07 471.8 0 
29 -1.90735e-07 488.65 0 
30 -1.90735e-07 505.5 0 
31 -1.90735e-07 522.35 0 
32 -1.90735e-07 539.2 0 
33 -1.90735e-07 556.05 0 
34 -1.90735e-07 572.9 0 
35 -1.90735e-07 589.75 0 
36 -1.90735e-07 606.6 0 
37 -1.90735e-07 623.45 0 
38 -1.90735e-07 640.3 0 
39 -1.90735e-07 657.15 0 
40 -1.90735e-07 674 0 
41 -1.90735e-07 690.85 0 
42 -1.90735e-07 707.7 0 
43 -1.90735e-07 724.55 0 
44 -1.90735e-07 741.4 0 
45 -1.90735e-07 758.25 0 
46 -1.90735e-07 775.1 0 
47 -1.90735e-07 791.95 0 
48 -1.90735e-07 808.8 0 
49 -1.90735e-07 825.65 0 
50 -1.90735e-07 842.5 0 
51 -1.90735e-07 859.35 0 
52 -1.90735e-07 876.2 0 
53 -1.90735e-07 893.05 0 
54 -1.90735e-07 909.9 0 
55 -1.90735e-07 926.75 0 
56 -1.90735e-07 943.6 0 
57 -1.90735e-07 960.45 0 
58 -1.90735e-07 977.3 0 
59 -1.90735e-07 994.15 0 
60 -1.90735e-07 1011.01 0 
61 -1.90735e-07 1027.84 0 
62 16.85 -1.90735e-07 0 
63 19.0932 14.3256 0 
64 24.5879 1.85928 0 
65 19.5084 46.7937 0 
66 21.7576 53.1883 0 
67 16.8232 101.963 0 
68 7.32897 120.794 0 
69 27.7827 99.8591 0 
70 41.7492 123.868 0 
71 -26.9428 137.219 0 
72 7.28909 153.017 0 
73 5.73582 202.208 0 
74 22.1341 193.531 0 
75 52.1221 216.472 0 
76 11.4144 229.045 0 
77 -1.72608 213.094 0 
78 40.9085 267.92 0 
79 31.8802 308.761 0 
80 41.8604 298.459 0 
81 33.2227 322.752 0 
82 23.5133 343.672 0 
83 13.8528 363.986 0 
84 46.1415 341.228 0 
85 23.9325 376.239 0 
86 27.2704 393.59 0 
87 18.4282 418.532 0 
88 41.9524 447.702 0 
89 34.1328 473.8 0 
90 35.6959 435.961 0 
91 18.095 462.89 0 
92 -13.3436 485.473 0 
93 -13.793 540.314 0 
94 -11.2167 512.951 0 
95 3.34712 580.058 0 
96 13.7725 584.546 0 
97 21.2201 605.279 0 
98 14.3718 587.81 0 
99 22.272 586.894 0 
100 23.39 643.242 0 
101 65.1647 660.639 0 
102 -38.7096 677.449 0 
103 -19.8649 721.294 0 
104 20.9754 724.468 0 
105 22.6001 723.405 0 
106 39.8322 721.954 0 
107 31.5039 750.392 0 
108 17.9619 767.99 0 
109 6.19638 797.543 0 
110 30.8817 797.084 0 
111 19.4238 813.264 0 
112 -25.6181 864.694 0 
113 9.62517 853.218 0 
114 39.1704 865.156 0 
115 38.6686 892.735 0 
116 12.7441 907.775 0 
117 21.132 898.89 0 
118 11.0625 956.504 0 
119 11.901 966.114 0 
120 15.592 946.928 0 
121 15.7634 967.888 0 
122 18.9558 1017.48 0 
123 16.85 1027.84 0 
124 33.7 -1.90735e-07 0 
125 27.0342 42.9586 0 
126 22.5944 34.8352 0 
127 18.1799 21.7679 0 
128 23.4073 60.5679 0 
129 -6.99088 81.6367 0 
130 16.5682 117.764 0 
131 53.0819 125.283 0 
132 17.033 107.868 0 
133 50.9903 142.028 0 
134 14.4493 193.603 0 
135 1.09364 177.765 0 
136 32.324 216.289 0 
137 25.3543 222.781 0 
138 49.2468 229.993 0 
139 44.0474 247.705 0 
140 13.3212 270.654 0 
141 31.6807 282.191 0 
142 30.1282 327.579 0 
143 25.9505 319.171 0 
144 29.5856 352.114 0 
145 24.7128 342.278 0 
146 29.8141 393.077 0 
147 36.1288 373.808 0 
148 51.383 433.351 0 
149 17.3683 441.811 0 
150 51.5322 453.359 0 
151 30.1524 451.518 0 
152 21.9582 468.644 0 
153 23.0079 494.154 0 
154 22.9895 519.433 0 
155 15.6116 551.065 0 
156 25.698 541.105 0 
157 18.0279 568.762 0 
158 24.794 566.352 0 
159 9.53492 571.845 0 
160 8.21518 613.187 0 
161 24.5966 599.865 0 
162 11.0239 632.586 0 
163 47.5397 630.922 0 
164 38.7516 662.073 0 
165 32.2353 683.533 0 
166 19.0126 724.62 0 
167 24.7745 710.388 0 
168 24.0211 748.85 0 
169 29.6501 756.12 0 
170 27.6616 759.182 0 
171 54.4349 775.029 0 
172 32.2164 794.222 0 
173 61.7097 811.922 0 
174 21.974 815.71 0 
175 35.4178 856.01 0 
176 72.299 864.849 0 
177 80.5278 853.312 0 
178 19.4661 888.768 0 
179 76.2798 926.819 0 
180 45.8202 928.704 0 
181 13.0337 940.254 0 
182 33.9942 987.322 0 
183 12.4079 1010.45 0 
184 17.8733 1021.34 0 
185 33.7 1027.84 0 
186 50.55 -1.90735e-07 0 
187 62.0622 14.655 0 
188 56.7454 17.3784 0 
189 6.29706 31.2122 0 
190 50.7128 39.1346 0 
191 63.7684 108.87 0 
192 42.8858 79.423 0 
193 61.6262 109.71 0 
194 53.3502 146.952 0 
195 50.5374 127.881 0 
196 41.4126 185.617 0 
197 39.3926 199.082 0 
198 48.6268 178.724 0 
199 54.8998 212.553 0 
200 57.2331 212.96 0 
201 44.2016 266.974 0 
202 49.6481 275.119 0 
203 31.4825 288.971 0 
204 76.8377 336.068 0 
205 35.974 311.741 0 
206 33.3214 348.378 0 
207 40.4514 359.208 0 
208 60.2392 362.103 0 
209 67.7394 399.333 0 
210 84.0851 389.859 0 
211 43.6041 475.214 0 
212 27.1586 421.561 0 
213 36.626 443.034 0 
214 73.7103 479.782 0 
215 53.6402 496.925 0 
216 45.0322 475.344 0 
217 36.7873 522.808 0 
218 49.6688 535.645 0 
219 63.0071 553.863 0 
220 35.44 580.086 0 
221 43.0216 599.202 0 
222 39.4093 618.274 0 
223 66.9226 598.177 0 
224 37.2692 638.595 0 
225 46.1814 680.212 0 
226 0.384558 662.686 0 
227 70.0367 678.596 0 
228 36.4258 707.605 0 
229 55.3668 758.962 0 
230 29.8282 717.761 0 
231 77.5921 757.194 0 
232 34.3029 752.041 0 
233 61.5419 807.946 0 
234 38.5297 809.897 0 
235 79.4687 816.397 0 
236 19.0861 843.253 0 
237 29.5589 856.155 0 
238 64.0184 857.932 0 
239 35.7367 848.234 0 
240 51.2807 898.526 0 
241 64.6582 924.875 0 
242 66.0581 930.978 0 
243 44.7637 933.893 0 
244 23.1129 977.522 0 
245 28.3727 1008.41 0 
246 48.1251 1010.61 0 
247 50.55 1027.84 0 
248 67.4 -1.90735e-07 0 
249 75.0362 15.803 0 
250 50.055 21.7066 0 
251 79.5016 39.7061 0 
252 23.2766 60.3525 0 
253 70.1413 58.4248 0 
254 50.1379 116.946 0 
255 93.3912 121.37 0 
256 84.1566 123.476 0 
257 69.811 166.138 0 
258 95.9063 184.563 0 
259 53.1373 178.068 0 
260 100.431 207.437 0 
261 58.9779 220.036 0 
262 59.8344 210.118 0 
263 42.9936 231.958 0 
264 58.3526 283.127 0 
265 75.9032 291.766 0 
266 52.4532 310.691 0 
267 45.2578 307.855 0 
268 73.1092 340.392 0 
269 30.3087 341.595 0 
270 67.2688 387.865 0 
271 59.2704 377.973 0 
272 19.556 396.406 0 
273 51.7114 438.914 0 
274 68.0201 438.874 0 
275 55.0239 448.41 0 
276 64.7727 461.161 0 
277 75.0937 508.813 0 
278 69.509 503.442 0 
279 68.8581 514.543 0 
280 56.8164 522.338 0 
281 56.8926 559.629 0 
282 66.907 591.043 0 
283 62.7716 596.757 0 
284 46.9865 609.343 0 
285 63.8168 622.876 0 
286 87.9899 635.07 0 
287 79.95 650.784 0 
288 75.1171 673.809 0 
289 47.3732 689.467 0 
290 83.8205 684.515 0 
291 44.4768 676.884 0 
292 83.4462 740.728 0 
293 69.699 737.265 0 
294 55.6895 769.96 0 
295 64.4469 773.609 0 
296 75.6581 819.36 0 
297 53.5187 808.667 0 
298 32.5644 801.531 0 
299 47.6044 865.134 0 
300 48.3573 864.668 0 
301 54.8643 883.353 0 
302 56.9756 893.402 0 
303 63.9136 917.199 0 
304 60.7601 966.551 0 
305 61.5433 951.028 0 
306 77.2143 963.445 0 
307 73.0928 1015.79 0 
308 111.328 1009.19 0 
309 67.4 1027.84 0 
310 84.25 -1.90735e-07 0 
311 62.0771 21.4498 0 
312 98.2896 21.2565 0 
313 103.892 85.8517 0 
314 75.3738 64.8158 0 
315 54.4304 111.514 0 
316 87.9162 83.3459 0 
317 67.495 67.4362 0 
318 85.0608 133.93 0 
319 112.185 137.176 0 
320 64.0643 179.1 0 
321 81.8483 184.693 0 
322 68.1059 220.49 0 
323 94.5642 225.063 0 
324 99.6497 227.829 0 
325 60.7631 223.213 0 
326 107.469 254.288 0 
327 84.0491 274.645 0 
328 73.1259 280.782 0 
329 74.954 297.979 0 
330 74.1851 331.71 0 
331 64.6194 347.79 0 
332 78.7792 380.769 0 
333 94.1214 398.657 0 
334 93.7231 421.065 0 
335 77.4702 405.387 0 
336 69.4115 449.85 0 
337 75.3309 465.89 0 
338 82.2773 458.458 0 
339 74.8073 473.301 0 
340 99.19 490.996 0 
341 76.4461 512.212 0 
342 77.6 564.547 0 
343 75.1105 564.384 0 
344 75.3253 556.463 0 
345 71.6969 600.865 0 
346 74.2182 582.086 0 
347 38.5529 630.133 0 
348 73.0372 632.376 0 
349 73.5339 656.445 0 
350 65.2533 636.342 0 
351 58.573 671.149 0 
352 47.0185 718.595 0 
353 96.6826 706.847 0 
354 58.8613 727.476 0 
355 94.3903 776.377 0 
356 90.4767 773.113 0 
357 90.3702 813.893 0 
358 82.1882 795.214 0 
359 74.2241 789.644 0 
360 81.2325 849.048 0 
361 61.3759 855.54 0 
362 87.3984 875.946 0 
363 85.2961 902.612 0 
364 102.981 886.029 0 
365 60.4492 938.96 0 
366 65.9158 973.98 0 
367 72.4989 976.732 0 
368 99.1136 998.055 0 
369 86.8282 991.124 0 
370 56.4534 1034.89 0 
371 84.25 1027.84 0 
372 101.1 -1.90735e-07 0 
373 100.399 42.4387 0 
374 96.4758 48.8625 0 
375 84.4167 36.0625 0 
376 110.736 54.8327 0 
377 122.556 91.8546 0 
378 58.5688 99.4422 0 
379 97.731 117.768 0 
380 99.5332 104.649 0 
381 83.7517 161.943 0 
382 89.6585 198.272 0 
383 109.237 187.239 0 
384 90.691 208.17 0 
385 118.061 211.34 0 
386 102.414 221.591 0 
387 102.493 239.017 0 
388 108.651 254.138 0 
389 94.1316 269.512 0 
390 103.857 299.291 0 
391 108.638 286.53 0 
392 90.3781 350.626 0 
393 88.5783 327.499 0 
394 103.898 358.299 0 
395 78.3123 365.994 0 
396 107.331 402.22 0 
397 82.7486 399.427 0 
398 90.8856 421.899 0 
399 97.2515 439.448 0 
400 59.8547 475.694 0 
401 99.6787 465.904 0 
402 116.143 511.465 0 
403 107.227 535.492 0 
404 123.37 537.366 0 
405 93.0533 574.868 0 
406 101.318 567.268 0 
407 82.4336 579.097 0 
408 91.8536 624.74 0 
409 64.6906 608.268 0 
410 55.1344 637.971 0 
411 98.0054 633.924 0 
412 93.5206 660.793 0 
413 88.8105 671.085 0 
414 48.6767 735.437 0 
415 114.304 723.682 0 
416 108.97 735.976 0 
417 97.2143 754.464 0 
418 106.447 783.415 0 
419 104.781 812.353 0 
420 108.427 804.92 0 
421 81.1754 823.921 0 
422 120.212 849.667 0 
423 79.1756 834.8 0 
424 128.832 888.581 0 
425 106.702 909.222 0 
426 111.565 906.497 0 
427 70.6795 959.088 0 
428 122.305 973.818 0 
429 90.8181 982.948 0 
430 99.6611 964.017 0 
431 101.964 971.22 0 
432 133.738 1016.74 0 
433 101.1 1027.84 0 
434 117.95 -1.90735e-07 0 
435 83.0076 10.9209 0 
436 100.847 27.4064 0 
437 101.96 70.0662 0 
438 108.228 69.4435 0 
439 112.75 68.6886 0 
440 115.321 135.075 0 
441 91.2353 112.764 0 
442 100.31 129.005 0 
443 98.367 148.657 0 
444 91.9048 149.997 0 
445 94.8812 167.985 0 
446 101.756 200.184 0 
447 119.096 223.243 0 
448 122.996 234.032 0 
449 110.932 253.09 0 
450 111.311 280.459 0 
451 79.9529 295.707 0 
452 114.133 289.594 0 
453 133.005 303.432 0 
454 126.437 336.107 0 
455 105.467 362.941 0 
456 133.229 383.595 0 
457 107.391 380.361 0 
458 123.16 401.44 0 
459 115.65 419.285 0 
460 107.684 437.272 0 
461 93.2479 478.732 0 
462 110.295 468.426 0 
463 118.51 484.341 0 
464 81.4324 530.852 0 
465 119.823 510.15 0 
466 114.245 497.965 0 
467 115.178 539.898 0 
468 90.4377 547.528 0 
469 94.6664 551.987 0 
470 107.811 568.848 0 
471 105.104 639.828 0 
472 105.382 628.849 0 
473 140.674 687.557 0 
474 99.4504 669.57 0 
475 93.4329 689.159 0 
476 122.587 696.441 0 
477 141.61 699.329 0 
478 131.083 741.576 0 
479 140.771 741.775 0 
480 100.77 780.807 0 
481 112.767 780.449 0 
482 95.0201 796.798 0 
483 108.116 818.708 0 
484 79.0548 839.486 0 
485 86.1952 825.903 0 
486 117.465 845.529 0 
487 98.6445 864.07 0 
488 88.185 922.054 0 
489 107.882 897.998 0 
490 126.401 947.653 0 
491 128.211 988.035 0 
492 107.854 982.847 0 
493 115.722 1007.95 0 
494 131.637 1014.34 0 
495 117.95 1027.84 0 
496 134.8 -1.90735e-07 0 
497 124.457 45.1451 0 
498 107.877 35.738 0 
499 131.711 58.9845 0 
500 132.661 58.4681 0 
501 137.217 79.6247 0 
502 133.625 79.8808 0 
503 137.162 121.226 0 
504 140.667 149.755 0 
505 127.222 157.318 0 
506 140.658 181.328 0 
507 147.009 193.971 0 
508 151.408 211.587 0 
509 135.992 191.685 0 
510 153.079 248.518 0 
511 149.381 256.571 0 
512 141.296 279.39 0 
513 123.724 273.965 0 
514 144.615 307.061 0 
515 119.683 349.234 0 
516 136.422 358.398 0 
517 148.544 302.56 0 
518 161.086 379.299 0 
519 151.606 388.959 0 
520 113.443 403.642 0 
521 113.472 393.442 0 
522 133.064 409.155 0 
523 115.152 466.706 0 
524 135.825 458.453 0 
525 170.196 465.778 0 
526 113.27 488.161 0 
527 109.583 523.543 0 
528 107.165 512.269 0 
529 113.115 555.724 0 
530 144.172 572.727 0 
531 110.211 580.762 0 
532 137.955 603.816 0 
533 141.676 611.736 0 
534 91.1928 636.609 0 
535 129.089 625.386 0 
536 113.656 640.954 0 
537 116.494 655.125 0 
538 153.268 690.517 0 
539 99.8097 700.622 0 
540 150.919 730.163 0 
541 119.754 747.077 0 
542 131.792 767.692 0 
543 145.032 803.954 0 
544 116.797 790.492 0 
545 102.073 801.179 0 
546 157.693 835.168 0 
547 116.898 859.234 0 
548 118.595 888.138 0 
549 99.6192 872.537 0 
550 103.701 921.249 0 
551 141.766 941.163 0 
552 161.137 945.05 0 
553 145.774 980.395 0 
554 119.256 979.666 0 
555 135.774 975.872 0 
556 162.403 1006.42 0 
557 134.8 1027.84 0 
558 151.65 -1.90735e-07 0 
559 159.299 17.2669 0 
560 152.991 31.4672 0 
561 164.821 61.0253 0 
562 163.792 62.5554 0 
563 142.809 77.0134 0 
564 158.154 100.773 0 
565 147.189 137.746 0 
566 132.777 140.128 0 
567 135.471 161.714 0 
568 177.867 169.889 0 
569 154.207 158.533 0 
570 144.977 178.398 0 
571 116.4 190.046 0 
572 182.87 216.535 0 
573 170.814 252.564 0 
574 161.85 253.478 0 
575 128.524 302.328 0 
576 144.227 292.777 0 
577 131.176 306.514 0 
578 171.459 322.776 0 
579 138.256 328.136 0 
580 143.95 377.224 0 
581 126.109 377.558 0 
582 161.693 401.214 0 
583 149.693 395.623 0 
584 134.807 432.914 0 
585 132.647 427.513 0 
586 155.132 465.822 0 
587 149.853 467.439 0 
588 141.552 507.616 0 
589 145.608 508.053 0 
590 146.742 493.859 0 
591 109.164 535.97 0 
592 132.952 547.333 0 
593 135.651 597.04 0 
594 138.346 606.521 0 
595 129.621 633.812 0 
596 155.861 635.013 0 
597 138.043 658.326 0 
598 138.765 675.544 0 
599 131.68 698.744 0 
600 119.64 676.844 0 
601 145.733 705.179 0 
602 139.548 747.168 0 
603 126.795 717.038 0 
604 138.201 762.698 0 
605 136.837 755.221 0 
606 110.076 772.921 0 
607 123.196 813.657 0 
608 143.975 820.797 0 
609 136.691 862.094 0 
610 142.618 875.554 0 
611 158.897 915.648 0 
612 152.417 903.16 0 
613 147.078 919.605 0 
614 162.179 953.95 0 
615 152.789 954.813 0 
616 149.979 998.407 0 
617 130.585 987.783 0 
618 165.502 998.128 0 
619 151.65 1027.84 0 
620 168.5 -1.90735e-07 0 
621 170.491 11.4532 0 
622 183.146 38.0207 0 
623 189.11 33.7316 0 
624 144.846 61.9724 0 
625 141.965 113.314 0 
626 189.603 115.359 0 
627 159.72 142.061 0 
628 157.925 145.348 0 
629 208.831 136.03 0 
630 190.234 168.354 0 
631 181.734 164.648 0 
632 191.456 204.146 0 
633 169.868 209.024 0 
634 137.01 212.3 0 
635 170.132 249.249 0 
636 145.257 263.079 0 
637 150.924 241.615 0 
638 169.922 293.934 0 
639 165.244 309.575 0 
640 146.052 332.853 0 
641 140.559 338.833 0 
642 186.798 386.418 0 
643 143.587 363.793 0 
644 157.809 391.358 0 
645 130.601 405.519 0 
646 170.57 438.342 0 
647 145.756 423.599 0 
648 142.277 476.942 0 
649 161.663 483.486 0 
650 144.189 486.487 0 
651 186.098 505.498 0 
652 168.509 542.848 0 
653 169.062 506.087 0 
654 172.946 552.799 0 
655 177.002 577.153 0 
656 158.21 608.696 0 
657 176.833 601.348 0 
658 167.071 597.232 0 
659 156.857 657.054 0 
660 176.53 685.412 0 
661 163.051 697.978 0 
662 158.779 724.32 0 
663 145.729 718.811 0 
664 176.294 745.984 0 
665 177.015 767.742 0 
666 145.654 763.234 0 
667 182.413 756.75 0 
668 159.749 781.421 0 
669 164.904 817.965 0 
670 184.781 816.049 0 
671 190.527 855.515 0 
672 179.957 882.812 0 
673 163.951 899.279 0 
674 135.852 914.873 0 
675 141.293 920.02 0 
676 168.062 899.246 0 
677 171.583 967.747 0 
678 194.702 960.075 0 
679 142.811 976.34 0 
680 199.872 1003.43 0 
681 168.5 1027.84 0 
682 185.35 -1.90735e-07 0 
683 176.919 59.8025 0 
684 189.762 22.2467 0 
685 167.376 48.1233 0 
686 177.09 41.5426 0 
687 170.612 78.6105 0 
688 176.959 99.1026 0 
689 202.623 142.872 0 
690 197.165 143.784 0 
691 171.752 125.025 0 
692 163.861 185.498 0 
693 203.786 183.376 0 
694 174.029 185.387 0 
695 203.506 201.11 0 
696 189.549 240.28 0 
697 194.064 242.854 0 
698 181.797 279.866 0 
699 181.447 269.758 0 
700 173.911 317.784 0 
701 168.086 332.237 0 
702 184.661 350.129 0 
703 155.374 353.745 0 
704 171.322 361.35 0 
705 132.278 391.882 0 
706 196.733 394.11 0 
707 140.14 405.182 0 
708 149.156 407.381 0 
709 216.259 443.283 0 
710 137.322 485.697 0 
711 209.55 526.977 0 
712 181.205 500.489 0 
713 156.239 516.053 0 
714 175.814 520.177 0 
715 188.305 537.758 0 
716 163.892 567.84 0 
717 176.962 546.258 0 
718 175.562 582.547 0 
719 207.625 585.694 0 
720 151.114 610.291 0 
721 171.198 642.462 0 
722 177.193 678.138 0 
723 163.6 696.924 0 
724 173.169 697.947 0 
725 172.274 693.862 0 
726 196.679 713.333 0 
727 146.656 742.611 0 
728 178.235 768.343 0 
729 163.499 776.085 0 
730 145.862 783.518 0 
731 136.527 793.931 0 
732 171.3 831.029 0 
733 177.087 836 0 
734 157.877 860.524 0 
735 210.49 889.069 0 
736 159.198 920.068 0 
737 202.488 919.183 0 
738 186.891 917.278 0 
739 216.748 935.036 0 
740 161.326 963.857 0 
741 177.357 944.616 0 
742 171.36 1017.75 0 
743 185.35 1027.84 0 
744 202.2 -1.90735e-07 0 
745 203.791 0.90732 0 
746 167.892 31.1671 0 
747 228.351 74.3018 0 
748 176.409 25.1784 0 
749 202.057 63.176 0 
750 233.369 118.552 0 
751 181.936 70.3065 0 
752 218.808 134.535 0 
753 187.522 134.566 0 
754 192.085 174.217 0 
755 199 187.158 0 
756 192.241 210.392 0 
757 204.274 233.325 0 
758 200.863 224.318 0 
759 177.233 236.759 0 
760 202.885 250.019 0 
761 189.695 273.884 0 
762 217.473 264.645 0 
763 183.417 314.033 0 
764 170.478 299.778 0 
765 210.769 360.473 0 
766 213.956 372.928 0 
767 189.683 377.543 0 
768 223.904 378.825 0 
769 206.453 382.818 0 
770 172.351 436.685 0 
771 209.413 464.9 0 
772 168.975 478.946 0 
773 214.305 474.047 0 
774 195.017 516.481 0 
775 197.725 510.613 0 
776 164.618 521.017 0 
777 174.325 575.177 0 
778 196.477 561.203 0 
779 174.872 578.468 0 
780 208.719 607.979 0 
781 207.358 613.824 0 
782 186.75 617.767 0 
783 223.721 664.09 0 
784 213.618 642.149 0 
785 160.2 677.435 0 
786 222.074 672.379 0 
787 214.296 712.782 0 
788 191.374 721.456 0 
789 187.173 718.01 0 
790 204.142 748.312 0 
791 207.669 773.054 0 
792 214.709 795.441 0 
793 202.235 815.176 0 
794 192.449 833.649 0 
795 205.045 833.142 0 
796 206.314 858.196 0 
797 224.474 887.252 0 
798 188.435 900.101 0 
799 224.806 928.905 0 
800 188.943 925.885 0 
801 171.586 968.757 0 
802 178.092 974.763 0 
803 202.424 1013.44 0 
804 179.796 1023.7 0 
805 202.2 1027.84 0 
806 219.05 -1.90735e-07 0 
807 225.665 23.6481 0 
808 229.571 20.7805 0 
809 202.051 32.157 0 
810 187.499 84.1361 0 
811 227.707 62.9538 0 
812 213.02 88.1315 0 
813 218.803 113.401 0 
814 228.864 145.314 0 
815 196.003 118.555 0 
816 207.805 161.568 0 
817 190.748 217.117 0 
818 198.187 212.696 0 
819 213.418 184.324 0 
820 199.407 232.014 0 
821 225.119 258.336 0 
822 195.703 250.844 0 
823 192.381 293.623 0 
824 215.69 313.141 0 
825 204.394 324.238 0 
826 225.996 333.536 0 
827 187.747 325.25 0 
828 178.85 355.258 0 
829 191.736 369.21 0 
830 207.548 381.737 0 
831 204.416 389.43 0 
832 223.772 431.45 0 
833 202.039 454.198 0 
834 212.821 461.546 0 
835 194.631 456.663 0 
836 228.797 504.095 0 
837 200.647 512.049 0 
838 185.421 498.257 0 
839 196.181 515.832 0 
840 146.551 534.513 0 
841 223.331 577.698 0 
842 214.602 572.506 0 
843 210.307 614.363 0 
844 171.57 610.893 0 
845 222.12 636.788 0 
846 176.066 645.372 0 
847 171.395 666.825 0 
848 207.098 692.077 0 
849 196.575 704.332 0 
850 239.017 732.795 0 
851 195.284 737.775 0 
852 202.849 761.761 0 
853 188.368 781.613 0 
854 222.834 814.302 0 
855 213.459 848.304 0 
856 220.823 804.692 0 
857 213.275 889.747 0 
858 175.259 875.791 0 
859 229.851 895.889 0 
860 216.445 922.07 0 
861 230.115 906.957 0 
862 230.686 914.592 0 
863 200.548 955.755 0 
864 208.182 988.979 0 
865 222.814 961.739 0 
866 237.365 981.171 0 
867 219.05 1027.84 0 
868 235.9 -1.90735e-07 0 
869 226.149 -3.26055 0 
870 223.024 15.993 0 
871 223.909 45.1376 0 
872 225.293 46.3548 0 
873 262.021 78.7385 0 
874 223.542 113.347 0 
875 235.033 97.6937 0 
876 241.944 130.91 0 
877 242.592 131.536 0 
878 223.597 166.581 0 
879 223.516 152.068 0 
880 240.18 200.553 0 
881 241.405 201.714 0 
882 236.335 221.971 0 
883 235.542 254.583 0 
884 212.113 268.476 0 
885 222.152 279.559 0 
886 229.388 298.179 0 
887 204.41 312.22 0 
888 221.416 377.382 0 
889 231.592 372.463 0 
890 270.776 338.696 0 
891 218.1 363.23 0 
892 222.484 401.484 0 
893 205.099 408.791 0 
894 224.65 420.67 0 
895 201.773 400.668 0 
896 225.776 463.792 0 
897 188.825 462.508 0 
898 218.471 451.44 0 
899 227.861 528.389 0 
900 208.789 527.533 0 
901 226.917 540.508 0 
902 201.384 537.157 0 
903 217.264 594.172 0 
904 205.532 586.421 0 
905 220.768 580.408 0 
906 222.274 622.888 0 
907 224.595 630.71 0 
908 234.011 667.176 0 
909 217.468 683.049 0 
910 219.737 690.023 0 
911 225.722 733.236 0 
912 191.18 730.323 0 
913 208.776 726.81 0 
914 255.372 740.208 0 
915 213.87 783.522 0 
916 190.151 835.834 0 
917 242.827 800.251 0 
918 216.045 830.776 0 
919 262.917 854.059 0 
920 222.362 867.722 0 
921 214.11 855.031 0 
922 212.434 901.788 0 
923 238.234 935.794 0 
924 192.906 965.244 0 
925 214.625 959.276 0 
926 199.788 972.958 0 
927 254.675 990.098 0 
928 258.273 986.407 0 
929 235.9 1027.84 0 
930 252.75 -1.90735e-07 0 
931 227.74 46.853 0 
932 279.178 42.7002 0 
933 237.028 79.7946 0 
934 240.32 64.1564 0 
935 258.228 75.0873 0 
936 245.726 108.812 0 
937 222.004 131.643 0 
938 241.104 115.804 0 
939 245.242 173.405 0 
940 255.477 124.117 0 
941 262.428 198.292 0 
942 235.482 197.099 0 
943 234.194 224.479 0 
944 230.31 220.821 0 
945 217.37 228.012 0 
946 251.681 264.816 0 
947 223.781 284.161 0 
948 221.401 271.567 0 
949 250.551 300.622 0 
950 222.309 331.463 0 
951 264.372 372.534 0 
952 249.661 362.548 0 
953 225.024 413.714 0 
954 252.405 401.756 0 
955 243.75 407.503 0 
956 244.784 400.004 0 
957 234.933 430.971 0 
958 230.848 447.714 0 
959 250.235 462.007 0 
960 214.245 477.909 0 
961 210.648 521.869 0 
962 260.549 510.783 0 
963 230.893 547.237 0 
964 237.191 566.66 0 
965 270.478 537.812 0 
966 236.623 572.506 0 
967 203.524 615.069 0 
968 225.11 612.895 0 
969 245.31 622.976 0 
970 248.828 643.924 0 
971 244.994 688.123 0 
972 239.992 697.483 0 
973 235.511 698.407 0 
974 251.186 703.223 0 
975 219.074 741.606 0 
976 225.048 769.449 0 
977 222.424 756.954 0 
978 228.833 788.61 0 
979 206.697 788.162 0 
980 239.327 838.505 0 
981 237.321 817.679 0 
982 227.022 853.81 0 
983 248.929 874.379 0 
984 218.915 853.881 0 
985 233.358 928.562 0 
986 229.368 909.879 0 
987 234.092 942.532 0 
988 227.087 961.419 0 
989 267.037 1000.58 0 
990 244.479 1009.31 0 
991 252.75 1027.84 0 
992 269.6 -1.90735e-07 0 
993 288.789 21.0971 0 
994 263.777 48.6071 0 
995 261.579 44.392 0 
996 243.721 54.3244 0 
997 269.564 82.9285 0 
998 280.825 80.7043 0 
999 268.849 99.4018 0 
1000 252.556 125.063 0 
1001 234.933 170.426 0 
1002 267.563 172.885 0 
1003 267.247 174.123 0 
1004 270.123 199.177 0 
1005 254.471 224.426 0 
1006 254.039 238.993 0 
1007 262.489 261.461 0 
1008 255.661 235.738 0 
1009 270.716 284.732 0 
1010 242.502 281.779 0 
1011 265.797 347.783 0 
1012 254.264 321.454 0 
1013 273.165 371.016 0 
1014 265.819 360.245 0 
1015 257.817 375.311 0 
1016 243.715 390.152 0 
1017 225.701 418.295 0 
1018 276.371 415.699 0 
1019 244.632 442.428 0 
1020 239.031 444.032 0 
1021 224.212 471.505 0 
1022 220.62 468.169 0 
1023 274.056 498.635 0 
1024 263.963 506.661 0 
1025 265.306 543.105 0 
1026 240.891 568.097 0 
1027 213.122 564.142 0 
1028 284.616 579.375 0 
1029 239.158 588.939 0 
1030 271.452 613.276 0 
1031 253.66 669.907 0 
1032 265.622 647.137 0 
1033 271.767 670.485 0 
1034 252.878 673.436 0 
1035 252.275 718.651 0 
1036 234.192 726.715 0 
1037 289.566 750.923 0 
1038 233.163 767.69 0 
1039 223.266 787.444 0 
1040 247.218 770.775 0 
1041 224.995 814.407 0 
1042 240.699 821.388 0 
1043 259.352 862.148 0 
1044 259.398 844.289 0 
1045 245.183 890.868 0 
1046 247.722 895.805 0 
1047 224.348 899.312 0 
1048 289.243 948.003 0 
1049 284.123 945.487 0 
1050 241.061 968.925 0 
1051 280.313 987.737 0 
1052 274.294 1007.2 0 
1053 269.6 1027.84 0 
1054 286.45 -1.90735e-07 0 
1055 265.754 25.5066 0 
1056 280.233 39.1888 0 
1057 307.162 45.4675 0 
1058 270.071 75.7095 0 
1059 285.859 60.1915 0 
1060 276.262 72.9911 0 
1061 284.116 101.21 0 
1062 323.107 118.646 0 
1063 289.796 146.061 0 
1064 264.315 195.192 0 
1065 297.887 164.407 0 
1066 257.561 202.645 0 
1067 264.036 206.433 0 
1068 286.406 226.691 0 
1069 262.439 270.263 0 
1070 286.448 274.465 0 
1071 283.254 281.249 0 
1072 269.824 297.645 0 
1073 291.692 287.867 0 
1074 292.99 353.246 0 
1075 278.024 331.966 0 
1076 256.234 353.939 0 
1077 247.208 384.047 0 
1078 290.022 354.266 0 
1079 254.326 389.214 0 
1080 253.83 414.721 0 
1081 263.971 442.103 0 
1082 267.654 496.697 0 
1083 259.443 460.908 0 
1084 264.09 493.596 0 
1085 302.002 509.554 0 
1086 246.004 522.668 0 
1087 261.686 552.02 0 
1088 247.724 591.47 0 
1089 265.924 573.543 0 
1090 267.286 556.623 0 
1091 246.329 602.639 0 
1092 264.534 624.101 0 
1093 246.85 625.799 0 
1094 286.57 692.259 0 
1095 251.96 688.17 0 
1096 262.265 688.693 0 
1097 265.893 690.242 0 
1098 260.662 703.836 0 
1099 276.762 735.474 0 
1100 256.907 756.665 0 
1101 277.585 778.443 0 
1102 296.426 796.358 0 
1103 269.102 789.293 0 
1104 277.02 842.164 0 
1105 257.489 831.019 0 
1106 251.755 871.12 0 
1107 260.389 859.533 0 
1108 291.164 912.924 0 
1109 284.595 907.403 0 
1110 264.929 933.591 0 
1111 281.378 944.093 0 
1112 287.812 966.651 0 
1113 282.742 998.064 0 
1114 308.4 1016.78 0 
1115 286.45 1027.84 0 
1116 303.3 -1.90735e-07 0 
1117 272.002 17.4924 0 
1118 300.291 18.8256 0 
1119 305.088 49.5797 0 
1120 322.906 78.5681 0 
1121 316.001 75.9517 0 
1122 317.51 71.3435 0 
1123 270.213 138.352 0 
1124 306.385 145.82 0 
1125 307.381 163.932 0 
1126 286.555 171.511 0 
1127 321.893 173.827 0 
1128 301.646 158.018 0 
1129 285.813 206.118 0 
1130 287.994 232.061 0 
1131 302.203 217.805 0 
1132 316.971 256.888 0 
1133 275.226 272.524 0 
1134 303.343 272.964 0 
1135 275.785 305.342 0 
1136 274.755 332.955 0 
1137 283.043 344.173 0 
1138 307.489 348.59 0 
1139 276.223 378.953 0 
1140 286.211 389.375 0 
1141 292.982 429.071 0 
1142 275.445 403.889 0 
1143 314.887 459.827 0 
1144 281.545 447.62 0 
1145 287.674 464.175 0 
1146 295.32 503.221 0 
1147 291.627 480.277 0 
1148 288.159 516.69 0 
1149 252.619 523.553 0 
1150 260.992 542.586 0 
1151 269.205 535.971 0 
1152 286.949 591.285 0 
1153 293.142 595.944 0 
1154 240.02 582.108 0 
1155 312.016 603.586 0 
1156 281.334 660.2 0 
1157 300.701 689.424 0 
1158 243.544 680.455 0 
1159 271.63 706.768 0 
1160 288.241 691.226 0 
1161 240.401 735.739 0 
1162 274.181 767.473 0 
1163 288.519 744.978 0 
1164 256.846 749.662 0 
1165 237.572 812.859 0 
1166 278.429 803.59 0 
1167 286.694 863.284 0 
1168 280.707 845.365 0 
1169 293.598 869.808 0 
1170 255.997 856.871 0 
1171 275.123 892.599 0 
1172 310.101 925.633 0 
1173 307.344 954.037 0 
1174 288.788 972.812 0 
1175 301.66 978.226 0 
1176 299.201 1017.04 0 
1177 303.3 1027.84 0 
1178 320.15 -1.90735e-07 0 
1179 323.25 -10.0486 0 
1180 327.189 20.6959 0 
1181 316.584 39.7228 0 
1182 356.432 39.6701 0 
1183 277.648 57.4621 0 
1184 302.913 77.6757 0 
1185 316.218 105.471 0 
1186 306.229 93.3144 0 
1187 297.861 142.611 0 
1188 338.568 178.387 0 
1189 273.125 167.969 0 
1190 322.166 185.186 0 
1191 294.304 171.946 0 
1192 302.034 263.084 0 
1193 292.583 244.055 0 
1194 324.506 291.473 0 
1195 301.67 266.545 0 
1196 326.607 291.671 0 
1197 310.613 301.265 0 
1198 284.896 359.635 0 
1199 308.968 334.429 0 
1200 312.159 405.163 0 
1201 291.831 379.381 0 
1202 313.409 393.665 0 
1203 321.173 426.607 0 
1204 302.325 421.402 0 
1205 294.629 408.892 0 
1206 311.024 458.572 0 
1207 293.704 478.292 0 
1208 322.781 478.297 0 
1209 302.841 502.014 0 
1210 336.51 501.945 0 
1211 297.751 505.4 0 
1212 298.702 533.465 0 
1213 306.041 574.296 0 
1214 268.602 561.497 0 
1215 296.405 594.784 0 
1216 273.015 584.596 0 
1217 306.225 630.468 0 
1218 284.787 652.843 0 
1219 291.929 639.653 0 
1220 305.799 655.812 0 
1221 274.547 705.594 0 
1222 304.443 678.82 0 
1223 288.344 726.441 0 
1224 309.277 729.769 0 
1225 300.351 762.413 0 
1226 243.383 777.637 0 
1227 281.725 791.027 0 
1228 312.172 834.111 0 
1229 321.185 836.003 0 
1230 303.45 854.611 0 
1231 283.404 885.421 0 
1232 284.422 903.263 0 
1233 277.393 921.744 0 
1234 331.585 936.864 0 
1235 335.912 942.458 0 
1236 262.361 985.027 0 
1237 304.076 993.471 0 
1238 333.637 1031.17 0 
1239 320.15 1027.84 0 
1240 337 -1.90735e-07 0 
1241 346.793 6.59207 0 
1242 344.097 41.6516 0 
1243 340.431 42.9752 0 
1244 324.329 67.8786 0 
1245 317.353 68.5963 0 
1246 331.618 89.9632 0 
1247 361.936 108.083 0 
1248 319.591 124.288 0 
1249 319.709 140.831 0 
1250 341.938 169.509 0 
1251 323.22 193.265 0 
1252 303.426 214.8 0 
1253 319.724 223.219 0 
1254 322.207 232.077 0 
1255 313.606 250.855 0 
1256 295.943 261.333 0 
1257 304.137 270.75 0 
1258 311.965 277.71 0 
1259 348.249 294.203 0 
1260 319.518 342.422 0 
1261 349.877 331.437 0 
1262 335.667 355.668 0 
1263 326.807 355.222 0 
1264 317.921 392.289 0 
1265 317.678 383.407 0 
1266 289.302 431.137 0 
1267 311.338 429.339 0 
1268 301.491 457.821 0 
1269 318.884 471.733 0 
1270 313.726 468.174 0 
1271 306.01 509.118 0 
1272 308.468 486.551 0 
1273 307.981 525.915 0 
1274 319.292 548.17 0 
1275 295.567 562.516 0 
1276 294.645 602.546 0 
1277 314.547 582.74 0 
1278 282.028 600.561 0 
1279 307.03 636.288 0 
1280 259.958 659.637 0 
1281 313.502 651.718 0 
1282 317.019 700.93 0 
1283 305.368 689.227 0 
1284 316.033 693.819 0 
1285 311.455 736.752 0 
1286 316.294 727.31 0 
1287 320.686 746.948 0 
1288 324.847 784.193 0 
1289 332.356 792.014 0 
1290 305.546 799.646 0 
1291 288.227 819.442 0 
1292 311.477 865.763 0 
1293 328.692 852.619 0 
1294 315.58 891.072 0 
1295 310.542 919.529 0 
1296 319.189 926.367 0 
1297 319.119 961.145 0 
1298 333.992 959.961 0 
1299 342.645 1003.58 0 
1300 328.809 1030.82 0 
1301 337 1027.84 0 
1302 353.85 -1.90735e-07 0 
1303 337.59 16.4759 0 
1304 377.754 20.006 0 
1305 338.494 62.5109 0 
1306 350.745 95.6969 0 
1307 320.007 71.8874 0 
1308 347.985 111.811 0 
1309 297.893 129.103 0 
1310 350.567 129.606 0 
1311 369.358 175.286 0 
1312 361.691 203.043 0 
1313 332.721 183.114 0 
1314 342.527 191.035 0 
1315 346.711 210.746 0 
1316 333.31 241.251 0 
1317 307.994 216.685 0 
1318 339.818 262.504 0 
1319 326.338 273.523 0 
1320 353.743 288.286 0 
1321 349.673 299.388 0 
1322 335.616 299.122 0 
1323 331.636 340.326 0 
1324 331.516 315.432 0 
1325 323.797 378.71 0 
1326 322.889 418.397 0 
1327 335.372 422.196 0 
1328 318.616 423.242 0 
1329 321.535 427.876 0 
1330 287.895 438.308 0 
1331 316.78 443.617 0 
1332 303.996 484.845 0 
1333 362.166 534.534 0 
1334 303.007 500.316 0 
1335 300.351 525.881 0 
1336 324.937 547.391 0 
1337 336.065 576.895 0 
1338 321.558 577.067 0 
1339 316 572.768 0 
1340 333.688 610.08 0 
1341 331.932 631.273 0 
1342 334.585 638.124 0 
1343 315.951 675.639 0 
1344 295.084 691.797 0 
1345 339.711 652.993 0 
1346 307.895 742.373 0 
1347 326.164 743.119 0 
1348 339.846 774.44 0 
1349 338.311 759.093 0 
1350 309.145 766.613 0 
1351 324.727 761.232 0 
1352 331.091 803.485 0 
1353 364.672 850.603 0 
1354 315.825 868.192 0 
1355 349.64 888.063 0 
1356 323.277 896.383 0 
1357 346.573 919.367 0 
1358 346.55 948.794 0 
1359 367.509 924.085 0 
1360 366.373 979.169 0 
1361 366.846 975.526 0 
1362 379.293 994.17 0 
1363 353.85 1027.84 0 
1364 370.7 -1.90735e-07 0 
1365 351.918 30.6283 0 
1366 380.287 -8.12208 0 
1367 386.246 50.7208 0 
1368 391.809 63.0042 0 
1369 361.191 120.811 0 
1370 336.77 84.8697 0 
1371 320.759 131.979 0 
1372 363.807 131.53 0 
1373 368.906 159.168 0 
1374 366.81 133.096 0 
1375 383.064 179.8 0 
1376 368.546 210.974 0 
1377 343.751 206.155 0 
1378 374.389 221.763 0 
1379 348.245 231.629 0 
1380 400.463 274.028 0 
1381 341.488 270.948 0 
1382 362.559 274.907 0 
1383 358.813 284.588 0 
1384 343.226 301.204 0 
1385 366.909 366.004 0 
1386 351.559 364.159 0 
1387 316.163 405.209 0 
1388 364.552 378.255 0 
1389 368.812 377.939 0 
1390 338.878 415.874 0 
1391 367.761 450.865 0 
1392 349.7 435.464 0 
1393 358.41 450.269 0 
1394 336.347 454.438 0 
1395 371.285 503.511 0 
1396 368.714 509.611 0 
1397 331.978 505.852 0 
1398 339.896 547.18 0 
1399 360.181 545.457 0 
1400 368.112 597.447 0 
1401 323.224 600.11 0 
1402 325.748 611.743 0 
1403 340.149 595.925 0 
1404 351.986 633.388 0 
1405 330.943 657.194 0 
1406 339.632 695.43 0 
1407 357.491 682.176 0 
1408 337.132 681.319 0 
1409 347.793 714.12 0 
1410 324.968 720.302 0 
1411 332.629 747.406 0 
1412 331.63 763.85 0 
1413 351.969 768.398 0 
1414 306.625 826.958 0 
1415 348.044 841.072 0 
1416 327.402 861.438 0 
1417 315.775 879.228 0 
1418 333.835 901.316 0 
1419 353.886 913.579 0 
1420 366.42 890.316 0 
1421 372.811 959.232 0 
1422 367.268 958.777 0 
1423 368.552 1001.83 0 
1424 361.001 1001.66 0 
1425 370.7 1027.84 0 
1426 387.55 -1.90735e-07 0 
1427 387.936 12.2855 0 
1428 381.514 17.364 0 
1429 366.093 56.0596 0 
1430 383.564 75.2733 0 
1431 366.072 78.2476 0 
1432 410.468 98.1048 0 
1433 405.967 105.348 0 
1434 369.229 121.919 0 
1435 366.848 150.797 0 
1436 383.036 169.792 0 
1437 377.593 154.449 0 
1438 360.838 176.086 0 
1439 370.837 220.347 0 
1440 381.108 226.297 0 
1441 371.185 232.725 0 
1442 354.664 233.785 0 
1443 387.495 273.124 0 
1444 362.192 276.598 0 
1445 371.996 346.643 0 
1446 394.521 301.49 0 
1447 393.741 335.455 0 
1448 345.766 325.581 0 
1449 380.897 379.194 0 
1450 362.12 361.74 0 
1451 369.061 392.042 0 
1452 355.437 413.571 0 
1453 347.628 452.463 0 
1454 341.996 441.002 0 
1455 338.2 446.718 0 
1456 324.163 480.008 0 
1457 336.628 486.046 0 
1458 322.988 490.417 0 
1459 324.727 526.075 0 
1460 375.723 533.228 0 
1461 347.973 561.672 0 
1462 353.113 572.217 0 
1463 342.457 587.629 0 
1464 343.468 615.693 0 
1465 354.739 619.624 0 
1466 355.925 658.563 0 
1467 367.355 691.52 0 
1468 346.898 657.27 0 
1469 337.399 681.286 0 
1470 378.19 700.898 0 
1471 383.393 714.285 0 
1472 374.8 733.672 0 
1473 335.895 736.849 0 
1474 363.56 791.345 0 
1475 332.923 780.276 0 
1476 376.318 801.275 0 
1477 330.131 841.284 0 
1478 366.445 856.127 0 
1479 405.144 846.628 0 
1480 396.304 898.227 0 
1481 332.299 909.767 0 
1482 363.644 928.033 0 
1483 359.949 931.903 0 
1484 407.861 966.697 0 
1485 368.135 1032.56 0 
1486 399.687 1006.21 0 
1487 387.55 1027.84 0 
1488 404.4 -1.90735e-07 0 
1489 384.628 10.2424 0 
1490 384.775 50.2406 0 
1491 400.69 55.8155 0 
1492 372.527 83.5101 0 
1493 428.269 105.63 0 
1494 356.857 113.203 0 
1495 371.048 108.775 0 
1496 407.451 134.526 0 
1497 378.004 150.577 0 
1498 409.005 112.372 0 
1499 407.235 145.166 0 
1500 388.148 193.55 0 
1501 394.525 204.972 0 
1502 393.506 196.722 0 
1503 380.935 241.967 0 
1504 377.156 264.111 0 
1505 388.945 252.339 0 
1506 367.793 268.287 0 
1507 413.052 287.927 0 
1508 400.684 323.837 0 
1509 372.558 335.148 0 
1510 395.972 310.652 0 
1511 383.76 361.713 0 
1512 354.363 346.164 0 
1513 376.411 405.076 0 
1514 394.635 419.046 0 
1515 383.274 444.418 0 
1516 360.84 436.255 0 
1517 348.722 484.273 0 
1518 352.662 468.918 0 
1519 382.413 514.273 0 
1520 356.658 529.686 0 
1521 353.086 541.931 0 
1522 370.404 531.661 0 
1523 366.643 563.886 0 
1524 368.801 550.429 0 
1525 331.665 584.554 0 
1526 348.792 595.745 0 
1527 357.083 602.483 0 
1528 373.969 630.579 0 
1529 339.254 629.563 0 
1530 371.91 661.814 0 
1531 382.993 676.801 0 
1532 359.615 741.648 0 
1533 359.868 711.724 0 
1534 335.39 748.642 0 
1535 400.545 780.303 0 
1536 377.512 785.498 0 
1537 410.915 803.264 0 
1538 388.077 814.84 0 
1539 354.763 816.816 0 
1540 363.177 842.567 0 
1541 381.073 870.978 0 
1542 373.696 877.885 0 
1543 375.305 920.917 0 
1544 368.316 898.147 0 
1545 377.412 924.091 0 
1546 394.529 959.114 0 
1547 392.909 1002.54 0 
1548 357.523 1015.45 0 
1549 404.4 1027.84 0 
1550 421.25 -1.90735e-07 0 
1551 440.456 11.5936 0 
1552 439.251 32.1693 0 
1553 429.425 18.1023 0 
1554 423.597 27.2978 0 
1555 455.314 90.7429 0 
1556 404.31 117.443 0 
1557 396.342 96.1686 0 
1558 423.336 146.986 0 
1559 428.546 156.065 0 
1560 387.605 154.326 0 
1561 427.117 196.574 0 
1562 382.251 197.998 0 
1563 389.6 201.168 0 
1564 391.018 218.189 0 
1565 411.941 236.604 0 
1566 402.924 262.756 0 
1567 399.347 272.943 0 
1568 394.421 295.825 0 
1569 387.258 315.147 0 
1570 390.946 296.857 0 
1571 386.267 335.042 0 
1572 396.238 347.909 0 
1573 415.339 340.977 0 
1574 398.879 369.973 0 
1575 407.703 371.316 0 
1576 421.782 408.002 0 
1577 377.958 444.319 0 
1578 380.627 449.525 0 
1579 392.737 438.752 0 
1580 372.64 475.669 0 
1581 399.354 487.264 0 
1582 377.193 500.63 0 
1583 380.624 522.69 0 
1584 371.721 547.47 0 
1585 396.139 560.827 0 
1586 404.603 568.633 0 
1587 396.586 595.411 0 
1588 395.819 581.439 0 
1589 378.65 589.21 0 
1590 379.074 635.368 0 
1591 381.062 645.444 0 
1592 396.1 666.365 0 
1593 386.373 686.001 0 
1594 395.896 719.916 0 
1595 391.042 722.038 0 
1596 357.948 729.665 0 
1597 381.701 743.817 0 
1598 389.152 793.568 0 
1599 379.836 787.903 0 
1600 408.693 805.281 0 
1601 393.73 820.201 0 
1602 409.847 820.905 0 
1603 423.118 863.671 0 
1604 389.31 889.74 0 
1605 396.474 899.654 0 
1606 402.439 903.56 0 
1607 403.302 949.593 0 
1608 403.429 951.463 0 
1609 436.16 991.868 0 
1610 430.945 1002.31 0 
1611 421.25 1027.84 0 
1612 438.1 -1.90735e-07 0 
1613 427.575 17.7909 0 
1614 428.089 19.9395 0 
1615 466.165 22.5621 0 
1616 414.517 69.5957 0 
1617 443.566 82.5732 0 
1618 435.652 81.6585 0 
1619 436.894 105.271 0 
1620 456.288 138.006 0 
1621 430.467 172.431 0 
1622 442.736 150.496 0 
1623 439.753 172.088 0 
1624 451.63 175.2 0 
1625 409.209 225.251 0 
1626 416.509 221.14 0 
1627 407.921 219.303 0 
1628 429.602 262.767 0 
1629 446.938 285.781 0 
1630 428.547 295.2 0 
1631 437.425 313.448 0 
1632 444.537 314.694 0 
1633 427.903 357.705 0 
1634 408.491 337.217 0 
1635 402.058 348.125 0 
1636 415.37 337.435 0 
1637 402.392 395.759 0 
1638 418.441 411.355 0 
1639 408.538 428.112 0 
1640 411.15 444.062 0 
1641 404.379 471.428 0 
1642 392.433 456.58 0 
1643 407.908 496.018 0 
1644 437.516 489 0 
1645 382.545 502.163 0 
1646 362.268 528.24 0 
1647 410.514 531.262 0 
1648 388.654 576.708 0 
1649 377.054 579.094 0 
1650 415.375 622.259 0 
1651 372.407 605.209 0 
1652 400.093 670.359 0 
1653 381.331 628.601 0 
1654 433.02 657.332 0 
1655 404.539 685.42 0 
1656 388.296 697.509 0 
1657 369.422 725.133 0 
1658 395.053 723.582 0 
1659 402.295 764.847 0 
1660 420.027 765.931 0 
1661 415.335 758.759 0 
1662 401.61 791.931 0 
1663 414.949 812.44 0 
1664 394.681 827.782 0 
1665 423.603 863.954 0 
1666 390.99 881.074 0 
1667 395.523 906.263 0 
1668 426.596 948.79 0 
1669 424.004 941.094 0 
1670 457.275 955.455 0 
1671 441.278 973.471 0 
1672 437.646 1017.05 0 
1673 438.1 1027.84 0 
1674 454.95 -1.90735e-07 0 
1675 433.54 6.02561 0 
1676 445.847 42.7717 0 
1677 427.712 54.3133 0 
1678 415.155 51.7899 0 
1679 497.331 70.5177 0 
1680 446.032 115.26 0 
1681 438.606 107.819 0 
1682 456.483 119.219 0 
1683 426.681 151.308 0 
1684 447.837 143.879 0 
1685 454.639 185.919 0 
1686 468.004 200.047 0 
1687 469.665 192.917 0 
1688 447.245 231.124 0 
1689 441.987 242.41 0 
1690 394.247 247.638 0 
1691 431.648 287.199 0 
1692 460.508 296.72 0 
1693 421.885 290.054 0 
1694 437.599 296.771 0 
1695 427.174 333.479 0 
1696 422.979 350.438 0 
1697 439.927 366.021 0 
1698 433.061 370.273 0 
1699 400.816 391.359 0 
1700 456.941 427.392 0 
1701 422.455 430.399 0 
1702 400.887 475.884 0 
1703 397.114 458.702 0 
1704 422.5 446.884 0 
1705 424.43 501.682 0 
1706 417.311 530.64 0 
1707 429.504 495.626 0 
1708 409.508 523.829 0 
1709 424.311 549.821 0 
1710 393.09 555.41 0 
1711 389.572 586.235 0 
1712 408.477 576.791 0 
1713 406.871 604.684 0 
1714 397.944 656.232 0 
1715 410.337 624.494 0 
1716 382.791 668.182 0 
1717 408.685 659.757 0 
1718 396.852 690.274 0 
1719 427.519 694.423 0 
1720 409.204 718.243 0 
1721 395.616 756.023 0 
1722 411.222 768.928 0 
1723 383.117 779.315 0 
1724 417.864 764.959 0 
1725 417.9 805.204 0 
1726 415.457 857.53 0 
1727 397.619 850.278 0 
1728 412.383 866.077 0 
1729 412.829 908.652 0 
1730 410.948 948.732 0 
1731 454.27 946.575 0 
1732 470.285 935.994 0 
1733 406.716 988.618 0 
1734 469.063 1012.97 0 
1735 454.95 1027.84 0 
1736 471.8 -1.90735e-07 0 
1737 477.143 17.0525 0 
1738 454.549 29.7704 0 
1739 462.152 32.0595 0 
1740 469.109 68.3457 0 
1741 463.802 62.6026 0 
1742 475.316 114.736 0 
1743 464.64 77.3895 0 
1744 442.348 127.762 0 
1745 462.134 130.707 0 
1746 449.926 179.422 0 
1747 466.06 189.742 0 
1748 462.652 184 0 
1749 459.186 195.206 0 
1750 458.266 221.93 0 
1751 412.351 233.243 0 
1752 414.102 270.236 0 
1753 474.472 267.889 0 
1754 453.902 297.05 0 
1755 453.495 284.95 0 
1756 455.03 296.378 0 
1757 430.391 350.311 0 
1758 421.876 345.36 0 
1759 439.128 356.32 0 
1760 427.635 360.066 0 
1761 431.959 387.54 0 
1762 441.371 388.378 0 
1763 443.904 415.926 0 
1764 455.633 435.841 0 
1765 436.573 464.857 0 
1766 417.568 458.543 0 
1767 422.629 479.68 0 
1768 432.144 487.965 0 
1769 428.513 524.318 0 
1770 418.33 554 0 
1771 432.92 549.651 0 
1772 415.058 577.517 0 
1773 413.585 581.138 0 
1774 417.701 589.263 0 
1775 451.893 627.454 0 
1776 432.761 640.013 0 
1777 422.668 634.373 0 
1778 433.149 636.323 0 
1779 364.006 681.882 0 
1780 412.115 687.224 0 
1781 404.054 690.572 0 
1782 428.443 704.228 0 
1783 427.881 790.39 0 
1784 438.922 757.394 0 
1785 402.734 787.571 0 
1786 432.449 773.931 0 
1787 432.562 819.792 0 
1788 432.243 862.262 0 
1789 408.178 825.901 0 
1790 440.221 868.617 0 
1791 425.696 879.887 0 
1792 447.42 907.045 0 
1793 449.288 912.101 0 
1794 444.724 934.368 0 
1795 493.832 978.179 0 
1796 441.735 953.365 0 
1797 471.8 1027.84 0 
1798 488.65 -1.90735e-07 0 
1799 469.219 6.73345 0 
1800 491.084 31.0283 0 
1801 457.878 40.5552 0 
1802 515.553 55.9992 0 
1803 464.343 77.1091 0 
1804 502.89 137.929 0 
1805 481.781 136.116 0 
1806 494.831 139.649 0 
1807 506.55 126.006 0 
1808 518.99 163.029 0 
1809 481.732 155.557 0 
1810 462.606 155.986 0 
1811 484.356 196.812 0 
1812 471.789 219.098 0 
1813 494.351 209.011 0 
1814 484.597 254.116 0 
1815 494.91 274.436 0 
1816 455.569 299.07 0 
1817 479.631 309.274 0 
1818 438.782 317.053 0 
1819 476.901 344.058 0 
1820 453.624 350.78 0 
1821 453.888 357.685 0 
1822 455.904 369.88 0 
1823 478.245 374.779 0 
1824 423.213 415.967 0 
1825 454.599 417.241 0 
1826 508.686 459.341 0 
1827 455.437 437.175 0 
1828 474.469 447.481 0 
1829 456.127 463.09 0 
1830 463.192 478.784 0 
1831 453.669 460.978 0 
1832 425.772 553.56 0 
1833 453.16 542.581 0 
1834 420.822 543.48 0 
1835 429.781 592.704 0 
1836 441.906 594.901 0 
1837 439.665 598.163 0 
1838 436.962 609.553 0 
1839 421.23 647.164 0 
1840 425.009 668.649 0 
1841 439.736 668.227 0 
1842 411.191 691.127 0 
1843 448.598 705.431 0 
1844 417.89 712.061 0 
1845 458.604 755.812 0 
1846 416.819 770.227 0 
1847 458.936 781.348 0 
1848 417.994 789.835 0 
1849 427.636 812.752 0 
1850 423.64 823.317 0 
1851 410.975 808.168 0 
1852 449.92 879.246 0 
1853 448.628 867.225 0 
1854 462.553 916.399 0 
1855 453.376 918.624 0 
1856 446.755 967.213 0 
1857 488.015 967.55 0 
1858 482.522 1020.39 0 
1859 488.65 1027.84 0 
1860 505.5 -1.90735e-07 0 
1861 487.329 -9.59463 0 
1862 494.749 8.93311 0 
1863 511.531 47.9614 0 
1864 492 64.3592 0 
1865 496.703 81.6083 0 
1866 486.531 101.061 0 
1867 501.399 124.81 0 
1868 491.225 156.828 0 
1869 480.479 130.106 0 
1870 513.599 145.679 0 
1871 477.35 183.105 0 
1872 504.852 180.251 0 
1873 512.499 195.021 0 
1874 488.572 223.561 0 
1875 470.493 215.728 0 
1876 522.543 262.727 0 
1877 471.595 252.872 0 
1878 463.3 298.567 0 
1879 469.56 286.789 0 
1880 489.78 331.575 0 
1881 468.508 329.89 0 
1882 467.687 376.72 0 
1883 480.336 358.25 0 
1884 468.672 406.394 0 
1885 484.678 394.644 0 
1886 473.475 386.411 0 
1887 471.761 410.787 0 
1888 448.452 409.539 0 
1889 471.904 430.148 0 
1890 449.151 451.438 0 
1891 451.406 441.407 0 
1892 454.616 457.906 0 
1893 427.592 484.23 0 
1894 448.242 496.065 0 
1895 459.157 552.243 0 
1896 453.051 560.35 0 
1897 427.245 601.638 0 
1898 462.936 600.761 0 
1899 429.387 596.178 0 
1900 457.333 598.322 0 
1901 464.181 651.042 0 
1902 450.65 673.23 0 
1903 445.992 650.561 0 
1904 446.757 635.377 0 
1905 466.672 684.422 0 
1906 425.087 682.542 0 
1907 447.61 673.319 0 
1908 456.416 711.378 0 
1909 423.118 732.862 0 
1910 452.248 781.776 0 
1911 457.372 791.523 0 
1912 455.732 831.001 0 
1913 461.544 857.443 0 
1914 444.055 848.2 0 
1915 433.892 857.15 0 
1916 481.266 902.721 0 
1917 473.505 907.204 0 
1918 457.83 906.692 0 
1919 503.954 974.591 0 
1920 455.631 1039.95 0 
1921 505.5 1027.84 0 
1922 522.35 -1.90735e-07 0 
1923 546.211 24.0259 0 
1924 516.586 40.0581 0 
1925 480.238 74.867 0 
1926 516.98 44.7416 0 
1927 509.634 78.7731 0 
1928 493.333 116.58 0 
1929 515.93 93.6647 0 
1930 524.279 107.001 0 
1931 529.123 141.219 0 
1932 498.512 117.484 0 
1933 522.615 171.236 0 
1934 497.816 182.082 0 
1935 502.984 205.356 0 
1936 503.499 239.27 0 
1937 474.256 221.167 0 
1938 491.59 251.692 0 
1939 533.624 285.516 0 
1940 506.479 270.586 0 
1941 474.885 296.796 0 
1942 520.884 311.906 0 
1943 452.578 323.134 0 
1944 490.148 343.799 0 
1945 507.022 343.983 0 
1946 487.06 355.424 0 
1947 502.927 386.161 0 
1948 467.274 408.946 0 
1949 488.14 428.94 0 
1950 477.199 433.486 0 
1951 460.274 463.535 0 
1952 470.446 464.403 0 
1953 436.309 499.262 0 
1954 525.539 480.076 0 
1955 471.299 492.439 0 
1956 478.922 547.801 0 
1957 462.701 562.012 0 
1958 470.047 567.301 0 
1959 441.124 575.767 0 
1960 454.048 590.75 0 
1961 456.869 580.875 0 
1962 494.718 629.497 0 
1963 485.518 642.045 0 
1964 478.834 640.051 0 
1965 483.858 669.058 0 
1966 471.189 732.53 0 
1967 445.961 692.927 0 
1968 443.117 698.067 0 
1969 443.135 740.371 0 
1970 445.388 733.599 0 
1971 455.269 773.947 0 
1972 465.512 747.099 0 
1973 453.943 803.824 0 
1974 452.964 841.413 0 
1975 480.915 801.758 0 
1976 483.544 835.129 0 
1977 450.652 873.527 0 
1978 479.651 881.257 0 
1979 477.352 916.126 0 
1980 494.769 937.047 0 
1981 503.761 946.889 0 
1982 519.84 995.63 0 
1983 525 1027.84 0 
1984 539.2 -1.90735e-07 0 
1985 535.283 7.74516 0 
1986 561.74 43.7693 0 
1987 560.144 44.707 0 
1988 525.996 57.1936 0 
1989 544.991 56.7822 0 
1990 507.39 127.791 0 
1991 542.389 142.364 0 
1992 522.114 120.551 0 
1993 544.125 165.476 0 
1994 561.385 150.415 0 
1995 538.876 197.379 0 
1996 525.774 170.72 0 
1997 499.377 218.221 0 
1998 525.497 209.695 0 
1999 516.033 224.744 0 
2000 481.237 259.424 0 
2001 510.805 285.446 0 
2002 502.454 263.397 0 
2003 516.094 252.5 0 
2004 521.649 288.252 0 
2005 505.383 332.658 0 
2006 492.759 335.697 0 
2007 502.709 369.861 0 
2008 496.422 351.252 0 
2009 515.13 389.758 0 
2010 501.61 367.651 0 
2011 529.999 412.991 0 
2012 517.035 434.741 0 
2013 491.532 471.221 0 
2014 519.309 487.18 0 
2015 499.696 471.87 0 
2016 493.942 526.589 0 
2017 483.652 497.161 0 
2018 491.608 500.478 0 
2019 436.625 556.71 0 
2020 476.948 581.345 0 
2021 484.882 563.348 0 
2022 479.968 572.397 0 
2023 499.224 624.56 0 
2024 452.77 617.151 0 
2025 464.245 648.687 0 
2026 474.078 621.494 0 
2027 462.687 666.271 0 
2028 449.85 669.328 0 
2029 468.876 710.461 0 
2030 501.009 704.126 0 
2031 491.708 740.372 0 
2032 494.688 738.233 0 
2033 450.179 753.203 0 
2034 478.625 790.302 0 
2035 486.061 822.642 0 
2036 460.42 821.797 0 
2037 460.251 822.272 0 
2038 478.521 870.788 0 
2039 500.707 881.819 0 
2040 456.825 902.037 0 
2041 490.725 900.284 0 
2042 479.948 923.145 0 
2043 519.863 984.219 0 
2044 496.146 983.899 0 
2045 525 1009.95 0 
2046 556.05 -1.90735e-07 0 
2047 572.416 21.3693 0 
2048 569.752 51.18 0 
2049 583.162 23.5655 0 
2050 572.974 68.3103 0 
2051 559.999 89.9849 0 
2052 550.956 104.449 0 
2053 543.741 90.0624 0 
2054 563.753 134.754 0 
2055 524.536 142.941 0 
2056 553.465 155.539 0 
2057 544.633 160.954 0 
2058 568.306 204.007 0 
2059 519.941 218.385 0 
2060 548.725 215.174 0 
2061 570.086 242.886 0 
2062 543.788 233.148 0 
2063 559.74 254.122 0 
2064 542.59 262.152 0 
2065 556.907 284.396 0 
2066 513.58 299.677 0 
2067 519.342 327.395 0 
2068 530.987 356.071 0 
2069 482.04 369.884 0 
2070 533.948 354.727 0 
2071 517.764 377.505 0 
2072 492.766 370.119 0 
2073 542.894 427.638 0 
2074 506.558 440.925 0 
2075 511.475 454.577 0 
2076 464.074 442.366 0 
2077 518.356 495.612 0 
2078 502.69 510.835 0 
2079 520.78 512.597 0 
2080 489.267 497.281 0 
2081 496.661 567.782 0 
2082 523.252 567.985 0 
2083 490.873 590.217 0 
2084 486.055 580 0 
2085 477.127 584.099 0 
2086 489.821 614.084 0 
2087 499.62 644.19 0 
2088 496.493 663.943 0 
2089 479.874 654.442 0 
2090 481.245 668.084 0 
2091 469.458 718.225 0 
2092 454.101 698.559 0 
2093 506.818 721.926 0 
2094 465.383 738.079 0 
2095 477.63 736.527 0 
2096 480.791 764.268 0 
2097 497.532 806.005 0 
2098 471.918 785.983 0 
2099 476.474 819.706 0 
2100 479.44 848.978 0 
2101 483.114 842.324 0 
2102 473.304 875.494 0 
2103 495.642 911.252 0 
2104 495.059 926.395 0 
2105 529.771 935.823 0 
2106 519.763 942.924 0 
2107 525 998.191 0 
2108 572.9 -1.90735e-07 0 
2109 556.721 17.4232 0 
2110 596.036 12.4937 0 
2111 573.046 35.0965 0 
2112 561.806 59.1392 0 
2113 561.072 82.2319 0 
2114 525.019 83.7885 0 
2115 574.453 140.079 0 
2116 551.467 125.552 0 
2117 581.332 165.472 0 
2118 567.518 141.078 0 
2119 550.624 182.396 0 
2120 557.286 185.984 0 
2121 557.644 213.81 0 
2122 564.74 218.778 0 
2123 583.131 233.611 0 
2124 546.278 255.599 0 
2125 559.006 259.456 0 
2126 524.131 305.824 0 
2127 518.354 286.424 0 
2128 543.36 306.946 0 
2129 555.093 348.799 0 
2130 540.834 322.424 0 
2131 531.918 332.915 0 
2132 519.118 385.661 0 
2133 514.98 359.268 0 
2134 566.739 364.307 0 
2135 550.225 429.687 0 
2136 487.189 430.159 0 
2137 519.663 447.683 0 
2138 518.014 471.7 0 
2139 530.879 447.37 0 
2140 552.898 527.693 0 
2141 531.773 501.742 0 
2142 508.506 561.629 0 
2143 533.849 531.721 0 
2144 516.411 542.507 0 
2145 500.866 542.481 0 
2146 508.395 602.99 0 
2147 519.146 569.576 0 
2148 517.671 594.622 0 
2149 520.552 642.516 0 
2150 503.177 621.285 0 
2151 501.151 654.419 0 
2152 476.781 680.217 0 
2153 505.327 677.073 0 
2154 508.166 674.055 0 
2155 512.934 693.145 0 
2156 487.111 728.675 0 
2157 491.802 753.561 0 
2158 470.454 748.591 0 
2159 492.437 770.247 0 
2160 495.517 795.943 0 
2161 471.158 827.323 0 
2162 486.626 865.42 0 
2163 500.882 827.669 0 
2164 484.999 887.72 0 
2165 497.658 891.995 0 
2166 508.59 902.905 0 
2167 546.414 949.276 0 
2168 506.289 965.012 0 
2169 525 980.057 0 
2170 589.75 -1.90735e-07 0 
2171 623.079 -2.92226 0 
2172 561.205 15.9982 0 
2173 578.202 63.7861 0 
2174 606.094 62.9589 0 
2175 567.556 66.5776 0 
2176 585.522 117.057 0 
2177 592.299 95.5446 0 
2178 585.204 120.269 0 
2179 560.591 159.23 0 
2180 563.681 150.237 0 
2181 556.658 182.137 0 
2182 577.797 227.991 0 
2183 595.39 198.252 0 
2184 552.747 224.259 0 
2185 594.285 235.87 0 
2186 578.154 250.729 0 
2187 561.117 239.174 0 
2188 559.73 296.763 0 
2189 591.995 308.994 0 
2190 554.844 304.476 0 
2191 525.491 327.524 0 
2192 562.838 330.295 0 
2193 553.474 343.967 0 
2194 527.761 353.359 0 
2195 532.564 397.971 0 
2196 560.88 420.083 0 
2197 522.141 453.429 0 
2198 561.605 411.219 0 
2199 549.091 455.634 0 
2200 531.934 459.531 0 
2201 564.816 466.203 0 
2202 532.675 488.268 0 
2203 549.188 527.123 0 
2204 548.999 512.414 0 
2205 525.144 508.126 0 
2206 535.099 559.283 0 
2207 518.416 574.014 0 
2208 512.742 556.078 0 
2209 545.9 585.067 0 
2210 526.231 599.315 0 
2211 511.097 595.714 0 
2212 532.032 648.148 0 
2213 492.462 643.737 0 
2214 532.571 643.052 0 
2215 505.353 657.104 0 
2216 529.777 690.93 0 
2217 527.092 699.256 0 
2218 510.803 729.639 0 
2219 513.792 740.705 0 
2220 510.467 761.21 0 
2221 514.397 759.616 0 
2222 524.005 789.141 0 
2223 502.501 798.667 0 
2224 519.813 817.304 0 
2225 482.02 826.682 0 
2226 536.449 887.482 0 
2227 513.097 867.427 0 
2228 550.654 895.543 0 
2229 515.647 901.071 0 
2230 530.318 919.855 0 
2231 525 961.905 0 
2232 606.6 -1.90735e-07 0 
2233 642.288 27.4896 0 
2234 584.865 10.5643 0 
2235 578.901 26.4136 0 
2236 623.818 71.7665 0 
2237 593.864 84.3116 0 
2238 613.212 105.329 0 
2239 606.592 110.41 0 
2240 639.237 77.6015 0 
2241 562.403 119.655 0 
2242 613.049 130.527 0 
2243 580.386 161.982 0 
2244 598.316 187.864 0 
2245 566.037 224.97 0 
2246 584.158 236.537 0 
2247 593.879 230.614 0 
2248 561.548 246.331 0 
2249 558.531 249.533 0 
2250 588.338 309.55 0 
2251 588.455 302.748 0 
2252 582.802 331.251 0 
2253 570.994 324.54 0 
2254 563.369 331.261 0 
2255 572.032 358.049 0 
2256 544.143 361.745 0 
2257 593.947 356.016 0 
2258 568.022 386.349 0 
2259 539.941 357.811 0 
2260 568.757 418.677 0 
2261 558.005 479.998 0 
2262 554.802 480.739 0 
2263 582.41 473.507 0 
2264 551.479 486.034 0 
2265 524.454 523.333 0 
2266 547.715 516.907 0 
2267 507.633 526.453 0 
2268 525.1 531.509 0 
2269 535.519 536.737 0 
2270 559.428 561.45 0 
2271 551.858 560.328 0 
2272 528.666 614.466 0 
2273 537.281 624.114 0 
2274 507.606 615.629 0 
2275 505.9 648.49 0 
2276 538.576 629.913 0 
2277 526.99 696.488 0 
2278 491.168 677.857 0 
2279 524.516 693.507 0 
2280 518.607 703.528 0 
2281 521.341 771.848 0 
2282 503.023 760.084 0 
2283 507.48 772.371 0 
2284 505.993 778.914 0 
2285 523.944 787.129 0 
2286 536.764 779.046 0 
2287 517.792 852.877 0 
2288 514.19 859.468 0 
2289 536.03 867.817 0 
2290 523.832 872.564 0 
2291 492.021 890.681 0 
2292 522.95 943.057 0 
2293 525 944.819 0 
2294 623.45 -1.90735e-07 0 
2295 626.046 42.2732 0 
2296 597.428 30.383 0 
2297 638.061 41.9263 0 
2298 612.262 64.1414 0 
2299 638.53 81.1384 0 
2300 636.149 81.1879 0 
2301 638.114 54.6165 0 
2302 624.865 124.083 0 
2303 585.135 135.68 0 
2304 610.367 166.053 0 
2305 619.728 174.647 0 
2306 640.352 169.68 0 
2307 642.708 196.055 0 
2308 576.938 197.35 0 
2309 598.506 236.229 0 
2310 611.305 251.508 0 
2311 633.459 282.109 0 
2312 656.18 265.632 0 
2313 615.579 273.202 0 
2314 579.748 298.956 0 
2315 581.725 306.806 0 
2316 587.732 344.644 0 
2317 579.792 356.384 0 
2318 570.058 391.388 0 
2319 565.349 412.798 0 
2320 561.622 387.501 0 
2321 596.596 419.187 0 
2322 576.32 426.836 0 
2323 576.864 467.433 0 
2324 580.79 473.821 0 
2325 568.852 492.122 0 
2326 538.326 486.95 0 
2327 548.431 483.327 0 
2328 586.637 519.044 0 
2329 554.718 535.235 0 
2330 554.207 527.005 0 
2331 555.886 588.755 0 
2332 533.839 591.513 0 
2333 549.832 556.148 0 
2334 537.423 590.668 0 
2335 541.83 614.323 0 
2336 535.404 622.487 0 
2337 536.249 632.509 0 
2338 529.394 656.526 0 
2339 526.46 644.935 0 
2340 560.354 714.649 0 
2341 506.217 685.128 0 
2342 509.298 715.507 0 
2343 542.754 735.934 0 
2344 503.429 735.334 0 
2345 515.278 769.151 0 
2346 529.873 755.349 0 
2347 515.139 763.411 0 
2348 525.97 789.93 0 
2349 520.799 828.467 0 
2350 528.509 825.493 0 
2351 546.427 851.401 0 
2352 516.45 882.002 0 
2353 539.782 891.382 0 
2354 511.647 903.23 0 
2355 525 927.715 0 
2356 640.3 -1.90735e-07 0 
2357 653.975 3.05071 0 
2358 614.128 38.8545 0 
2359 694.06 41.9309 0 
2360 662.642 52.9291 0 
2361 612.388 96.6492 0 
2362 636.578 93.0501 0 
2363 649.169 127.928 0 
2364 634.99 146.658 0 
2365 629.25 128.155 0 
2366 642.711 173.322 0 
2367 635.016 164.871 0 
2368 632.888 216.823 0 
2369 623.803 195.305 0 
2370 609.638 224.944 0 
2371 629.345 250.966 0 
2372 587.056 262.756 0 
2373 605.371 266.903 0 
2374 595.635 276.49 0 
2375 594.11 320.209 0 
2376 603.412 320.885 0 
2377 634.256 326.468 0 
2378 622.897 343.431 0 
2379 576.217 349.013 0 
2380 611.118 346.669 0 
2381 613.824 377.872 0 
2382 548.82 398.788 0 
2383 613.757 455.889 0 
2384 596.243 392.404 0 
2385 605.824 447.66 0 
2386 552.475 450.359 0 
2387 587.221 450.91 0 
2388 582.478 472.729 0 
2389 611.149 494.373 0 
2390 599.763 509.923 0 
2391 561.248 500.756 0 
2392 564.713 529.09 0 
2393 552.177 554.995 0 
2394 563.2 583.358 0 
2395 588.494 551.908 0 
2396 523.558 632.318 0 
2397 555.351 634.776 0 
2398 532.565 612.753 0 
2399 554.947 632.988 0 
2400 561.139 656.687 0 
2401 568.535 672.598 0 
2402 523.531 664.005 0 
2403 550.213 677.598 0 
2404 551.867 695.461 0 
2405 527.55 722.908 0 
2406 540.352 700.827 0 
2407 537.533 747.906 0 
2408 525.352 775.992 0 
2409 539.643 780.263 0 
2410 543.531 780.082 0 
2411 541.321 792.608 0 
2412 514.86 826.064 0 
2413 528.333 831.04 0 
2414 517.311 870.936 0 
2415 514.559 884.501 0 
2416 512.366 871.986 0 
2417 525 911.657 0 
2418 657.15 -1.90735e-07 0 
2419 665.184 19.131 0 
2420 649.315 20.6583 0 
2421 666.139 36.5765 0 
2422 638.837 58.459 0 
2423 678.445 97.2172 0 
2424 680.777 75.8627 0 
2425 652.936 120.667 0 
2426 661.687 128.805 0 
2427 650.981 149.603 0 
2428 677.139 175.643 0 
2429 660.613 150.763 0 
2430 635.842 175.364 0 
2431 618.655 203.851 0 
2432 616.597 222.87 0 
2433 617.376 238.4 0 
2434 639.033 270.132 0 
2435 635.887 244.419 0 
2436 652.563 261.257 0 
2437 591.163 315.162 0 
2438 625.326 286.617 0 
2439 621.937 324.272 0 
2440 605.935 343.241 0 
2441 602.022 389.7 0 
2442 592.821 360.115 0 
2443 608.373 396.071 0 
2444 624.483 415.168 0 
2445 589.825 409.54 0 
2446 603.875 416.581 0 
2447 617.994 412.258 0 
2448 586.27 451.733 0 
2449 611.594 459.087 0 
2450 614.792 463.614 0 
2451 555.507 507.013 0 
2452 569.386 491.001 0 
2453 635.787 517.215 0 
2454 548.501 527.633 0 
2455 560.65 563 0 
2456 562.729 575.785 0 
2457 614.29 580.832 0 
2458 569.795 611.191 0 
2459 579.682 611.95 0 
2460 587.156 622.621 0 
2461 542.122 652.525 0 
2462 539.782 653.102 0 
2463 545.027 671.596 0 
2464 558.336 685.604 0 
2465 521.393 669.364 0 
2466 544.224 670.753 0 
2467 560.344 705.144 0 
2468 545.546 739.209 0 
2469 536.652 752.678 0 
2470 503.581 761.173 0 
2471 539.622 757.723 0 
2472 527.692 751.21 0 
2473 506.566 765.113 0 
2474 525.653 803.762 0 
2475 531.958 832.009 0 
2476 534.903 840.443 0 
2477 537.195 893.855 0 
2478 543.511 834.794 0 
2479 525 893.477 0 
2480 674 -1.90735e-07 0 
2481 684.029 55.2611 0 
2482 672.48 17.6925 0 
2483 667.483 73.91 0 
2484 672.856 86.239 0 
2485 669.046 96.6155 0 
2486 674.449 109.204 0 
2487 666.162 88.6231 0 
2488 658.584 138.955 0 
2489 667.616 163.423 0 
2490 670.273 170.472 0 
2491 674.299 200.76 0 
2492 653.315 174.86 0 
2493 640.798 179.389 0 
2494 667.328 230.898 0 
2495 623.691 217.326 0 
2496 674.261 267.184 0 
2497 643.26 269.619 0 
2498 648.164 282.048 0 
2499 656.375 299.63 0 
2500 633.611 297.189 0 
2501 627.506 326.006 0 
2502 656.137 360.927 0 
2503 621.778 345.893 0 
2504 645.564 364.956 0 
2505 630.142 407.792 0 
2506 627.319 391.683 0 
2507 623.213 419.048 0 
2508 653.702 434.751 0 
2509 626.765 472.972 0 
2510 619.377 458.426 0 
2511 603.244 516.073 0 
2512 602.203 487.015 0 
2513 628.562 516.301 0 
2514 609.932 536.999 0 
2515 581.432 505.042 0 
2516 621.189 517.93 0 
2517 590.677 550.19 0 
2518 596.294 543.77 0 
2519 592.363 607.269 0 
2520 570.399 585.832 0 
2521 599.193 607.17 0 
2522 601.969 613.4 0 
2523 559.198 610.715 0 
2524 576.121 613.764 0 
2525 547.129 631.774 0 
2526 574.244 665.192 0 
2527 560.853 631.805 0 
2528 552.981 718.9 0 
2529 571.859 715.13 0 
2530 564.211 708.624 0 
2531 529.903 714.705 0 
2532 524.938 749.577 0 
2533 546.438 784.578 0 
2534 514.501 769.281 0 
2535 537.163 811.993 0 
2536 525.934 780.948 0 
2537 499.661 805.585 0 
2538 529.099 845.187 0 
2539 514.121 844.353 0 
2540 532.384 848.1 0 
2541 525 877.417 0 
2542 690.85 -1.90735e-07 0 
2543 709.582 7.09574 0 
2544 678.673 46.0948 0 
2545 695.286 16.364 0 
2546 675.132 64.5424 0 
2547 696.692 115.512 0 
2548 687.301 114.327 0 
2549 685.965 94.6987 0 
2550 688.364 153.745 0 
2551 684.752 134.114 0 
2552 693.268 182.977 0 
2553 673.901 154.948 0 
2554 646.844 172.699 0 
2555 670.041 178.77 0 
2556 658.853 203.608 0 
2557 696.796 223.148 0 
2558 677.061 284.261 0 
2559 656.912 259.338 0 
2560 666.585 276.494 0 
2561 665.53 278.758 0 
2562 660.017 290.059 0 
2563 659.367 306.035 0 
2564 673.415 302.945 0 
2565 647.058 304.873 0 
2566 673.569 393.526 0 
2567 637.587 401.759 0 
2568 622.293 402.225 0 
2569 652.598 377.348 0 
2570 676.951 448.413 0 
2571 635.385 438.659 0 
2572 652.004 432.913 0 
2573 612.503 438.039 0 
2574 636.134 490.823 0 
2575 645.371 481.513 0 
2576 590.146 521.841 0 
2577 611.595 513.609 0 
2578 615.806 521.319 0 
2579 586.856 528.83 0 
2580 599.202 549.185 0 
2581 586.926 546.969 0 
2582 592.238 557.144 0 
2583 566.139 587.059 0 
2584 570.902 615.07 0 
2585 537.897 583.857 0 
2586 589.944 580.843 0 
2587 586.707 608.127 0 
2588 563.023 625.424 0 
2589 587.582 657.061 0 
2590 547.76 676.983 0 
2591 552.541 676.419 0 
2592 554.386 717.584 0 
2593 576.385 745.32 0 
2594 512.443 752.476 0 
2595 533.981 742.798 0 
2596 562.796 757.264 0 
2597 533.385 780.112 0 
2598 531.068 805.309 0 
2599 516.202 820.135 0 
2600 507.895 809.561 0 
2601 528.553 834.003 0 
2602 563.037 843.806 0 
2603 525 857.062 0 
2604 707.7 -1.90735e-07 0 
2605 733.404 16.3485 0 
2606 714.046 77.498 0 
2607 723.827 41.4201 0 
2608 712.505 62.9097 0 
2609 659.087 86.2713 0 
2610 699.004 83.3834 0 
2611 703.664 129.695 0 
2612 694.175 142.009 0 
2613 727.626 130.634 0 
2614 680.718 150.489 0 
2615 694.106 168.834 0 
2616 702.248 193.814 0 
2617 681.29 212.583 0 
2618 693.614 203.416 0 
2619 690.124 243.776 0 
2620 668.05 233.918 0 
2621 685.811 266.63 0 
2622 677.09 270.853 0 
2623 677.572 298.258 0 
2624 669.693 322.255 0 
2625 669.875 318.802 0 
2626 647.326 313.625 0 
2627 664.572 355.546 0 
2628 700.476 352.039 0 
2629 643.18 361.652 0 
2630 702.76 420.543 0 
2631 658.069 425.059 0 
2632 680.887 440.109 0 
2633 665.401 432.81 0 
2634 640.571 435.923 0 
2635 640.094 463.06 0 
2636 665.854 482.416 0 
2637 664.32 474.593 0 
2638 656.961 502.789 0 
2639 630.485 510.855 0 
2640 654.185 515.352 0 
2641 626.55 550.595 0 
2642 600.336 551.458 0 
2643 602.145 561.846 0 
2644 609.328 569.202 0 
2645 573.875 582.787 0 
2646 629.348 608.235 0 
2647 563.924 606.516 0 
2648 551.491 635.003 0 
2649 572.15 603.447 0 
2650 573.025 629.29 0 
2651 575.074 655.873 0 
2652 548.624 671.994 0 
2653 609.82 692.584 0 
2654 548.1 697.067 0 
2655 580.949 727.096 0 
2656 556.769 709.665 0 
2657 568.609 729.124 0 
2658 546.682 771.25 0 
2659 562.307 781.379 0 
2660 542.903 780.106 0 
2661 531.445 776.674 0 
2662 524.142 815.128 0 
2663 526.456 854.897 0 
2664 544.057 834.305 0 
2665 525 842.074 0 
2666 724.55 -1.90735e-07 0 
2667 714.176 5.93615 0 
2668 719.583 30.8737 0 
2669 726.276 26.1763 0 
2670 760.143 45.7738 0 
2671 773.739 87.72 0 
2672 683.434 86.9279 0 
2673 707.538 114.01 0 
2674 725.224 118.327 0 
2675 715.266 135.616 0 
2676 748.776 170.992 0 
2677 723.196 176.023 0 
2678 703.822 158.079 0 
2679 702.438 197.018 0 
2680 678.563 233.561 0 
2681 697.914 217.087 0 
2682 702.551 268.172 0 
2683 693.555 269.648 0 
2684 712.611 271.766 0 
2685 677.358 283.984 0 
2686 701.48 312.835 0 
2687 705.92 278.599 0 
2688 704.739 343.711 0 
2689 692.663 329.185 0 
2690 700.62 370.049 0 
2691 717.379 371.214 0 
2692 689.19 397.88 0 
2693 676.431 389.574 0 
2694 647.16 401.855 0 
2695 637.735 443.54 0 
2696 661.501 420.051 0 
2697 661.162 484.547 0 
2698 639.658 472.489 0 
2699 661.427 467.693 0 
2700 645.725 516.002 0 
2701 655.401 480.459 0 
2702 617.187 511.902 0 
2703 621.019 521.369 0 
2704 628.712 561.65 0 
2705 603.38 549.155 0 
2706 593.045 575.981 0 
2707 634.564 577.29 0 
2708 654.935 609.003 0 
2709 609.563 599.312 0 
2710 639.711 626.341 0 
2711 586.076 601.813 0 
2712 589.115 636.098 0 
2713 572.948 672.442 0 
2714 558.069 682.107 0 
2715 593.173 656.539 0 
2716 585.999 712.643 0 
2717 548.672 720.444 0 
2718 555.452 718.951 0 
2719 549.255 737.685 0 
2720 571.746 702.259 0 
2721 563.689 772.069 0 
2722 531.255 757.092 0 
2723 513.439 784.007 0 
2724 523.726 792.148 0 
2725 539.726 802.35 0 
2726 535.452 820.487 0 
2727 525 828.155 0 
2728 741.4 -1.90735e-07 0 
2729 713.174 -21.8145 0 
2730 753.882 11.7056 0 
2731 735.811 42.0862 0 
2732 759.278 44.2279 0 
2733 743.371 96.0643 0 
2734 747.265 77.7169 0 
2735 732.852 127.549 0 
2736 711.179 114.691 0 
2737 732.002 118.228 0 
2738 734.755 173.367 0 
2739 721.877 172.005 0 
2740 749.567 209.92 0 
2741 746.992 199.115 0 
2742 725.41 187.172 0 
2743 711.155 273.617 0 
2744 738.572 249.834 0 
2745 729.322 258.741 0 
2746 709.682 261.007 0 
2747 715.021 298.297 0 
2748 740.046 292.478 0 
2749 699.206 359.141 0 
2750 705.468 359.002 0 
2751 679.08 331.397 0 
2752 705.033 366.802 0 
2753 726.474 375.644 0 
2754 681.944 401.937 0 
2755 700.028 379.638 0 
2756 668.113 440.284 0 
2757 694.504 465.693 0 
2758 698.192 442.455 0 
2759 680.818 462.791 0 
2760 672.756 463.544 0 
2761 656.765 465.707 0 
2762 664.728 490.314 0 
2763 657.844 502.363 0 
2764 652.334 509.035 0 
2765 632.787 545.846 0 
2766 661.695 568.91 0 
2767 629.016 551.068 0 
2768 651.532 589.332 0 
2769 618.622 574.493 0 
2770 618.549 623.308 0 
2771 623.093 580.878 0 
2772 594.79 625.211 0 
2773 640.975 606.907 0 
2774 591.358 634.95 0 
2775 584.012 637.936 0 
2776 564.845 636.378 0 
2777 581.671 671.312 0 
2778 592.661 722.009 0 
2779 566.694 702.089 0 
2780 580.613 704.565 0 
2781 545.146 714.449 0 
2782 566.113 718.767 0 
2783 529.097 732.55 0 
2784 542.286 752.345 0 
2785 547.462 743.857 0 
2786 547.318 787.968 0 
2787 560.973 782.036 0 
2788 524.742 808.346 0 
2789 525 811.015 0 
2790 758.25 -1.90735e-07 0 
2791 762.118 -0.590279 0 
2792 750.455 52.9823 0 
2793 754.408 47.7935 0 
2794 772.323 66.8477 0 
2795 751.973 71.827 0 
2796 726.126 86.0993 0 
2797 719.58 117.645 0 
2798 758.73 139.925 0 
2799 753.001 122.469 0 
2800 753.359 161.38 0 
2801 765.652 173.635 0 
2802 773.669 185.131 0 
2803 778.15 187.385 0 
2804 730.315 205.75 0 
2805 723.387 206.753 0 
2806 723.347 266.553 0 
2807 742.339 253.894 0 
2808 712.377 270.674 0 
2809 723.906 288.317 0 
2810 720.743 320.567 0 
2811 705.636 326.514 0 
2812 755.603 330.64 0 
2813 702.859 354.996 0 
2814 731.936 342.187 0 
2815 745.642 367.355 0 
2816 717.213 376.102 0 
2817 702.264 431.23 0 
2818 712.257 453.744 0 
2819 686.957 443.996 0 
2820 694.568 438.598 0 
2821 677.603 467.33 0 
2822 695.255 478.143 0 
2823 699.496 496.981 0 
2824 682.302 485.257 0 
2825 657.342 509.948 0 
2826 662.827 519.4 0 
2827 668.316 502.295 0 
2828 649.05 534.339 0 
2829 642.854 572.791 0 
2830 643.925 569.592 0 
2831 631.251 553.734 0 
2832 612.764 598.712 0 
2833 650.714 600.025 0 
2834 607.113 598.273 0 
2835 614.821 619.47 0 
2836 585.236 618.886 0 
2837 598.419 651.116 0 
2838 600.292 626.166 0 
2839 620.338 673.401 0 
2840 606.697 659.718 0 
2841 585.009 665.983 0 
2842 573.857 688.962 0 
2843 566.898 703.673 0 
2844 590.573 719.497 0 
2845 563.387 730.479 0 
2846 555.574 724.063 0 
2847 562.307 736.552 0 
2848 575.945 756.463 0 
2849 541.308 727.488 0 
2850 505.512 799.12 0 
2851 525 793.869 0 
2852 775.1 -1.90735e-07 0 
2853 776.119 4.71166 0 
2854 791.014 54.5432 0 
2855 767.636 15.9696 0 
2856 786.412 40.0455 0 
2857 781.888 65.3981 0 
2858 770.631 77.6532 0 
2859 786.643 103.631 0 
2860 753.178 89.4158 0 
2861 768.617 156.656 0 
2862 808.831 148.42 0 
2863 778.704 190.721 0 
2864 772.037 155.838 0 
2865 760.483 202.88 0 
2866 762.639 215.676 0 
2867 753.598 221.552 0 
2868 765.174 252.908 0 
2869 729.252 265.996 0 
2870 748.714 289.126 0 
2871 769.969 284.635 0 
2872 756.641 314.746 0 
2873 737.473 337.896 0 
2874 750.567 322.559 0 
2875 753.358 357.918 0 
2876 737.04 340.097 0 
2877 712.756 389.691 0 
2878 729.64 392.484 0 
2879 731.813 363.215 0 
2880 704.231 396.891 0 
2881 732.566 438.367 0 
2882 724.396 452.576 0 
2883 711.919 442.795 0 
2884 696.452 454.417 0 
2885 698.398 515.619 0 
2886 706.374 522.65 0 
2887 673.946 486.764 0 
2888 680.936 527.28 0 
2889 670.418 534.456 0 
2890 673.18 513.2 0 
2891 676.909 526.204 0 
2892 661.349 582.816 0 
2893 645.805 570.117 0 
2894 642.28 559.695 0 
2895 650.499 599.904 0 
2896 626.206 607.859 0 
2897 610.441 584.657 0 
2898 583.143 612.78 0 
2899 657.746 648.275 0 
2900 619.194 616.118 0 
2901 595.657 656.794 0 
2902 594.627 658.256 0 
2903 593.641 697.773 0 
2904 541.224 686.941 0 
2905 552.268 706.401 0 
2906 582.938 723.4 0 
2907 546.909 714.884 0 
2908 552.106 723.742 0 
2909 563.704 719.998 0 
2910 559.574 743.76 0 
2911 552.294 758.15 0 
2912 511.946 759.877 0 
2913 525 778.834 0 
2914 791.95 -1.90735e-07 0 
2915 791.348 10.4136 0 
2916 805.619 38.2332 0 
2917 794.816 26.0553 0 
2918 808.54 63.5527 0 
2919 776.087 67.1869 0 
2920 808.18 85.7213 0 
2921 772.239 99.2269 0 
2922 781.37 132.255 0 
2923 790.77 174.073 0 
2924 777.54 149.811 0 
2925 817.39 180.937 0 
2926 777.574 185.534 0 
2927 778.006 179.402 0 
2928 783.019 235.369 0 
2929 769.7 215.029 0 
2930 764.265 248.267 0 
2931 806.425 307.298 0 
2932 760.757 323.817 0 
2933 786.925 288.446 0 
2934 766.478 307.998 0 
2935 730.641 326.618 0 
2936 729.763 337.923 0 
2937 778.945 342.574 0 
2938 722.152 352.491 0 
2939 742.741 394.845 0 
2940 771.97 400.676 0 
2941 735.441 385.977 0 
2942 712.086 409.377 0 
2943 752.866 454.23 0 
2944 728.342 435.213 0 
2945 761.86 457.438 0 
2946 734.999 456.027 0 
2947 688.436 472.676 0 
2948 709.186 491.119 0 
2949 702.225 473.176 0 
2950 713.092 494.604 0 
2951 701.73 528.795 0 
2952 670.158 508.761 0 
2953 675.605 548.138 0 
2954 637.852 567.382 0 
2955 690.091 568.065 0 
2956 661.958 580.654 0 
2957 662.604 581.045 0 
2958 642.432 602.674 0 
2959 630.367 596.817 0 
2960 609.933 617.402 0 
2961 625.531 593.803 0 
2962 598.695 641.71 0 
2963 620.021 631.292 0 
2964 597.966 646.665 0 
2965 576.641 675.853 0 
2966 590.14 667.819 0 
2967 606.288 695.427 0 
2968 554.46 698.79 0 
2969 548.048 727.095 0 
2970 554.644 721.518 0 
2971 531.097 713.044 0 
2972 554.79 734.709 0 
2973 528.547 707.172 0 
2974 537.028 769.541 0 
2975 525 762.728 0 
2976 808.8 -1.90735e-07 0 
2977 814.891 28.2553 0 
2978 796.807 24.4989 0 
2979 806.23 67.6818 0 
2980 782.792 89.4143 0 
2981 783.842 65.1965 0 
2982 804.117 97.9638 0 
2983 797.006 123.529 0 
2984 826.154 126.612 0 
2985 772.707 88.5287 0 
2986 813.855 159.825 0 
2987 795.002 160.357 0 
2988 800.919 220.574 0 
2989 780.434 210.917 0 
2990 778.264 252.706 0 
2991 795.555 233.985 0 
2992 796.84 251.502 0 
2993 765.294 264.831 0 
2994 781.165 284.443 0 
2995 794.409 255.807 0 
2996 739.487 338.744 0 
2997 775.069 299.224 0 
2998 765.375 345.38 0 
2999 767.162 329.046 0 
3000 765.584 356.762 0 
3001 767.426 365.493 0 
3002 777.013 395.343 0 
3003 761.475 390.737 0 
3004 754.383 432.681 0 
3005 739.639 407.853 0 
3006 714.199 447.004 0 
3007 749.591 470.45 0 
3008 732.08 458.607 0 
3009 737.952 523.403 0 
3010 734.518 502.549 0 
3011 705.534 472.862 0 
3012 732.417 534.772 0 
3013 657.202 508.564 0 
3014 669.636 556.394 0 
3015 710.746 567.095 0 
3016 698.598 561.989 0 
3017 667.306 552.677 0 
3018 651.81 559.563 0 
3019 677.593 605.771 0 
3020 668.92 562.167 0 
3021 646.658 578.331 0 
3022 654.799 642.953 0 
3023 652.299 648.065 0 
3024 629.199 593.575 0 
3025 609.351 654.203 0 
3026 639.622 647.865 0 
3027 591.692 641.777 0 
3028 624.601 663.375 0 
3029 592.119 675.059 0 
3030 560.847 698.71 0 
3031 555.449 700.159 0 
3032 565.112 700.298 0 
3033 560.611 693.227 0 
3034 515.995 721.893 0 
3035 548.081 720.79 0 
3036 509.32 729.046 0 
3037 525 742.323 0 
3038 825.65 -1.90735e-07 0 
3039 826.739 7.01091 0 
3040 839.483 35.3488 0 
3041 848.422 49.7912 0 
3042 834.37 42.9043 0 
3043 832.711 60.7495 0 
3044 805.139 91.9211 0 
3045 831.079 96.5562 0 
3046 818.045 141.9 0 
3047 772.748 160.609 0 
3048 836.34 181.382 0 
3049 795.452 169.937 0 
3050 777.82 194.524 0 
3051 801.746 183.62 0 
3052 827.036 211.41 0 
3053 823.139 194.339 0 
3054 802.156 265.759 0 
3055 815.201 268.098 0 
3056 796.03 263.154 0 
3057 793.383 299.769 0 
3058 788.629 295.006 0 
3059 773.836 345.889 0 
3060 811.025 359.573 0 
3061 757.274 337.265 0 
3062 773.856 376.97 0 
3063 781.823 389.11 0 
3064 761.513 401.25 0 
3065 758.812 422.01 0 
3066 785.299 379.637 0 
3067 744.024 458.445 0 
3068 776.379 452.263 0 
3069 749.37 481.768 0 
3070 786.714 500.384 0 
3071 724.423 513.054 0 
3072 755.968 505.132 0 
3073 735.683 509.793 0 
3074 731.896 524.145 0 
3075 705.981 500.423 0 
3076 694.309 541.047 0 
3077 689.691 582.767 0 
3078 686.524 552.03 0 
3079 694.525 576.039 0 
3080 675.373 562.782 0 
3081 656.624 583.505 0 
3082 660.298 581.583 0 
3083 662.343 585.27 0 
3084 661.324 611.534 0 
3085 624.969 593.989 0 
3086 649.517 614.175 0 
3087 665.087 639.171 0 
3088 638.666 624.648 0 
3089 601.918 644.446 0 
3090 585.848 631.852 0 
3091 596.686 668.773 0 
3092 597.135 648.983 0 
3093 573.281 665.381 0 
3094 571.916 694.914 0 
3095 545.083 707.445 0 
3096 557.267 719.021 0 
3097 554.734 726.665 0 
3098 561.641 709.611 0 
3099 525 727.291 0 
3100 842.5 -1.90735e-07 0 
3101 825.356 56.1976 0 
3102 820.482 15.5025 0 
3103 832.773 47.5402 0 
3104 822.261 86.6471 0 
3105 868.9 62.1739 0 
3106 859.093 98.6711 0 
3107 849.737 108.183 0 
3108 850.066 128.801 0 
3109 863.601 140.234 0 
3110 803.393 163.57 0 
3111 817.633 173.72 0 
3112 847.757 169.101 0 
3113 804.896 181.045 0 
3114 852.155 238.933 0 
3115 822.048 244.727 0 
3116 859.354 247.611 0 
3117 854.241 250.532 0 
3118 805.56 255.223 0 
3119 817.754 280.35 0 
3120 808.742 302.842 0 
3121 815.513 309.697 0 
3122 826.821 333.314 0 
3123 803.037 378.349 0 
3124 801.093 356.015 0 
3125 767.564 427.094 0 
3126 784.033 388.538 0 
3127 783.484 411.95 0 
3128 751.837 398.495 0 
3129 806.96 436.35 0 
3130 780.969 438.127 0 
3131 754.389 463.032 0 
3132 794.611 474.694 0 
3133 761.619 468.881 0 
3134 746.406 503.806 0 
3135 750.333 485.345 0 
3136 761.816 512.893 0 
3137 739.552 505.39 0 
3138 750.795 571.402 0 
3139 752.628 544.188 0 
3140 719.927 548.007 0 
3141 672.363 560.288 0 
3142 685.198 557.163 0 
3143 681.891 571.794 0 
3144 715.751 606.332 0 
3145 674.503 557.725 0 
3146 643.948 579.419 0 
3147 633.507 602.545 0 
3148 640.471 642.514 0 
3149 614.74 607.168 0 
3150 629.201 631.252 0 
3151 580.762 619.378 0 
3152 607.115 660.84 0 
3153 608.105 645.001 0 
3154 581.03 669.046 0 
3155 588.197 683.957 0 
3156 590.788 682.143 0 
3157 563.224 666.409 0 
3158 563.158 720.322 0 
3159 548.811 703.243 0 
3160 520.812 727.811 0 
3161 525 710.1 0 
3162 859.35 -1.90735e-07 0 
3163 875.323 -3.5275 0 
3164 814.578 41.8748 0 
3165 859.001 53.9267 0 
3166 877.767 69.8151 0 
3167 842.7 77.3767 0 
3168 848.467 103.555 0 
3169 850.684 79.5003 0 
3170 856.333 118.276 0 
3171 828.278 156.411 0 
3172 853.226 159.635 0 
3173 840.961 189.176 0 
3174 868.611 155.911 0 
3175 847.363 202.864 0 
3176 843.735 227.849 0 
3177 839.549 225.219 0 
3178 860.201 219.119 0 
3179 854.203 255.343 0 
3180 839.892 305.74 0 
3181 835.744 271.219 0 
3182 835.374 301.694 0 
3183 824.756 329.5 0 
3184 850.44 357.324 0 
3185 871.327 368.35 0 
3186 834.569 369.473 0 
3187 824.287 413.238 0 
3188 840.39 417.107 0 
3189 808.951 416.975 0 
3190 801.544 429.869 0 
3191 822.657 421.465 0 
3192 806.754 439.777 0 
3193 793.408 480.623 0 
3194 796.818 464.595 0 
3195 803.762 495.294 0 
3196 785.796 490.494 0 
3197 770.948 505.226 0 
3198 764.306 504.747 0 
3199 756.225 513.083 0 
3200 753.969 516.367 0 
3201 748.037 566.997 0 
3202 751.947 522.056 0 
3203 701.391 569.548 0 
3204 697.643 569.704 0 
3205 715.697 576.967 0 
3206 665.437 536.37 0 
3207 697.373 578.001 0 
3208 664.646 567.503 0 
3209 681.46 611.925 0 
3210 677.838 607.593 0 
3211 632.35 572.167 0 
3212 619.028 602.039 0 
3213 612.213 623.467 0 
3214 601.519 623.773 0 
3215 614.504 620.459 0 
3216 598.395 618.746 0 
3217 597.003 647.856 0 
3218 554.091 671.209 0 
3219 581.814 645.836 0 
3220 536.97 693.575 0 
3221 532.675 679.339 0 
3222 522.068 676.515 0 
3223 525 693.979 0 
3224 876.2 -1.90735e-07 0 
3225 886.138 3.81843 0 
3226 876.718 23.1945 0 
3227 835.358 38.2758 0 
3228 857.176 57.441 0 
3229 869.171 83.6539 0 
3230 877.733 77.3713 0 
3231 901.781 126.92 0 
3232 862.346 131.881 0 
3233 876.666 176.389 0 
3234 852.647 156.261 0 
3235 845.384 177.171 0 
3236 853.922 187.105 0 
3237 853.718 210.687 0 
3238 881.336 233.137 0 
3239 868.479 264.253 0 
3240 866.073 274.484 0 
3241 850.615 259.293 0 
3242 876.553 273.296 0 
3243 873.795 330.556 0 
3244 877.021 324.946 0 
3245 877.075 330.681 0 
3246 868.547 339.88 0 
3247 873.878 377.257 0 
3248 867.91 366.92 0 
3249 820.374 392.063 0 
3250 828.772 420.442 0 
3251 835.461 420.855 0 
3252 830.356 410.514 0 
3253 807.059 424.883 0 
3254 800.621 437.955 0 
3255 794.011 471.683 0 
3256 812.094 495.168 0 
3257 809.862 467.646 0 
3258 782.732 487.865 0 
3259 790.459 524.171 0 
3260 745.586 485.344 0 
3261 787.985 550.776 0 
3262 778.1 536.188 0 
3263 749.674 554.217 0 
3264 741.658 528.235 0 
3265 718.375 525.499 0 
3266 710.049 536.845 0 
3267 724.604 546.905 0 
3268 713.246 536.754 0 
3269 692.214 578.312 0 
3270 696.235 571.326 0 
3271 662.232 590.384 0 
3272 666.743 578.145 0 
3273 673.024 595.812 0 
3274 671.268 613.843 0 
3275 615.995 594.611 0 
3276 598.942 614.131 0 
3277 655.346 609.988 0 
3278 584.247 629.063 0 
3279 572.903 629.853 0 
3280 579.107 630.311 0 
3281 577.302 655.031 0 
3282 577.674 663.122 0 
3283 538.106 664.632 0 
3284 519.382 664.415 0 
3285 525 675.709 0 
3286 893.05 -1.90735e-07 0 
3287 933.169 16.4307 0 
3288 887.375 33.4573 0 
3289 900.17 50.0267 0 
3290 896.027 64.1787 0 
3291 901.827 66.6499 0 
3292 907.867 84.5727 0 
3293 895.661 119.543 0 
3294 889.292 135.648 0 
3295 880.92 150.542 0 
3296 837.58 151.667 0 
3297 886.925 198.921 0 
3298 848.851 203.393 0 
3299 882.03 212.816 0 
3300 880.85 231.015 0 
3301 882.614 222.45 0 
3302 851.236 205.702 0 
3303 869.711 248.156 0 
3304 885.42 279.9 0 
3305 859.461 308.629 0 
3306 866.621 303.272 0 
3307 868.67 316.807 0 
3308 870.295 350.454 0 
3309 841.981 349.551 0 
3310 871.822 381.575 0 
3311 891.35 396.39 0 
3312 843.061 406.991 0 
3313 903.064 413.889 0 
3314 851.741 433.732 0 
3315 808.822 441.469 0 
3316 803.28 457.497 0 
3317 851.424 462.383 0 
3318 824.504 496.299 0 
3319 845.059 455.693 0 
3320 852.167 502.979 0 
3321 794.247 517.251 0 
3322 770.914 509.631 0 
3323 768.351 523.683 0 
3324 766.513 513.7 0 
3325 757.776 523.13 0 
3326 751.531 561.32 0 
3327 737.559 576.864 0 
3328 717.757 535.175 0 
3329 733.606 552.481 0 
3330 711.517 550.549 0 
3331 715.792 576.494 0 
3332 699.837 580.188 0 
3333 673.383 572.087 0 
3334 666.081 604.543 0 
3335 665.633 567.672 0 
3336 638.172 588.957 0 
3337 625.083 605.781 0 
3338 659.293 611.42 0 
3339 620.34 632.969 0 
3340 597.843 624.265 0 
3341 589.431 611.835 0 
3342 573.399 622.438 0 
3343 567.319 617.1 0 
3344 567.925 625.241 0 
3345 554.436 665.695 0 
3346 527.391 676.004 0 
3347 525 660.641 0 
3348 909.9 -1.90735e-07 0 
3349 925.852 45.6853 0 
3350 901.581 9.26982 0 
3351 920.526 20.8986 0 
3352 928.058 64.724 0 
3353 880.569 80.9695 0 
3354 898.85 106.543 0 
3355 905.487 112.153 0 
3356 876.693 129.501 0 
3357 880.344 155.155 0 
3358 925.43 148.044 0 
3359 908.459 196.958 0 
3360 886.127 209.354 0 
3361 908.629 211.933 0 
3362 911.284 195.867 0 
3363 880.777 201.849 0 
3364 902.345 255.551 0 
3365 893.507 271.079 0 
3366 903.495 295.913 0 
3367 863.565 283.47 0 
3368 910.926 319.585 0 
3369 902.569 319.115 0 
3370 870.779 347.629 0 
3371 863.465 373.726 0 
3372 893.901 375.151 0 
3373 889.485 375.739 0 
3374 871.434 390.914 0 
3375 869.218 410.346 0 
3376 848.336 415.793 0 
3377 862.021 398.13 0 
3378 841.9 464.053 0 
3379 845.237 470.907 0 
3380 856.368 485.201 0 
3381 853.644 504.705 0 
3382 809.856 482.848 0 
3383 820.485 518.216 0 
3384 795.43 504.294 0 
3385 807.279 542.994 0 
3386 803.747 496.561 0 
3387 786.34 509.848 0 
3388 756.395 551.118 0 
3389 757.935 526.265 0 
3390 741.503 540.633 0 
3391 750.23 537.534 0 
3392 731.647 545.914 0 
3393 735.672 568.55 0 
3394 697.937 576.73 0 
3395 669.215 575.5 0 
3396 684.038 566.992 0 
3397 655.694 552.755 0 
3398 674.999 621.984 0 
3399 649.476 601.55 0 
3400 621.867 624.235 0 
3401 618.862 589.45 0 
3402 620.875 596.337 0 
3403 587.728 597.957 0 
3404 597.885 606.036 0 
3405 555.194 629.897 0 
3406 575.419 615.943 0 
3407 546.34 644.286 0 
3408 553.831 632.652 0 
3409 525 642.335 0 
3410 926.75 -1.90735e-07 0 
3411 957.247 26.5789 0 
3412 884.154 15.8364 0 
3413 940.312 35.8977 0 
3414 928.064 92.8835 0 
3415 927.837 85.6388 0 
3416 909.782 96.59 0 
3417 909.802 129.619 0 
3418 900.343 125.214 0 
3419 912.154 155.335 0 
3420 934.067 176.379 0 
3421 919.224 192.632 0 
3422 940.011 193.905 0 
3423 931.012 187.199 0 
3424 912.897 246.949 0 
3425 879.924 255.252 0 
3426 922.374 267.994 0 
3427 926.729 232.059 0 
3428 913.781 289.104 0 
3429 902.424 315.288 0 
3430 924.116 328.704 0 
3431 925.745 343.148 0 
3432 913.969 351.595 0 
3433 909.532 342.503 0 
3434 875.588 386.716 0 
3435 888.29 401.456 0 
3436 851.442 425.175 0 
3437 900.529 416.489 0 
3438 884.224 428.724 0 
3439 889.024 437.369 0 
3440 856.212 466.367 0 
3441 899.872 480.409 0 
3442 870.006 471.307 0 
3443 876.191 484.217 0 
3444 846.955 470.511 0 
3445 855.038 523.613 0 
3446 819.116 511.497 0 
3447 830.393 521.824 0 
3448 793.884 519.199 0 
3449 774.744 491.315 0 
3450 760.047 544.036 0 
3451 785.576 583.982 0 
3452 772.861 549.135 0 
3453 771.186 565.93 0 
3454 719.967 547.07 0 
3455 708.361 543.911 0 
3456 720.082 549.899 0 
3457 653.747 532.991 0 
3458 655.151 570.975 0 
3459 680.237 609.498 0 
3460 670.407 571.212 0 
3461 644.969 561.617 0 
3462 605.246 594.97 0 
3463 611.612 621.779 0 
3464 602.102 581.907 0 
3465 617.058 567.424 0 
3466 579.772 599.241 0 
3467 578.831 594.852 0 
3468 541.41 580.838 0 
3469 560.272 610.261 0 
3470 560.866 629.335 0 
3471 525 624.043 0 
3472 943.6 -1.90735e-07 0 
3473 933.541 15.57 0 
3474 938.374 31.1867 0 
3475 932.351 88.7871 0 
3476 930.928 60.2364 0 
3477 942.711 86.959 0 
3478 939.109 103.238 0 
3479 928.066 148.02 0 
3480 927.086 131.37 0 
3481 908.426 150.214 0 
3482 935.751 147.858 0 
3483 928.112 182.836 0 
3484 928.008 190.424 0 
3485 919.462 227.183 0 
3486 927.873 229.384 0 
3487 959.252 207.182 0 
3488 965.152 269.751 0 
3489 943.057 295.074 0 
3490 929.974 283.952 0 
3491 923.465 310.373 0 
3492 952.303 309.458 0 
3493 937.362 337.156 0 
3494 887.146 381.409 0 
3495 928.158 385.478 0 
3496 932.641 397.543 0 
3497 938.757 367.477 0 
3498 928.096 402.192 0 
3499 892.576 453.741 0 
3500 889.089 432.724 0 
3501 909.973 419.958 0 
3502 906.103 475.707 0 
3503 892.036 471.452 0 
3504 886.534 475.096 0 
3505 878.863 467.145 0 
3506 881.187 501.273 0 
3507 869.322 508.124 0 
3508 853.66 502.236 0 
3509 816.138 500.732 0 
3510 794.818 513.98 0 
3511 824.052 540.773 0 
3512 808.014 532.754 0 
3513 775.694 500.9 0 
3514 795.673 535.87 0 
3515 759.932 548.386 0 
3516 745.866 533.876 0 
3517 714.114 542.31 0 
3518 763.734 517.989 0 
3519 729.304 570.509 0 
3520 697.179 583.316 0 
3521 680.914 572.608 0 
3522 691.579 586.009 0 
3523 662.264 557.031 0 
3524 626.139 570.832 0 
3525 599.718 562.49 0 
3526 623.201 595.628 0 
3527 615.997 600.662 0 
3528 572.34 566.886 0 
3529 585.513 604.901 0 
3530 569.388 597.795 0 
3531 516.185 614.183 0 
3532 582.104 596.285 0 
3533 525 604.678 0 
3534 960.45 -1.90735e-07 0 
3535 947.764 8.41229 0 
3536 945.458 30.7551 0 
3537 945.049 51.7056 0 
3538 947.662 65.2805 0 
3539 960.136 95.372 0 
3540 955.421 112.158 0 
3541 985.712 91.6937 0 
3542 954.606 159.422 0 
3543 961.797 142.512 0 
3544 956.683 166.691 0 
3545 943.509 171.728 0 
3546 972.639 196.434 0 
3547 964.358 232.11 0 
3548 965.703 228.99 0 
3549 951.678 243.238 0 
3550 959.793 273.521 0 
3551 973.771 267.799 0 
3552 947.306 298.53 0 
3553 942.407 301.534 0 
3554 949.447 307.968 0 
3555 922.972 357.502 0 
3556 961.482 349.314 0 
3557 945.296 379.357 0 
3558 959.104 398.21 0 
3559 935.117 407.399 0 
3560 945.483 389.201 0 
3561 926.078 445.058 0 
3562 940.755 470.547 0 
3563 922.045 441.262 0 
3564 922.024 484.196 0 
3565 915.323 517.815 0 
3566 884.301 490.158 0 
3567 933.381 496.392 0 
3568 886.626 521.729 0 
3569 874.99 521.067 0 
3570 852.807 524.548 0 
3571 871.435 536.332 0 
3572 861.221 522.36 0 
3573 840.612 516.494 0 
3574 845.597 524.609 0 
3575 778.621 501.648 0 
3576 804.674 564.083 0 
3577 776.665 541.358 0 
3578 772.782 562.905 0 
3579 762.155 535.549 0 
3580 741.169 528.02 0 
3581 720.154 581.458 0 
3582 717.964 554.434 0 
3583 701.184 544.347 0 
3584 663.621 565.282 0 
3585 650.589 562.202 0 
3586 645.884 566.837 0 
3587 639.274 585.083 0 
3588 630.861 563.894 0 
3589 617.869 537.954 0 
3590 596.611 591.237 0 
3591 602.183 600.553 0 
3592 589.982 555.423 0 
3593 547.774 567.914 0 
3594 518.889 596.972 0 
3595 525 590.64 0 
3596 977.3 -1.90735e-07 0 
3597 958.694 20.835 0 
3598 998.611 37.8389 0 
3599 969.282 74.7139 0 
3600 981.045 59.9645 0 
3601 978.746 90.1428 0 
3602 991.241 103.334 0 
3603 939.849 114.712 0 
3604 980.826 133.346 0 
3605 967.12 113.523 0 
3606 948.091 159.719 0 
3607 978.872 185.859 0 
3608 969.648 184.802 0 
3609 973.678 230.629 0 
3610 959.337 232.463 0 
3611 977.553 239.352 0 
3612 948.539 290.047 0 
3613 966.527 284.203 0 
3614 961.787 294.151 0 
3615 950.438 341.569 0 
3616 954.44 332.348 0 
3617 946.904 332.867 0 
3618 998.255 375.159 0 
3619 973.968 413.09 0 
3620 951.282 395.087 0 
3621 938.126 421.734 0 
3622 943.895 430.826 0 
3623 957.027 419.016 0 
3624 945.081 443.065 0 
3625 942.701 448.177 0 
3626 945.412 468.234 0 
3627 929.269 482.695 0 
3628 948.136 483.188 0 
3629 910.388 516.917 0 
3630 856.662 511.124 0 
3631 904.053 487.464 0 
3632 879.623 522.99 0 
3633 850.81 523.261 0 
3634 836.793 520.433 0 
3635 857.969 534.68 0 
3636 826.175 520.884 0 
3637 803.695 535.565 0 
3638 795.776 540.54 0 
3639 791.273 553.677 0 
3640 740.862 523.802 0 
3641 782.81 533.104 0 
3642 747.952 576.2 0 
3643 730.403 539.834 0 
3644 735.173 533.17 0 
3645 707.333 570.242 0 
3646 638.936 531.064 0 
3647 706.211 555.684 0 
3648 663.57 571.731 0 
3649 638.846 535.93 0 
3650 602.898 560.133 0 
3651 631.154 584.53 0 
3652 597.673 568.904 0 
3653 580.53 577.177 0 
3654 551.758 568.568 0 
3655 575.216 565.155 0 
3656 585.693 549.187 0 
3657 525 572.339 0 
3658 994.15 -1.90735e-07 0 
3659 992.593 33.084 0 
3660 977.544 43.9517 0 
3661 993.459 59.9218 0 
3662 1017.73 78.6284 0 
3663 982.279 87.0777 0 
3664 1001.11 121.13 0 
3665 974.593 91.7632 0 
3666 985.461 126.679 0 
3667 1007.19 146.036 0 
3668 995.002 153.981 0 
3669 987.096 166.361 0 
3670 998.022 194.784 0 
3671 977.063 216.81 0 
3672 1015.29 251.676 0 
3673 981.621 285.516 0 
3674 1001.22 289.872 0 
3675 994.024 282.651 0 
3676 981.588 310.431 0 
3677 964.067 301.422 0 
3678 961.158 344.67 0 
3679 1028.19 344.943 0 
3680 945.172 376.617 0 
3681 989.271 337.043 0 
3682 976.61 410.768 0 
3683 989.269 422.378 0 
3684 973.636 418.622 0 
3685 989.663 436.18 0 
3686 964.398 443.099 0 
3687 976.139 470.281 0 
3688 965.442 509.347 0 
3689 941.267 485.526 0 
3690 947.8 488.369 0 
3691 932.786 513.121 0 
3692 926.026 501.583 0 
3693 909.357 544.313 0 
3694 901.678 514.895 0 
3695 899.924 503.867 0 
3696 849.021 540.32 0 
3697 880.239 548.434 0 
3698 833.559 520.995 0 
3699 843.539 506.728 0 
3700 838.732 526.093 0 
3701 807.195 544.48 0 
3702 808.737 542.362 0 
3703 739.547 540.539 0 
3704 766.841 508.681 0 
3705 749.282 539.433 0 
3706 728.58 542.431 0 
3707 704.253 539.056 0 
3708 702.975 534.639 0 
3709 682.09 537.072 0 
3710 654.825 527.343 0 
3711 661.753 540.535 0 
3712 628.832 575.964 0 
3713 565.675 517.487 0 
3714 601.823 539.676 0 
3715 602.393 554.252 0 
3716 592.687 544.03 0 
3717 565.634 551.825 0 
3718 513.086 567.134 0 
3719 525 558.311 0 
3720 1011.01 -1.90735e-07 0 
3721 1028.06 3.70074 0 
3722 1013.57 19.2793 0 
3723 1015.07 51.101 0 
3724 1032.25 61.8698 0 
3725 1020.76 68.5812 0 
3726 1024.98 117.694 0 
3727 1011.43 122.147 0 
3728 1014.65 123.423 0 
3729 989.204 158.423 0 
3730 1038.31 145.273 0 
3731 1024.49 186.997 0 
3732 999.727 192.462 0 
3733 989.222 205.216 0 
3734 1016.4 247.289 0 
3735 1021.05 246.711 0 
3736 984.764 269.217 0 
3737 997.996 291.194 0 
3738 1008.6 311.521 0 
3739 994.329 298.537 0 
3740 1016.09 335.964 0 
3741 995.874 342.125 0 
3742 1011.14 352.93 0 
3743 984.982 364.704 0 
3744 992.391 412.375 0 
3745 1013.1 428.566 0 
3746 996.288 432.715 0 
3747 952.029 444.26 0 
3748 1007.92 448.423 0 
3749 1014.25 439.516 0 
3750 995.109 539.795 0 
3751 996.994 488.175 0 
3752 981.664 535.866 0 
3753 965.36 485.724 0 
3754 952.561 546.479 0 
3755 952.139 513.242 0 
3756 888.552 527.555 0 
3757 918.917 553.048 0 
3758 881.589 524.159 0 
3759 919.451 516.67 0 
3760 891.807 542.95 0 
3761 859.572 535.556 0 
3762 832.203 535.766 0 
3763 801.388 541.37 0 
3764 803.182 556.025 0 
3765 795.439 551.765 0 
3766 768.278 530.838 0 
3767 733.242 549.976 0 
3768 693.115 534.294 0 
3769 726.521 514.528 0 
3770 708.494 536.941 0 
3771 673.463 506.178 0 
3772 676.115 555.883 0 
3773 631.964 529.004 0 
3774 633.272 547.234 0 
3775 622.563 524.881 0 
3776 620.596 537.11 0 
3777 577.097 541.062 0 
3778 566.978 517.183 0 
3779 546.416 538.303 0 
3780 509.3 547.511 0 
3781 525 542.131 0 
3782 1027.84 -1.90735e-07 0 
3783 1027.84 16.85 0 
3784 1027.84 33.7 0 
3785 1027.84 50.55 0 
3786 1027.84 67.4 0 
3787 1027.84 84.25 0 
3788 1027.84 101.1 0 
3789 1027.84 117.95 0 
3790 1027.84 134.8 0 
3791 1027.84 151.65 0 
3792 1027.84 168.5 0 
3793 1027.84 185.35 0 
3794 1027.84 202.2 0 
3795 1027.84 219.05 0 
3796 1027.84 235.9 0 
3797 1027.84 252.75 0 
3798 1027.84 269.6 0 
3799 1027.84 286.45 0 
3800 1027.84 303.3 0 
3801 1027.84 320.15 0 
3802 1027.84 337 0 
3803 1027.84 353.85 0 
3804 1027.84 370.7 0 
3805 1027.84 387.55 0 
3806 1027.84 404.4 0 
3807 1027.84 421.25 0 
3808 1027.84 438.1 0 
3809 1027.84 454.95 0 
3810 1027.84 471.8 0 
3811 1027.84 488.65 0 
3812 1027.84 505.5 0 
3813 1027.84 525 0 
3814 1009.53 525 0 
3815 991.887 525 0 
3816 979.696 525 0 
3817 965.37 525 0 
3818 944.494 525 0 
3819 927.989 525 0 
3820 914.786 525 0 
3821 897.205 525 0 
3822 880.702 525 0 
3823 862.094 525 0 
3824 843.454 525 0 
3825 824.85 525 0 
3826 809.507 525 0 
3827 795.273 525 0 
3828 780 525 0 
3829 758.169 525 0 
3830 741.79 525 0 
3831 726.507 525 0 
3832 709.102 525 0 
3833 691.676 525 0 
3834 673.191 525 0 
3835 656.862 525 0 
3836 636.229 525 0 
3837 622.147 525 0 
3838 608.041 525 0 
3839 591.773 525 0 
3840 572.275 525 0 
3841 556.067 525 0 
3842 540 525 0 
3843 525 525 0 
