0 -1.90735e-07 -1.90735e-07 0 
1 -1.90735e-07 16.85 0 
2 -1.90735e-07 33.7 0 
3 -1.90735e-07 50.55 0 
4 -1.90735e-07 67.4 0 
5 -1.90735e-07 84.25 0 
6 -1.90735e-07 101.1 0 
7 -1.90735e-07 117.95 0 
8 -1.90735e-07 134.8 0 
9 -1.90735e-07 151.65 0 
10 -1.90735e-07 168.5 0 
11 -1.90735e-07 185.35 0 
12 -1.90735e-07 202.2 0 
13 -1.90735e-07 219.05 0 
14 -1.90735e-07 235.9 0 
15 -1.90735e-07 252.75 0 
16 -1.90735e-07 269.6 0 
17 -1.90735e-07 286.45 0 
18 -1.90735e-07 303.3 0 
19 -1.90735e-07 320.15 0 
20 -1.90735e-07 337 0 
21 -1.90735e-07 353.85 0 
22 -1.90735e-07 370.7 0 
23 -1.90735e-07 387.55 0 
24 -1.90735e-07 404.4 0 
25 -1.90735e-07 421.25 0 
26 -1.90735e-07 438.1 0 
27 -1.90735e-07 454.95 0 
28 -1.90735e-07 471.8 0 
29 -1.90735e-07 488.65 0 
30 -1.90735e-07 505.5 0 
31 -1.90735e-07 522.35 0 
32 -1.90735e-07 539.2 0 
33 -1.90735e-07 556.05 0 
34 -1.90735e-07 572.9 0 
35 -1.90735e-07 589.75 0 
36 -1.90735e-07 606.6 0 
37 -1.90735e-07 623.45 0 
38 -1.90735e-07 640.3 0 
39 -1.90735e-07 657.15 0 
40 -1.90735e-07 674 0 
41 -1.90735e-07 690.85 0 
42 -1.90735e-07 707.7 0 
43 -1.90735e-07 724.55 0 
44 -1.90735e-07 741.4 0 
45 -1.90735e-07 758.25 0 
46 -1.90735e-07 775.1 0 
47 -1.90735e-07 791.95 0 
48 -1.90735e-07 808.8 0 
49 -1.90735e-07 825.65 0 
50 -1.90735e-07 842.5 0 
51 -1.90735e-07 859.35 0 
52 -1.90735e-07 876.2 0 
53 -1.90735e-07 893.05 0 
54 -1.90735e-07 909.9 0 
55 -1.90735e-07 926.75 0 
56 -1.90735e-07 943.6 0 
57 -1.90735e-07 960.45 0 
58 -1.90735e-07 977.3 0 
59 -1.90735e-07 994.15 0 
60 -1.90735e-07 1011.01 0 
61 -1.90735e-07 1027.84 0 
62 16.85 -1.90735e-07 0 
63 16.81 16.81 0 
64 16.7699 33.6199 0 
65 16.7299 50.4299 0 
66 16.6899 67.2399 0 
67 16.6498 84.0498 0 
68 16.6098 100.86 0 
69 16.5698 117.67 0 
70 16.5298 134.48 0 
71 16.4899 151.29 0 
72 16.4501 168.1 0 
73 16.4103 184.91 0 
74 16.3707 201.721 0 
75 16.3312 218.531 0 
76 16.2919 235.342 0 
77 16.2529 252.153 0 
78 16.2142 268.964 0 
79 16.1758 285.776 0 
80 16.1379 302.588 0 
81 16.1005 319.4 0 
82 16.0637 336.213 0 
83 16.0277 353.027 0 
84 15.9924 369.842 0 
85 15.9581 386.657 0 
86 15.9249 403.474 0 
87 15.8929 420.292 0 
88 15.8622 437.111 0 
89 15.8331 453.932 0 
90 15.8057 470.754 0 
91 15.7801 487.579 0 
92 15.7566 504.405 0 
93 15.7353 521.234 0 
94 15.7164 538.065 0 
95 15.7002 554.898 0 
96 15.6869 571.735 0 
97 15.6766 588.575 0 
98 15.6696 605.417 0 
99 15.6661 622.264 0 
100 15.6663 639.114 0 
101 15.6704 655.968 0 
102 15.6786 672.826 0 
103 15.6911 689.688 0 
104 15.7079 706.555 0 
105 15.7294 723.426 0 
106 15.7555 740.303 0 
107 15.7865 757.183 0 
108 15.8222 774.069 0 
109 15.8629 790.96 0 
110 15.9084 807.855 0 
111 15.9586 824.756 0 
112 16.0136 841.661 0 
113 16.0731 858.57 0 
114 16.1369 875.484 0 
115 16.2049 892.403 0 
116 16.2766 909.324 0 
117 16.3517 926.25 0 
118 16.4299 943.178 0 
119 16.5107 960.109 0 
120 16.5936 977.043 0 
121 16.6782 993.977 0 
122 16.7638 1010.92 0 
123 16.85 1027.84 0 
124 33.7 -1.90735e-07 0 
125 33.6199 16.7699 0 
126 33.5398 33.5399 0 
127 33.4598 50.3098 0 
128 33.3797 67.0797 0 
129 33.2996 83.8496 0 
130 33.2196 100.62 0 
131 33.1396 117.39 0 
132 33.0596 134.16 0 
133 32.9798 150.93 0 
134 32.9001 167.7 0 
135 32.8205 184.47 0 
136 32.7412 201.241 0 
137 32.6622 218.012 0 
138 32.5836 234.783 0 
139 32.5055 251.555 0 
140 32.4279 268.328 0 
141 32.3512 285.101 0 
142 32.2752 301.875 0 
143 32.2004 318.65 0 
144 32.1267 335.426 0 
145 32.0545 352.203 0 
146 31.9839 368.983 0 
147 31.9152 385.764 0 
148 31.8486 402.547 0 
149 31.7844 419.333 0 
150 31.723 436.121 0 
151 31.6645 452.912 0 
152 31.6095 469.707 0 
153 31.5581 486.506 0 
154 31.5109 503.308 0 
155 31.4681 520.115 0 
156 31.4302 536.927 0 
157 31.3976 553.744 0 
158 31.3707 570.567 0 
159 31.3499 587.396 0 
160 31.3357 604.231 0 
161 31.3285 621.074 0 
162 31.3287 637.924 0 
163 31.3367 654.781 0 
164 31.3529 671.648 0 
165 31.3777 688.522 0 
166 31.4113 705.406 0 
167 31.4541 722.298 0 
168 31.5063 739.2 0 
169 31.5681 756.112 0 
170 31.6396 773.034 0 
171 31.7209 789.965 0 
172 31.8119 806.906 0 
173 31.9126 823.857 0 
174 32.0227 840.817 0 
175 32.1419 857.787 0 
176 32.2698 874.765 0 
177 32.4059 891.751 0 
178 32.5497 908.745 0 
179 32.7004 925.747 0 
180 32.8572 942.754 0 
181 33.0192 959.767 0 
182 33.1856 976.784 0 
183 33.3552 993.804 0 
184 33.5271 1010.83 0 
185 33.7 1027.84 0 
186 50.55 -1.90735e-07 0 
187 50.4299 16.7299 0 
188 50.3098 33.4598 0 
189 50.1897 50.1897 0 
190 50.0695 66.9196 0 
191 49.9494 83.6494 0 
192 49.8293 100.379 0 
193 49.7093 117.109 0 
194 49.5894 133.839 0 
195 49.4695 150.569 0 
196 49.3499 167.3 0 
197 49.2305 184.03 0 
198 49.1114 200.761 0 
199 48.9928 217.493 0 
200 48.8748 234.224 0 
201 48.7574 250.957 0 
202 48.641 267.69 0 
203 48.5256 284.425 0 
204 48.4116 301.161 0 
205 48.299 317.898 0 
206 48.1883 334.637 0 
207 48.0797 351.378 0 
208 47.9735 368.122 0 
209 47.8701 384.868 0 
210 47.7699 401.618 0 
211 47.6732 418.371 0 
212 47.5807 435.128 0 
213 47.4926 451.889 0 
214 47.4095 468.656 0 
215 47.3321 485.428 0 
216 47.2607 502.206 0 
217 47.196 518.991 0 
218 47.1387 535.784 0 
219 47.0892 552.584 0 
220 47.0484 569.392 0 
221 47.0167 586.21 0 
222 46.9949 603.038 0 
223 46.9835 619.876 0 
224 46.9833 636.726 0 
225 46.9948 653.587 0 
226 47.0187 670.461 0 
227 47.0554 687.347 0 
228 47.1055 704.247 0 
229 47.1694 721.161 0 
230 47.2475 738.088 0 
231 47.34 755.031 0 
232 47.4473 771.988 0 
233 47.5692 788.96 0 
234 47.7059 805.947 0 
235 47.8571 822.948 0 
236 48.0226 839.964 0 
237 48.2019 856.994 0 
238 48.3944 874.037 0 
239 48.5994 891.092 0 
240 48.8159 908.16 0 
241 49.0429 925.237 0 
242 49.2792 942.324 0 
243 49.5235 959.42 0 
244 49.7743 976.521 0 
245 50.0301 993.628 0 
246 50.2893 1010.74 0 
247 50.55 1027.84 0 
248 67.4 -1.90735e-07 0 
249 67.2398 16.6899 0 
250 67.0797 33.3797 0 
251 66.9195 50.0696 0 
252 66.7594 66.7594 0 
253 66.5992 83.4492 0 
254 66.439 100.139 0 
255 66.2789 116.829 0 
256 66.1189 133.519 0 
257 65.9591 150.209 0 
258 65.7994 166.899 0 
259 65.6401 183.59 0 
260 65.4812 200.281 0 
261 65.3228 216.972 0 
262 65.1652 233.665 0 
263 65.0085 250.358 0 
264 64.853 267.052 0 
265 64.6988 283.748 0 
266 64.5463 300.445 0 
267 64.3959 317.144 0 
268 64.2478 333.846 0 
269 64.1024 350.55 0 
270 63.9603 367.258 0 
271 63.8218 383.969 0 
272 63.6876 400.685 0 
273 63.558 417.405 0 
274 63.4338 434.13 0 
275 63.3156 450.861 0 
276 63.2041 467.599 0 
277 63.0999 484.345 0 
278 63.0038 501.098 0 
279 62.9167 517.86 0 
280 62.8392 534.633 0 
281 62.7723 551.415 0 
282 62.7168 568.209 0 
283 62.6736 585.015 0 
284 62.6435 601.835 0 
285 62.6274 618.668 0 
286 62.6262 635.516 0 
287 62.6406 652.38 0 
288 62.6716 669.261 0 
289 62.7198 686.158 0 
290 62.7859 703.074 0 
291 62.8705 720.009 0 
292 62.9742 736.962 0 
293 63.0973 753.935 0 
294 63.2401 770.928 0 
295 63.4028 787.941 0 
296 63.5853 804.973 0 
297 63.7874 822.026 0 
298 64.0088 839.097 0 
299 64.2487 856.188 0 
300 64.5066 873.296 0 
301 64.7813 890.422 0 
302 65.0716 907.563 0 
303 65.3761 924.719 0 
304 65.6933 941.887 0 
305 66.0212 959.066 0 
306 66.358 976.254 0 
307 66.7016 993.449 0 
308 67.0498 1010.65 0 
309 67.4 1027.84 0 
310 84.25 -1.90735e-07 0 
311 84.0498 16.6498 0 
312 83.8496 33.2997 0 
313 83.6494 49.9495 0 
314 83.4492 66.5992 0 
315 83.2489 83.249 0 
316 83.0487 99.8988 0 
317 82.8485 116.549 0 
318 82.6484 133.198 0 
319 82.4484 149.848 0 
320 82.2487 166.499 0 
321 82.0493 183.149 0 
322 81.8504 199.8 0 
323 81.6521 216.452 0 
324 81.4548 233.104 0 
325 81.2585 249.758 0 
326 81.0636 266.413 0 
327 80.8703 283.069 0 
328 80.6791 299.728 0 
329 80.4904 316.389 0 
330 80.3045 333.052 0 
331 80.122 349.72 0 
332 79.9434 366.391 0 
333 79.7694 383.066 0 
334 79.6005 399.747 0 
335 79.4375 416.433 0 
336 79.281 433.126 0 
337 79.132 449.827 0 
338 78.9912 466.535 0 
339 78.8596 483.253 0 
340 78.7381 499.981 0 
341 78.6276 516.72 0 
342 78.5292 533.471 0 
343 78.444 550.235 0 
344 78.373 567.013 0 
345 78.3174 583.807 0 
346 78.2781 600.617 0 
347 78.2564 617.445 0 
348 78.2533 634.291 0 
349 78.27 651.157 0 
350 78.3073 668.044 0 
351 78.3662 684.952 0 
352 78.4477 701.883 0 
353 78.5526 718.838 0 
354 78.6814 735.816 0 
355 78.8348 752.819 0 
356 79.0131 769.848 0 
357 79.2165 786.901 0 
358 79.4451 803.98 0 
359 79.6984 821.083 0 
360 79.9762 838.212 0 
361 80.2777 855.364 0 
362 80.6019 872.539 0 
363 80.9475 889.736 0 
364 81.3131 906.952 0 
365 81.6968 924.187 0 
366 82.0965 941.438 0 
367 82.5101 958.703 0 
368 82.935 975.98 0 
369 83.3685 993.265 0 
370 83.808 1010.56 0 
371 84.25 1027.84 0 
372 101.1 -1.90735e-07 0 
373 100.86 16.6098 0 
374 100.62 33.2196 0 
375 100.379 49.8294 0 
376 100.139 66.4391 0 
377 99.8987 83.0488 0 
378 99.6583 99.6584 0 
379 99.418 116.268 0 
380 99.1777 132.878 0 
381 98.9375 149.488 0 
382 98.6976 166.097 0 
383 98.458 182.708 0 
384 98.2189 199.319 0 
385 97.9806 215.93 0 
386 97.7432 232.543 0 
387 97.5071 249.156 0 
388 97.2725 265.771 0 
389 97.0398 282.388 0 
390 96.8095 299.008 0 
391 96.582 315.63 0 
392 96.3578 332.255 0 
393 96.1377 348.885 0 
394 95.9221 365.519 0 
395 95.7118 382.158 0 
396 95.5076 398.803 0 
397 95.3103 415.455 0 
398 95.1208 432.115 0 
399 94.9401 448.784 0 
400 94.7692 465.462 0 
401 94.6092 482.152 0 
402 94.4612 498.853 0 
403 94.3264 515.567 0 
404 94.2061 532.296 0 
405 94.1015 549.041 0 
406 94.0139 565.802 0 
407 93.9447 582.582 0 
408 93.8952 599.382 0 
409 93.8668 616.203 0 
410 93.8608 633.046 0 
411 93.8786 649.913 0 
412 93.9213 666.805 0 
413 93.9901 683.723 0 
414 94.0863 700.669 0 
415 94.2107 717.642 0 
416 94.3642 734.646 0 
417 94.5475 751.679 0 
418 94.7611 768.742 0 
419 95.0052 785.836 0 
420 95.28 802.961 0 
421 95.5851 820.117 0 
422 95.9201 837.302 0 
423 96.284 854.517 0 
424 96.6758 871.76 0 
425 97.0939 889.029 0 
426 97.5365 906.323 0 
427 98.0013 923.64 0 
428 98.486 940.976 0 
429 98.9876 958.329 0 
430 99.5033 975.697 0 
431 100.03 993.075 0 
432 100.563 1010.47 0 
433 101.1 1027.84 0 
434 117.95 -1.90735e-07 0 
435 117.67 16.5698 0 
436 117.39 33.1396 0 
437 117.109 49.7094 0 
438 116.829 66.279 0 
439 116.548 82.8486 0 
440 116.268 99.4181 0 
441 115.987 115.988 0 
442 115.707 132.557 0 
443 115.426 149.126 0 
444 115.146 165.696 0 
445 114.866 182.266 0 
446 114.587 198.836 0 
447 114.308 215.408 0 
448 114.03 231.98 0 
449 113.754 248.553 0 
450 113.479 265.128 0 
451 113.207 281.705 0 
452 112.937 298.285 0 
453 112.67 314.868 0 
454 112.407 331.455 0 
455 112.149 348.046 0 
456 111.895 364.642 0 
457 111.648 381.244 0 
458 111.408 397.853 0 
459 111.175 414.47 0 
460 110.952 431.095 0 
461 110.738 447.731 0 
462 110.536 464.378 0 
463 110.347 481.038 0 
464 110.171 497.711 0 
465 110.011 514.4 0 
466 109.867 531.106 0 
467 109.742 547.829 0 
468 109.636 564.573 0 
469 109.552 581.338 0 
470 109.491 598.125 0 
471 109.455 614.938 0 
472 109.445 631.777 0 
473 109.462 648.644 0 
474 109.509 665.54 0 
475 109.587 682.466 0 
476 109.697 699.426 0 
477 109.84 716.418 0 
478 110.017 733.445 0 
479 110.23 750.507 0 
480 110.478 767.606 0 
481 110.763 784.741 0 
482 111.085 801.912 0 
483 111.442 819.12 0 
484 111.835 836.364 0 
485 112.262 853.642 0 
486 112.723 870.954 0 
487 113.216 888.298 0 
488 113.738 905.671 0 
489 114.286 923.072 0 
490 114.858 940.496 0 
491 115.451 957.941 0 
492 116.061 975.403 0 
493 116.683 992.878 0 
494 117.315 1010.37 0 
495 117.95 1027.84 0 
496 134.8 -1.90735e-07 0 
497 134.48 16.5299 0 
498 134.16 33.0597 0 
499 133.839 49.5894 0 
500 133.519 66.119 0 
501 133.198 82.6485 0 
502 132.878 99.1778 0 
503 132.557 115.707 0 
504 132.236 132.236 0 
505 131.915 148.765 0 
506 131.594 165.294 0 
507 131.274 181.824 0 
508 130.954 198.354 0 
509 130.635 214.884 0 
510 130.316 231.416 0 
511 129.999 247.949 0 
512 129.684 264.483 0 
513 129.371 281.02 0 
514 129.061 297.559 0 
515 128.755 314.102 0 
516 128.452 330.649 0 
517 128.155 347.201 0 
518 127.863 363.759 0 
519 127.577 380.323 0 
520 127.3 396.895 0 
521 127.031 413.475 0 
522 126.773 430.066 0 
523 126.525 446.667 0 
524 126.291 463.282 0 
525 126.071 479.91 0 
526 125.866 496.555 0 
527 125.678 513.216 0 
528 125.51 529.897 0 
529 125.363 546.598 0 
530 125.237 563.322 0 
531 125.137 580.07 0 
532 125.063 596.845 0 
533 125.017 613.647 0 
534 125.001 630.48 0 
535 125.017 647.345 0 
536 125.066 664.244 0 
537 125.151 681.178 0 
538 125.273 698.149 0 
539 125.434 715.159 0 
540 125.635 732.209 0 
541 125.876 749.3 0 
542 126.159 766.433 0 
543 126.485 783.609 0 
544 126.853 800.827 0 
545 127.263 818.088 0 
546 127.715 835.39 0 
547 128.208 852.734 0 
548 128.739 870.117 0 
549 129.308 887.537 0 
550 129.912 904.993 0 
551 130.547 922.48 0 
552 131.21 939.996 0 
553 131.898 957.536 0 
554 132.606 975.097 0 
555 133.329 992.672 0 
556 134.062 1010.26 0 
557 134.8 1027.84 0 
558 151.65 -1.90735e-07 0 
559 151.29 16.49 0 
560 150.93 32.9798 0 
561 150.569 49.4696 0 
562 150.209 65.9592 0 
563 149.848 82.4485 0 
564 149.487 98.9377 0 
565 149.126 115.427 0 
566 148.765 131.915 0 
567 148.404 148.404 0 
568 148.042 164.892 0 
569 147.681 181.381 0 
570 147.32 197.87 0 
571 146.96 214.36 0 
572 146.601 230.85 0 
573 146.243 247.342 0 
574 145.887 263.836 0 
575 145.533 280.332 0 
576 145.182 296.83 0 
577 144.835 313.333 0 
578 144.492 329.839 0 
579 144.155 346.351 0 
580 143.823 362.869 0 
581 143.499 379.394 0 
582 143.183 395.927 0 
583 142.877 412.47 0 
584 142.582 429.024 0 
585 142.3 445.591 0 
586 142.031 462.171 0 
587 141.779 478.767 0 
588 141.543 495.381 0 
589 141.327 512.013 0 
590 141.132 528.667 0 
591 140.961 545.344 0 
592 140.814 562.047 0 
593 140.695 578.776 0 
594 140.606 595.535 0 
595 140.548 612.327 0 
596 140.525 629.152 0 
597 140.537 646.013 0 
598 140.588 662.912 0 
599 140.679 679.852 0 
600 140.812 696.834 0 
601 140.989 713.86 0 
602 141.212 730.932 0 
603 141.481 748.051 0 
604 141.798 765.218 0 
605 142.164 782.434 0 
606 142.579 799.699 0 
607 143.043 817.013 0 
608 143.555 834.376 0 
609 144.114 851.786 0 
610 144.718 869.242 0 
611 145.366 886.742 0 
612 146.054 904.282 0 
613 146.78 921.86 0 
614 147.538 939.471 0 
615 148.325 957.111 0 
616 149.135 974.775 0 
617 149.963 992.456 0 
618 150.804 1010.16 0 
619 151.65 1027.84 0 
620 168.5 -1.90735e-07 0 
621 168.1 16.4501 0 
622 167.7 32.9001 0 
623 167.3 49.35 0 
624 166.899 65.7995 0 
625 166.498 82.2488 0 
626 166.097 98.6977 0 
627 165.696 115.146 0 
628 165.294 131.595 0 
629 164.892 148.042 0 
630 164.49 164.49 0 
631 164.088 180.938 0 
632 163.686 197.386 0 
633 163.285 213.834 0 
634 162.884 230.284 0 
635 162.485 246.734 0 
636 162.087 263.186 0 
637 161.692 279.64 0 
638 161.3 296.098 0 
639 160.911 312.558 0 
640 160.527 329.024 0 
641 160.149 345.495 0 
642 159.777 361.972 0 
643 159.412 378.457 0 
644 159.057 394.951 0 
645 158.712 411.455 0 
646 158.379 427.971 0 
647 158.06 444.5 0 
648 157.756 461.045 0 
649 157.469 477.607 0 
650 157.201 494.188 0 
651 156.954 510.789 0 
652 156.731 527.415 0 
653 156.533 544.065 0 
654 156.363 560.744 0 
655 156.224 577.453 0 
656 156.117 594.195 0 
657 156.046 610.972 0 
658 156.013 627.787 0 
659 156.019 644.642 0 
660 156.069 661.54 0 
661 156.164 678.484 0 
662 156.306 695.475 0 
663 156.498 712.516 0 
664 156.741 729.608 0 
665 157.038 746.754 0 
666 157.388 763.954 0 
667 157.794 781.21 0 
668 158.256 798.522 0 
669 158.774 815.89 0 
670 159.347 833.314 0 
671 159.974 850.793 0 
672 160.654 868.324 0 
673 161.384 885.906 0 
674 162.16 903.535 0 
675 162.98 921.207 0 
676 163.837 938.918 0 
677 164.728 956.662 0 
678 165.647 974.434 0 
679 166.586 992.228 0 
680 167.54 1010.04 0 
681 168.5 1027.84 0 
682 185.35 -1.90735e-07 0 
683 184.91 16.4103 0 
684 184.47 32.8206 0 
685 184.03 49.2306 0 
686 183.59 65.6402 0 
687 183.149 82.0494 0 
688 182.708 98.4582 0 
689 182.266 114.866 0 
690 181.824 131.274 0 
691 181.381 147.681 0 
692 180.938 164.088 0 
693 180.494 180.495 0 
694 180.051 196.901 0 
695 179.608 213.308 0 
696 179.166 229.716 0 
697 178.725 246.124 0 
698 178.285 262.534 0 
699 177.848 278.946 0 
700 177.413 295.361 0 
701 176.982 311.78 0 
702 176.556 328.203 0 
703 176.136 344.632 0 
704 175.722 361.067 0 
705 175.317 377.511 0 
706 174.921 393.964 0 
707 174.535 410.428 0 
708 174.163 426.904 0 
709 173.805 443.395 0 
710 173.464 459.902 0 
711 173.141 476.427 0 
712 172.838 492.973 0 
713 172.558 509.542 0 
714 172.304 526.136 0 
715 172.078 542.758 0 
716 171.882 559.411 0 
717 171.72 576.097 0 
718 171.593 592.818 0 
719 171.506 609.579 0 
720 171.46 626.381 0 
721 171.459 643.229 0 
722 171.505 660.123 0 
723 171.602 677.068 0 
724 171.751 694.066 0 
725 171.956 711.12 0 
726 172.218 728.231 0 
727 172.54 745.402 0 
728 172.923 762.635 0 
729 173.369 779.93 0 
730 173.878 797.289 0 
731 174.45 814.711 0 
732 175.085 832.198 0 
733 175.782 849.746 0 
734 176.539 867.355 0 
735 177.354 885.022 0 
736 178.223 902.743 0 
737 179.141 920.515 0 
738 180.103 938.331 0 
739 181.104 956.186 0 
740 182.137 974.073 0 
741 183.194 991.985 0 
742 184.269 1009.92 0 
743 185.35 1027.84 0 
744 202.2 -1.90735e-07 0 
745 201.721 16.3707 0 
746 201.241 32.7413 0 
747 200.761 49.1115 0 
748 200.281 65.4813 0 
749 199.8 81.8506 0 
750 199.318 98.2191 0 
751 198.836 114.587 0 
752 198.353 130.954 0 
753 197.87 147.321 0 
754 197.386 163.686 0 
755 196.901 180.052 0 
756 196.416 196.416 0 
757 195.931 212.781 0 
758 195.447 229.147 0 
759 194.963 245.513 0 
760 194.481 261.88 0 
761 194.001 278.249 0 
762 193.523 294.621 0 
763 193.049 310.997 0 
764 192.58 327.377 0 
765 192.116 343.762 0 
766 191.66 360.155 0 
767 191.211 376.555 0 
768 190.773 392.966 0 
769 190.346 409.388 0 
770 189.932 425.823 0 
771 189.534 442.273 0 
772 189.153 458.74 0 
773 188.791 475.227 0 
774 188.452 491.736 0 
775 188.137 508.27 0 
776 187.85 524.83 0 
777 187.592 541.421 0 
778 187.368 558.044 0 
779 187.18 574.704 0 
780 187.031 591.403 0 
781 186.924 608.145 0 
782 186.863 624.932 0 
783 186.851 641.768 0 
784 186.891 658.656 0 
785 186.987 675.6 0 
786 187.141 692.602 0 
787 187.356 709.666 0 
788 187.636 726.794 0 
789 187.981 743.989 0 
790 188.396 761.252 0 
791 188.88 778.586 0 
792 189.436 795.992 0 
793 190.063 813.469 0 
794 190.761 831.019 0 
795 191.53 848.639 0 
796 192.368 866.329 0 
797 193.271 884.084 0 
798 194.236 901.902 0 
799 195.258 919.778 0 
800 196.331 937.705 0 
801 197.449 955.678 0 
802 198.603 973.687 0 
803 199.786 991.725 0 
804 200.989 1009.79 0 
805 202.2 1027.84 0 
806 219.05 -1.90735e-07 0 
807 218.531 16.3312 0 
808 218.012 32.6623 0 
809 217.492 48.9929 0 
810 216.972 65.323 0 
811 216.452 81.6523 0 
812 215.93 97.9808 0 
813 215.407 114.308 0 
814 214.884 130.635 0 
815 214.359 146.96 0 
816 213.834 163.285 0 
817 213.308 179.609 0 
818 212.781 195.932 0 
819 212.254 212.254 0 
820 211.727 228.577 0 
821 211.2 244.9 0 
822 210.675 261.224 0 
823 210.151 277.55 0 
824 209.629 293.878 0 
825 209.111 310.209 0 
826 208.598 326.545 0 
827 208.09 342.886 0 
828 207.589 359.234 0 
829 207.096 375.59 0 
830 206.614 391.956 0 
831 206.143 408.334 0 
832 205.686 424.726 0 
833 205.245 441.134 0 
834 204.822 457.559 0 
835 204.42 474.005 0 
836 204.041 490.474 0 
837 203.689 506.97 0 
838 203.365 523.494 0 
839 203.073 540.05 0 
840 202.817 556.642 0 
841 202.6 573.273 0 
842 202.425 589.946 0 
843 202.296 606.664 0 
844 202.217 623.433 0 
845 202.191 640.254 0 
846 202.222 657.133 0 
847 202.313 674.072 0 
848 202.469 691.076 0 
849 202.692 708.148 0 
850 202.987 725.29 0 
851 203.354 742.507 0 
852 203.798 759.799 0 
853 204.32 777.171 0 
854 204.922 794.623 0 
855 205.604 812.155 0 
856 206.367 829.769 0 
857 207.21 847.463 0 
858 208.13 865.236 0 
859 209.126 883.084 0 
860 210.192 901.003 0 
861 211.323 918.989 0 
862 212.514 937.034 0 
863 213.756 955.132 0 
864 215.041 973.272 0 
865 216.359 991.446 0 
866 217.699 1009.65 0 
867 219.05 1027.84 0 
868 235.9 -1.90735e-07 0 
869 235.342 16.292 0 
870 234.783 32.5837 0 
871 234.224 48.8749 0 
872 233.665 65.1654 0 
873 233.104 81.455 0 
874 232.542 97.7435 0 
875 231.98 114.031 0 
876 231.415 130.317 0 
877 230.85 146.601 0 
878 230.283 162.884 0 
879 229.715 179.166 0 
880 229.146 195.447 0 
881 228.576 211.727 0 
882 228.006 228.007 0 
883 227.436 244.286 0 
884 226.867 260.566 0 
885 226.298 276.848 0 
886 225.732 293.131 0 
887 225.169 309.417 0 
888 224.61 325.707 0 
889 224.057 342.003 0 
890 223.51 358.305 0 
891 222.971 374.615 0 
892 222.443 390.935 0 
893 221.926 407.268 0 
894 221.424 423.614 0 
895 220.938 439.976 0 
896 220.471 456.357 0 
897 220.026 472.76 0 
898 219.605 489.187 0 
899 219.211 505.641 0 
900 218.848 522.126 0 
901 218.519 538.645 0 
902 218.228 555.201 0 
903 217.979 571.799 0 
904 217.774 588.442 0 
905 217.619 605.135 0 
906 217.518 621.88 0 
907 217.474 638.684 0 
908 217.492 655.549 0 
909 217.576 672.481 0 
910 217.73 689.483 0 
911 217.958 706.558 0 
912 218.264 723.712 0 
913 218.651 740.948 0 
914 219.122 758.268 0 
915 219.681 775.676 0 
916 220.328 793.173 0 
917 221.065 810.76 0 
918 221.893 828.439 0 
919 222.811 846.209 0 
920 223.818 864.067 0 
921 224.909 882.012 0 
922 226.082 900.038 0 
923 227.33 918.141 0 
924 228.646 936.312 0 
925 230.021 954.543 0 
926 231.446 972.824 0 
927 232.909 991.144 0 
928 234.399 1009.5 0 
929 235.9 1027.84 0 
930 252.75 -1.90735e-07 0 
931 252.153 16.2529 0 
932 251.555 32.5056 0 
933 250.957 48.7576 0 
934 250.358 65.0087 0 
935 249.758 81.2587 0 
936 249.156 97.5073 0 
937 248.553 113.754 0 
938 247.948 130 0 
939 247.342 146.243 0 
940 246.734 162.485 0 
941 246.124 178.725 0 
942 245.512 194.964 0 
943 244.9 211.201 0 
944 244.286 227.437 0 
945 243.672 243.672 0 
946 243.057 259.908 0 
947 242.444 276.144 0 
948 241.832 292.381 0 
949 241.223 308.621 0 
950 240.617 324.864 0 
951 240.016 341.113 0 
952 239.422 357.367 0 
953 238.836 373.63 0 
954 238.26 389.902 0 
955 237.696 406.187 0 
956 237.146 422.485 0 
957 236.612 438.8 0 
958 236.098 455.134 0 
959 235.607 471.49 0 
960 235.14 487.872 0 
961 234.703 504.282 0 
962 234.297 520.724 0 
963 233.927 537.201 0 
964 233.597 553.719 0 
965 233.311 570.28 0 
966 233.074 586.889 0 
967 232.889 603.551 0 
968 232.761 620.271 0 
969 232.695 637.052 0 
970 232.696 653.9 0 
971 232.768 670.819 0 
972 232.917 687.815 0 
973 233.146 704.891 0 
974 233.46 722.053 0 
975 233.863 739.305 0 
976 234.359 756.649 0 
977 234.952 774.091 0 
978 235.644 791.632 0 
979 236.436 809.274 0 
980 237.33 827.018 0 
981 238.325 844.865 0 
982 239.42 862.813 0 
983 240.612 880.858 0 
984 241.897 898.997 0 
985 243.269 917.223 0 
986 244.718 935.529 0 
987 246.237 953.904 0 
988 247.813 972.338 0 
989 249.433 990.816 0 
990 251.085 1009.33 0 
991 252.75 1027.84 0 
992 269.6 -1.90735e-07 0 
993 268.964 16.2142 0 
994 268.327 32.4281 0 
995 267.69 48.6412 0 
996 267.052 64.8532 0 
997 266.412 81.0638 0 
998 265.771 97.2728 0 
999 265.128 113.48 0 
1000 264.483 129.685 0 
1001 263.835 145.887 0 
1002 263.186 162.088 0 
1003 262.534 178.286 0 
1004 261.88 194.481 0 
1005 261.223 210.675 0 
1006 260.566 226.867 0 
1007 259.907 243.058 0 
1008 259.247 259.248 0 
1009 258.588 275.438 0 
1010 257.929 291.629 0 
1011 257.273 307.821 0 
1012 256.619 324.017 0 
1013 255.97 340.217 0 
1014 255.326 356.422 0 
1015 254.691 372.635 0 
1016 254.065 388.858 0 
1017 253.451 405.092 0 
1018 252.85 421.34 0 
1019 252.267 437.605 0 
1020 251.703 453.889 0 
1021 251.162 470.196 0 
1022 250.647 486.528 0 
1023 250.162 502.89 0 
1024 249.71 519.286 0 
1025 249.295 535.718 0 
1026 248.923 552.192 0 
1027 248.596 568.713 0 
1028 248.321 585.284 0 
1029 248.101 601.911 0 
1030 247.942 618.599 0 
1031 247.85 635.353 0 
1032 247.829 652.179 0 
1033 247.884 669.081 0 
1034 248.022 686.066 0 
1035 248.248 703.139 0 
1036 248.566 720.304 0 
1037 248.982 737.568 0 
1038 249.5 754.934 0 
1039 250.125 772.407 0 
1040 250.858 789.99 0 
1041 251.704 807.685 0 
1042 252.664 825.496 0 
1043 253.738 843.421 0 
1044 254.925 861.46 0 
1045 256.223 879.611 0 
1046 257.626 897.869 0 
1047 259.129 916.227 0 
1048 260.722 934.677 0 
1049 262.395 953.208 0 
1050 264.135 971.806 0 
1051 265.927 990.457 0 
1052 267.755 1009.15 0 
1053 269.6 1027.84 0 
1054 286.45 -1.90735e-07 0 
1055 285.776 16.1759 0 
1056 285.101 32.3513 0 
1057 284.425 48.5258 0 
1058 283.748 64.6991 0 
1059 283.069 80.8706 0 
1060 282.388 97.0401 0 
1061 281.705 113.207 0 
1062 281.02 129.372 0 
1063 280.331 145.534 0 
1064 279.64 161.692 0 
1065 278.946 177.848 0 
1066 278.249 194.001 0 
1067 277.549 210.151 0 
1068 276.847 226.299 0 
1069 276.143 242.445 0 
1070 275.437 258.589 0 
1071 274.731 274.732 0 
1072 274.025 290.875 0 
1073 273.319 307.019 0 
1074 272.617 323.165 0 
1075 271.917 339.315 0 
1076 271.223 355.469 0 
1077 270.536 371.631 0 
1078 269.858 387.801 0 
1079 269.191 403.983 0 
1080 268.539 420.178 0 
1081 267.902 436.39 0 
1082 267.286 452.621 0 
1083 266.692 468.875 0 
1084 266.125 485.155 0 
1085 265.588 501.466 0 
1086 265.086 517.81 0 
1087 264.622 534.193 0 
1088 264.202 550.62 0 
1089 263.83 567.095 0 
1090 263.511 583.623 0 
1091 263.252 600.21 0 
1092 263.057 616.861 0 
1093 262.933 633.583 0 
1094 262.884 650.381 0 
1095 262.918 667.261 0 
1096 263.041 684.23 0 
1097 263.258 701.293 0 
1098 263.576 718.458 0 
1099 263.999 735.729 0 
1100 264.535 753.112 0 
1101 265.188 770.612 0 
1102 265.961 788.234 0 
1103 266.859 805.982 0 
1104 267.885 823.858 0 
1105 269.039 841.863 0 
1106 270.32 859.996 0 
1107 271.727 878.257 0 
1108 273.255 896.64 0 
1109 274.898 915.139 0 
1110 276.646 933.744 0 
1111 278.486 952.443 0 
1112 280.405 971.221 0 
1113 282.385 990.062 0 
1114 284.408 1008.95 0 
1115 286.45 1027.84 0 
1116 303.3 -1.90735e-07 0 
1117 302.588 16.1379 0 
1118 301.875 32.2754 0 
1119 301.161 48.4118 0 
1120 300.445 64.5466 0 
1121 299.728 80.6794 0 
1122 299.008 96.8098 0 
1123 298.285 112.937 0 
1124 297.559 129.062 0 
1125 296.83 145.183 0 
1126 296.097 161.3 0 
1127 295.361 177.414 0 
1128 294.621 193.524 0 
1129 293.877 209.63 0 
1130 293.13 225.733 0 
1131 292.38 241.833 0 
1132 291.628 257.93 0 
1133 290.874 274.026 0 
1134 290.119 290.12 0 
1135 289.364 306.214 0 
1136 288.61 322.31 0 
1137 287.859 338.407 0 
1138 287.113 354.509 0 
1139 286.372 370.618 0 
1140 285.64 386.734 0 
1141 284.918 402.86 0 
1142 284.21 419 0 
1143 283.518 435.156 0 
1144 282.845 451.331 0 
1145 282.195 467.528 0 
1146 281.572 483.752 0 
1147 280.98 500.007 0 
1148 280.422 516.296 0 
1149 279.905 532.625 0 
1150 279.432 548.999 0 
1151 279.01 565.423 0 
1152 278.643 581.903 0 
1153 278.339 598.444 0 
1154 278.102 615.053 0 
1155 277.939 631.736 0 
1156 277.858 648.5 0 
1157 277.864 665.352 0 
1158 277.965 682.299 0 
1159 278.167 699.347 0 
1160 278.478 716.504 0 
1161 278.905 733.777 0 
1162 279.453 751.172 0 
1163 280.129 768.696 0 
1164 280.939 786.354 0 
1165 281.887 804.151 0 
1166 282.977 822.091 0 
1167 284.211 840.175 0 
1168 285.589 858.406 0 
1169 287.111 876.78 0 
1170 288.771 895.295 0 
1171 290.563 913.944 0 
1172 292.477 932.716 0 
1173 294.499 951.599 0 
1174 296.614 970.575 0 
1175 298.801 989.624 0 
1176 301.039 1008.73 0 
1177 303.3 1027.84 0 
1178 320.15 -1.90735e-07 0 
1179 319.4 16.1006 0 
1180 318.65 32.2005 0 
1181 317.898 48.2992 0 
1182 317.144 64.3962 0 
1183 316.389 80.4907 0 
1184 315.63 96.5824 0 
1185 314.868 112.671 0 
1186 314.102 128.755 0 
1187 313.332 144.836 0 
1188 312.558 160.912 0 
1189 311.779 176.983 0 
1190 310.996 193.05 0 
1191 310.208 209.112 0 
1192 309.416 225.17 0 
1193 308.62 241.224 0 
1194 307.821 257.273 0 
1195 307.018 273.32 0 
1196 306.213 289.365 0 
1197 305.407 305.408 0 
1198 304.602 321.452 0 
1199 303.797 337.496 0 
1200 302.996 353.544 0 
1201 302.2 369.596 0 
1202 301.411 385.656 0 
1203 300.632 401.725 0 
1204 299.865 417.806 0 
1205 299.114 433.902 0 
1206 298.382 450.018 0 
1207 297.672 466.155 0 
1208 296.989 482.319 0 
1209 296.336 498.513 0 
1210 295.719 514.743 0 
1211 295.143 531.013 0 
1212 294.613 547.328 0 
1213 294.134 563.696 0 
1214 293.714 580.121 0 
1215 293.357 596.61 0 
1216 293.072 613.17 0 
1217 292.865 629.808 0 
1218 292.743 646.532 0 
1219 292.715 663.348 0 
1220 292.787 680.266 0 
1221 292.968 697.292 0 
1222 293.266 714.435 0 
1223 293.688 731.704 0 
1224 294.243 749.105 0 
1225 294.938 766.646 0 
1226 295.779 784.335 0 
1227 296.773 802.177 0 
1228 297.925 820.178 0 
1229 299.239 838.342 0 
1230 300.716 856.671 0 
1231 302.355 875.164 0 
1232 304.154 893.817 0 
1233 306.105 912.626 0 
1234 308.199 931.579 0 
1235 310.42 950.661 0 
1236 312.751 969.855 0 
1237 315.167 989.136 0 
1238 317.645 1008.48 0 
1239 320.15 1027.84 0 
1240 337 -1.90735e-07 0 
1241 336.213 16.0638 0 
1242 335.426 32.1269 0 
1243 334.637 48.1885 0 
1244 333.846 64.2481 0 
1245 333.052 80.3049 0 
1246 332.255 96.3583 0 
1247 331.454 112.408 0 
1248 330.649 128.453 0 
1249 329.839 144.493 0 
1250 329.023 160.528 0 
1251 328.203 176.557 0 
1252 327.376 192.581 0 
1253 326.544 208.599 0 
1254 325.707 224.611 0 
1255 324.864 240.618 0 
1256 324.016 256.62 0 
1257 323.164 272.617 0 
1258 322.309 288.611 0 
1259 321.451 304.603 0 
1260 320.591 320.592 0 
1261 319.732 336.582 0 
1262 318.875 352.573 0 
1263 318.021 368.568 0 
1264 317.173 384.568 0 
1265 316.333 400.577 0 
1266 315.505 416.597 0 
1267 314.692 432.631 0 
1268 313.896 448.682 0 
1269 313.122 464.755 0 
1270 312.374 480.854 0 
1271 311.657 496.984 0 
1272 310.976 513.149 0 
1273 310.335 529.354 0 
1274 309.742 545.606 0 
1275 309.201 561.911 0 
1276 308.72 578.275 0 
1277 308.305 594.706 0 
1278 307.964 611.21 0 
1279 307.705 627.795 0 
1280 307.536 644.47 0 
1281 307.465 661.244 0 
1282 307.5 678.124 0 
1283 307.652 695.12 0 
1284 307.929 712.241 0 
1285 308.339 729.497 0 
1286 308.893 746.896 0 
1287 309.599 764.448 0 
1288 310.466 782.162 0 
1289 311.502 800.044 0 
1290 312.712 818.103 0 
1291 314.104 836.345 0 
1292 315.679 854.772 0 
1293 317.44 873.386 0 
1294 319.384 892.185 0 
1295 321.505 911.163 0 
1296 323.793 930.311 0 
1297 326.232 949.613 0 
1298 328.801 969.047 0 
1299 331.474 988.586 0 
1300 334.22 1008.21 0 
1301 337 1027.84 0 
1302 353.85 -1.90735e-07 0 
1303 353.027 16.0277 0 
1304 352.203 32.0547 0 
1305 351.378 48.0799 0 
1306 350.55 64.1028 0 
1307 349.719 80.1224 0 
1308 348.885 96.1381 0 
1309 348.045 112.149 0 
1310 347.201 128.155 0 
1311 346.351 144.155 0 
1312 345.494 160.149 0 
1313 344.631 176.137 0 
1314 343.762 192.117 0 
1315 342.885 208.091 0 
1316 342.002 224.057 0 
1317 341.112 240.017 0 
1318 340.216 255.971 0 
1319 339.314 271.918 0 
1320 338.407 287.861 0 
1321 337.495 303.798 0 
1322 336.581 319.733 0 
1323 335.665 335.666 0 
1324 334.749 351.599 0 
1325 333.835 367.534 0 
1326 332.926 383.473 0 
1327 332.023 399.418 0 
1328 331.131 415.373 0 
1329 330.251 431.341 0 
1330 329.388 447.325 0 
1331 328.546 463.33 0 
1332 327.729 479.36 0 
1333 326.942 495.419 0 
1334 326.191 511.514 0 
1335 325.481 527.649 0 
1336 324.817 543.831 0 
1337 324.208 560.067 0 
1338 323.659 576.363 0 
1339 323.179 592.727 0 
1340 322.775 609.168 0 
1341 322.456 625.693 0 
1342 322.23 642.311 0 
1343 322.108 659.032 0 
1344 322.098 675.866 0 
1345 322.211 692.823 0 
1346 322.457 709.913 0 
1347 322.847 727.147 0 
1348 323.391 744.535 0 
1349 324.1 762.089 0 
1350 324.985 779.819 0 
1351 326.055 797.735 0 
1352 327.318 815.847 0 
1353 328.784 834.161 0 
1354 330.458 852.685 0 
1355 332.342 871.422 0 
1356 334.437 890.373 0 
1357 336.739 909.532 0 
1358 339.236 928.89 0 
1359 341.914 948.432 0 
1360 344.748 968.133 0 
1361 347.708 987.963 0 
1362 350.758 1007.89 0 
1363 353.85 1027.84 0 
1364 370.7 -1.90735e-07 0 
1365 369.842 15.9925 0 
1366 368.983 31.9841 0 
1367 368.122 47.9738 0 
1368 367.258 63.9607 0 
1369 366.391 79.9439 0 
1370 365.519 95.9226 0 
1371 364.641 111.896 0 
1372 363.758 127.863 0 
1373 362.869 143.824 0 
1374 361.972 159.777 0 
1375 361.067 175.723 0 
1376 360.154 191.661 0 
1377 359.233 207.59 0 
1378 358.304 223.511 0 
1379 357.367 239.423 0 
1380 356.421 255.328 0 
1381 355.469 271.224 0 
1382 354.509 287.114 0 
1383 353.543 302.997 0 
1384 352.572 318.876 0 
1385 351.598 334.75 0 
1386 350.622 350.623 0 
1387 349.646 366.495 0 
1388 348.672 382.37 0 
1389 347.704 398.249 0 
1390 346.743 414.137 0 
1391 345.794 430.035 0 
1392 344.86 445.948 0 
1393 343.945 461.88 0 
1394 343.054 477.835 0 
1395 342.192 493.82 0 
1396 341.365 509.838 0 
1397 340.579 525.897 0 
1398 339.839 542.003 0 
1399 339.154 558.162 0 
1400 338.53 574.383 0 
1401 337.976 590.673 0 
1402 337.501 607.041 0 
1403 337.112 623.496 0 
1404 336.822 640.049 0 
1405 336.638 656.708 0 
1406 336.573 673.486 0 
1407 336.637 690.393 0 
1408 336.842 707.441 0 
1409 337.201 724.642 0 
1410 337.724 742.009 0 
1411 338.426 759.554 0 
1412 339.318 777.291 0 
1413 340.413 795.231 0 
1414 341.723 813.386 0 
1415 343.257 831.768 0 
1416 345.025 850.386 0 
1417 347.033 869.246 0 
1418 349.284 888.352 0 
1419 351.776 907.701 0 
1420 354.5 927.286 0 
1421 357.439 947.091 0 
1422 360.569 967.091 0 
1423 363.854 987.249 0 
1424 367.25 1007.53 0 
1425 370.7 1027.84 0 
1426 387.55 -1.90735e-07 0 
1427 386.657 15.9582 0 
1428 385.764 31.9154 0 
1429 384.868 47.8704 0 
1430 383.969 63.8222 0 
1431 383.066 79.7699 0 
1432 382.158 95.7123 0 
1433 381.244 111.649 0 
1434 380.322 127.578 0 
1435 379.394 143.5 0 
1436 378.457 159.413 0 
1437 377.51 175.318 0 
1438 376.555 191.212 0 
1439 375.59 207.097 0 
1440 374.615 222.972 0 
1441 373.63 238.837 0 
1442 372.635 254.692 0 
1443 371.63 270.537 0 
1444 370.617 286.374 0 
1445 369.595 302.201 0 
1446 368.567 318.022 0 
1447 367.533 333.837 0 
1448 366.494 349.647 0 
1449 365.454 365.455 0 
1450 364.413 381.263 0 
1451 363.376 397.073 0 
1452 362.344 412.889 0 
1453 361.321 428.714 0 
1454 360.312 444.551 0 
1455 359.32 460.406 0 
1456 358.35 476.282 0 
1457 357.408 492.186 0 
1458 356.499 508.123 0 
1459 355.63 524.099 0 
1460 354.807 540.12 0 
1461 354.038 556.196 0 
1462 353.331 572.333 0 
1463 352.695 588.54 0 
1464 352.139 604.827 0 
1465 351.672 621.203 0 
1466 351.306 637.679 0 
1467 351.05 654.266 0 
1468 350.918 670.976 0 
1469 350.922 687.821 0 
1470 351.074 704.815 0 
1471 351.388 721.971 0 
1472 351.879 739.304 0 
1473 352.561 756.828 0 
1474 353.449 774.559 0 
1475 354.558 792.511 0 
1476 355.902 810.7 0 
1477 357.496 829.14 0 
1478 359.353 847.844 0 
1479 361.482 866.824 0 
1480 363.891 886.087 0 
1481 366.581 905.634 0 
1482 369.547 925.462 0 
1483 372.774 945.556 0 
1484 376.235 965.89 0 
1485 379.89 986.423 0 
1486 383.685 1007.11 0 
1487 387.55 1027.84 0 
1488 404.4 -1.90735e-07 0 
1489 403.474 15.925 0 
1490 402.547 31.8488 0 
1491 401.618 47.7702 0 
1492 400.685 63.688 0 
1493 399.747 79.601 0 
1494 398.803 95.5082 0 
1495 397.853 111.408 0 
1496 396.894 127.301 0 
1497 395.927 143.184 0 
1498 394.95 159.058 0 
1499 393.963 174.922 0 
1500 392.965 190.774 0 
1501 391.956 206.615 0 
1502 390.935 222.444 0 
1503 389.902 238.261 0 
1504 388.857 254.066 0 
1505 387.801 269.86 0 
1506 386.733 285.641 0 
1507 385.655 301.413 0 
1508 384.567 317.174 0 
1509 383.471 332.927 0 
1510 382.369 348.674 0 
1511 381.262 364.415 0 
1512 380.152 380.153 0 
1513 379.042 395.891 0 
1514 377.936 411.632 0 
1515 376.836 427.38 0 
1516 375.747 443.138 0 
1517 374.673 458.91 0 
1518 373.619 474.702 0 
1519 372.59 490.519 0 
1520 371.593 506.368 0 
1521 370.634 522.254 0 
1522 369.721 538.185 0 
1523 368.861 554.168 0 
1524 368.062 570.213 0 
1525 367.334 586.329 0 
1526 366.687 602.524 0 
1527 366.132 618.81 0 
1528 365.678 635.199 0 
1529 365.34 651.701 0 
1530 365.128 668.331 0 
1531 365.058 685.102 0 
1532 365.144 702.028 0 
1533 365.4 719.124 0 
1534 365.843 736.408 0 
1535 366.49 753.895 0 
1536 367.359 771.605 0 
1537 368.466 789.554 0 
1538 369.832 807.762 0 
1539 371.473 826.247 0 
1540 373.407 845.028 0 
1541 375.651 864.119 0 
1542 378.216 883.536 0 
1543 381.11 903.287 0 
1544 384.334 923.372 0 
1545 387.875 943.782 0 
1546 391.708 964.49 0 
1547 395.787 985.452 0 
1548 400.047 1006.61 0 
1549 404.4 1027.84 0 
1550 421.25 -1.90735e-07 0 
1551 420.292 15.893 0 
1552 419.333 31.7846 0 
1553 418.371 47.6736 0 
1554 417.405 63.5585 0 
1555 416.433 79.438 0 
1556 415.455 95.3109 0 
1557 414.47 111.176 0 
1558 413.475 127.032 0 
1559 412.47 142.878 0 
1560 411.455 158.713 0 
1561 410.427 174.537 0 
1562 409.387 190.347 0 
1563 408.334 206.144 0 
1564 407.267 221.928 0 
1565 406.186 237.697 0 
1566 405.091 253.452 0 
1567 403.982 269.193 0 
1568 402.86 284.92 0 
1569 401.724 300.634 0 
1570 400.576 316.335 0 
1571 399.417 332.025 0 
1572 398.248 347.705 0 
1573 397.072 363.377 0 
1574 395.89 379.044 0 
1575 394.705 394.707 0 
1576 393.521 410.37 0 
1577 392.34 426.036 0 
1578 391.166 441.709 0 
1579 390.005 457.395 0 
1580 388.861 473.097 0 
1581 387.741 488.822 0 
1582 386.649 504.575 0 
1583 385.593 520.364 0 
1584 384.581 536.196 0 
1585 383.621 552.08 0 
1586 382.722 568.023 0 
1587 381.893 584.036 0 
1588 381.145 600.13 0 
1589 380.488 616.315 0 
1590 379.936 632.604 0 
1591 379.501 649.009 0 
1592 379.197 665.545 0 
1593 379.039 682.226 0 
1594 379.042 699.069 0 
1595 379.225 716.09 0 
1596 379.603 733.308 0 
1597 380.198 750.741 0 
1598 381.029 768.411 0 
1599 382.117 786.339 0 
1600 383.485 804.547 0 
1601 385.156 823.059 0 
1602 387.153 841.899 0 
1603 389.498 861.09 0 
1604 392.211 880.653 0 
1605 395.31 900.605 0 
1606 398.802 920.958 0 
1607 402.684 941.708 0 
1608 406.934 962.836 0 
1609 411.503 984.295 0 
1610 416.313 1006.01 0 
1611 421.25 1027.84 0 
1612 438.1 -1.90735e-07 0 
1613 437.111 15.8624 0 
1614 436.121 31.7232 0 
1615 435.128 47.581 0 
1616 434.13 63.4343 0 
1617 433.126 79.2816 0 
1618 432.115 95.1215 0 
1619 431.095 110.953 0 
1620 430.065 126.774 0 
1621 429.024 142.583 0 
1622 427.971 158.381 0 
1623 426.904 174.164 0 
1624 425.822 189.934 0 
1625 424.726 205.688 0 
1626 423.613 221.426 0 
1627 422.485 237.147 0 
1628 421.34 252.852 0 
1629 420.178 268.54 0 
1630 419 284.212 0 
1631 417.805 299.867 0 
1632 416.596 315.507 0 
1633 415.372 331.133 0 
1634 414.136 346.745 0 
1635 412.888 362.346 0 
1636 411.631 377.937 0 
1637 410.368 393.522 0 
1638 409.102 409.103 0 
1639 407.836 424.684 0 
1640 406.574 440.269 0 
1641 405.32 455.862 0 
1642 404.081 471.469 0 
1643 402.862 487.095 0 
1644 401.669 502.747 0 
1645 400.509 518.431 0 
1646 399.39 534.156 0 
1647 398.321 549.93 0 
1648 397.311 565.763 0 
1649 396.371 581.664 0 
1650 395.51 597.645 0 
1651 394.741 613.717 0 
1652 394.077 629.893 0 
1653 393.532 646.187 0 
1654 393.12 662.614 0 
1655 392.858 679.19 0 
1656 392.763 695.932 0 
1657 392.853 712.859 0 
1658 393.148 729.992 0 
1659 393.67 747.35 0 
1660 394.442 764.959 0 
1661 395.488 782.843 0 
1662 396.836 801.028 0 
1663 398.514 819.543 0 
1664 400.55 838.42 0 
1665 402.976 857.688 0 
1666 405.822 877.379 0 
1667 409.117 897.524 0 
1668 412.881 918.145 0 
1669 417.126 939.257 0 
1670 421.841 960.851 0 
1671 426.979 982.886 0 
1672 432.449 1005.28 0 
1673 438.1 1027.84 0 
1674 454.95 -1.90735e-07 0 
1675 453.932 15.8332 0 
1676 452.912 31.6648 0 
1677 451.889 47.493 0 
1678 450.861 63.3161 0 
1679 449.827 79.1326 0 
1680 448.784 94.9409 0 
1681 447.731 110.739 0 
1682 446.667 126.526 0 
1683 445.591 142.301 0 
1684 444.5 158.061 0 
1685 443.395 173.806 0 
1686 442.273 189.535 0 
1687 441.133 205.247 0 
1688 439.976 220.94 0 
1689 438.8 236.614 0 
1690 437.604 252.269 0 
1691 436.39 267.904 0 
1692 435.155 283.52 0 
1693 433.902 299.116 0 
1694 432.63 314.694 0 
1695 431.34 330.253 0 
1696 430.034 345.796 0 
1697 428.713 361.323 0 
1698 427.379 376.838 0 
1699 426.034 392.342 0 
1700 424.683 407.838 0 
1701 423.327 423.329 0 
1702 421.972 438.821 0 
1703 420.622 454.317 0 
1704 419.281 469.822 0 
1705 417.957 485.343 0 
1706 416.655 500.886 0 
1707 415.383 516.458 0 
1708 414.149 532.067 0 
1709 412.962 547.723 0 
1710 411.832 563.434 0 
1711 410.768 579.212 0 
1712 409.783 595.068 0 
1713 408.889 611.014 0 
1714 408.099 627.063 0 
1715 407.429 643.231 0 
1716 406.894 659.534 0 
1717 406.51 675.987 0 
1718 406.297 692.61 0 
1719 406.275 709.424 0 
1720 406.465 726.449 0 
1721 406.892 743.71 0 
1722 407.58 761.232 0 
1723 408.558 779.045 0 
1724 409.858 797.178 0 
1725 411.512 815.667 0 
1726 413.557 834.549 0 
1727 416.034 853.863 0 
1728 418.985 873.653 0 
1729 422.453 893.965 0 
1730 426.48 914.843 0 
1731 431.099 936.324 0 
1732 436.323 958.426 0 
1733 442.123 981.128 0 
1734 448.4 1004.34 0 
1735 454.95 1027.84 0 
1736 471.8 -1.90735e-07 0 
1737 470.754 15.8058 0 
1738 469.707 31.6097 0 
1739 468.656 47.4099 0 
1740 467.599 63.2046 0 
1741 466.535 78.9919 0 
1742 465.462 94.77 0 
1743 464.378 110.537 0 
1744 463.282 126.292 0 
1745 462.171 142.032 0 
1746 461.045 157.757 0 
1747 459.902 173.465 0 
1748 458.74 189.154 0 
1749 457.559 204.824 0 
1750 456.357 220.473 0 
1751 455.134 236.1 0 
1752 453.889 251.705 0 
1753 452.621 267.288 0 
1754 451.33 282.847 0 
1755 450.017 298.384 0 
1756 448.682 313.898 0 
1757 447.325 329.391 0 
1758 445.947 344.862 0 
1759 444.55 360.314 0 
1760 443.137 375.749 0 
1761 441.708 391.169 0 
1762 440.268 406.576 0 
1763 438.819 421.974 0 
1764 437.366 437.368 0 
1765 435.913 452.761 0 
1766 434.466 468.159 0 
1767 433.03 483.569 0 
1768 431.612 498.995 0 
1769 430.22 514.447 0 
1770 428.862 529.932 0 
1771 427.547 545.46 0 
1772 426.285 561.039 0 
1773 425.087 576.683 0 
1774 423.965 592.401 0 
1775 422.932 608.207 0 
1776 422.003 624.116 0 
1777 421.191 640.142 0 
1778 420.515 656.302 0 
1779 419.992 672.614 0 
1780 419.641 689.099 0 
1781 419.485 705.776 0 
1782 419.547 722.671 0 
1783 419.852 739.808 0 
1784 420.428 757.216 0 
1785 421.307 774.926 0 
1786 422.525 792.974 0 
1787 424.119 811.399 0 
1788 426.134 830.244 0 
1789 428.619 849.561 0 
1790 431.63 869.405 0 
1791 435.23 889.841 0 
1792 439.486 910.938 0 
1793 444.467 932.769 0 
1794 450.231 955.401 0 
1795 456.793 978.864 0 
1796 464.073 1003.11 0 
1797 471.8 1027.84 0 
1798 488.65 -1.90735e-07 0 
1799 487.579 15.7802 0 
1800 486.505 31.5584 0 
1801 485.428 47.3325 0 
1802 484.345 63.1004 0 
1803 483.253 78.8603 0 
1804 482.151 94.61 0 
1805 481.038 110.348 0 
1806 479.91 126.072 0 
1807 478.767 141.78 0 
1808 477.607 157.47 0 
1809 476.427 173.142 0 
1810 475.227 188.793 0 
1811 474.005 204.422 0 
1812 472.76 220.028 0 
1813 471.49 235.609 0 
1814 470.195 251.165 0 
1815 468.875 266.694 0 
1816 467.528 282.198 0 
1817 466.155 297.674 0 
1818 464.755 313.125 0 
1819 463.33 328.549 0 
1820 461.879 343.948 0 
1821 460.405 359.323 0 
1822 458.909 374.675 0 
1823 457.394 390.008 0 
1824 455.861 405.323 0 
1825 454.315 420.624 0 
1826 452.759 435.915 0 
1827 451.199 451.201 0 
1828 449.638 466.486 0 
1829 448.084 481.777 0 
1830 446.543 497.08 0 
1831 445.022 512.403 0 
1832 443.531 527.755 0 
1833 442.078 543.144 0 
1834 440.674 558.581 0 
1835 439.33 574.078 0 
1836 438.059 589.646 0 
1837 436.873 605.298 0 
1838 435.787 621.05 0 
1839 434.819 636.918 0 
1840 433.983 652.918 0 
1841 433.301 669.07 0 
1842 432.791 685.393 0 
1843 432.478 701.912 0 
1844 432.385 718.65 0 
1845 432.54 735.635 0 
1846 432.973 752.896 0 
1847 433.719 770.47 0 
1848 434.815 788.393 0 
1849 436.305 806.709 0 
1850 438.24 825.469 0 
1851 440.677 844.732 0 
1852 443.687 864.566 0 
1853 447.351 885.055 0 
1854 451.767 906.298 0 
1855 457.053 928.414 0 
1856 463.34 951.544 0 
1857 470.746 975.828 0 
1858 479.292 1001.35 0 
1859 488.65 1027.84 0 
1860 505.5 -1.90735e-07 0 
1861 504.405 15.7567 0 
1862 503.308 31.5112 0 
1863 502.206 47.2611 0 
1864 501.098 63.0044 0 
1865 499.981 78.7388 0 
1866 498.853 94.4621 0 
1867 497.711 110.172 0 
1868 496.555 125.867 0 
1869 495.381 141.544 0 
1870 494.187 157.203 0 
1871 492.973 172.84 0 
1872 491.736 188.454 0 
1873 490.474 204.043 0 
1874 489.187 219.607 0 
1875 487.872 235.142 0 
1876 486.528 250.65 0 
1877 485.155 266.127 0 
1878 483.752 281.575 0 
1879 482.318 296.991 0 
1880 480.854 312.377 0 
1881 479.359 327.732 0 
1882 477.835 343.057 0 
1883 476.282 358.353 0 
1884 474.702 373.622 0 
1885 473.096 388.864 0 
1886 471.468 404.084 0 
1887 469.821 419.284 0 
1888 468.158 434.468 0 
1889 466.484 449.641 0 
1890 464.805 464.807 0 
1891 463.125 479.973 0 
1892 461.453 495.145 0 
1893 459.796 510.331 0 
1894 458.162 525.54 0 
1895 456.561 540.781 0 
1896 455.003 556.064 0 
1897 453.501 571.401 0 
1898 452.066 586.805 0 
1899 450.713 602.29 0 
1900 449.456 617.87 0 
1901 448.312 633.561 0 
1902 447.299 649.383 0 
1903 446.436 665.353 0 
1904 445.745 681.494 0 
1905 445.25 697.828 0 
1906 444.975 714.382 0 
1907 444.95 731.184 0 
1908 445.206 748.266 0 
1909 445.779 765.664 0 
1910 446.711 783.418 0 
1911 448.047 801.576 0 
1912 449.843 820.191 0 
1913 452.164 839.331 0 
1914 455.09 859.073 0 
1915 458.719 879.515 0 
1916 463.178 900.784 0 
1917 468.638 923.046 0 
1918 475.328 946.531 0 
1919 483.564 971.565 0 
1920 493.69 998.592 0 
1921 505.5 1027.84 0 
1922 522.35 -1.90735e-07 0 
1923 521.234 15.7354 0 
1924 520.115 31.4684 0 
1925 518.991 47.1965 0 
1926 517.86 62.9173 0 
1927 516.72 78.6284 0 
1928 515.567 94.3274 0 
1929 514.4 110.012 0 
1930 513.216 125.68 0 
1931 512.013 141.328 0 
1932 510.789 156.956 0 
1933 509.542 172.56 0 
1934 508.269 188.139 0 
1935 506.97 203.691 0 
1936 505.641 219.213 0 
1937 504.282 234.705 0 
1938 502.89 250.164 0 
1939 501.466 265.591 0 
1940 500.007 280.982 0 
1941 498.513 296.339 0 
1942 496.984 311.66 0 
1943 495.419 326.946 0 
1944 493.82 342.196 0 
1945 492.186 357.411 0 
1946 490.519 372.593 0 
1947 488.821 387.744 0 
1948 487.094 402.865 0 
1949 485.342 417.96 0 
1950 483.567 433.033 0 
1951 481.775 448.087 0 
1952 479.971 463.128 0 
1953 478.159 478.162 0 
1954 476.349 493.195 0 
1955 474.546 508.236 0 
1956 472.76 523.293 0 
1957 471 538.375 0 
1958 469.278 553.493 0 
1959 467.604 568.659 0 
1960 465.992 583.885 0 
1961 464.456 599.186 0 
1962 463.011 614.577 0 
1963 461.675 630.075 0 
1964 460.464 645.698 0 
1965 459.4 661.466 0 
1966 458.504 677.4 0 
1967 457.801 693.525 0 
1968 457.316 709.866 0 
1969 457.078 726.454 0 
1970 457.121 743.32 0 
1971 457.482 760.501 0 
1972 458.201 778.04 0 
1973 459.329 795.984 0 
1974 460.921 814.39 0 
1975 463.046 833.327 0 
1976 465.789 852.878 0 
1977 469.256 873.149 0 
1978 473.59 894.277 0 
1979 478.991 916.455 0 
1980 485.773 939.969 0 
1981 494.493 965.318 0 
1982 506.395 993.583 0 
1983 525 1027.84 0 
1984 539.2 -1.90735e-07 0 
1985 538.065 15.7166 0 
1986 536.927 31.4305 0 
1987 535.784 47.1392 0 
1988 534.632 62.8399 0 
1989 533.471 78.53 0 
1990 532.296 94.2071 0 
1991 531.105 109.868 0 
1992 529.897 125.511 0 
1993 528.667 141.134 0 
1994 527.414 156.733 0 
1995 526.136 172.306 0 
1996 524.83 187.852 0 
1997 523.494 203.367 0 
1998 522.126 218.85 0 
1999 520.724 234.299 0 
2000 519.286 249.713 0 
2001 517.81 265.088 0 
2002 516.296 280.425 0 
2003 514.743 295.722 0 
2004 513.149 310.979 0 
2005 511.514 326.194 0 
2006 509.838 341.369 0 
2007 508.123 356.503 0 
2008 506.368 371.597 0 
2009 504.575 386.653 0 
2010 502.746 401.673 0 
2011 500.885 416.659 0 
2012 498.995 431.616 0 
2013 497.079 446.546 0 
2014 495.143 461.457 0 
2015 493.193 476.352 0 
2016 491.236 491.239 0 
2017 489.279 506.125 0 
2018 487.331 521.02 0 
2019 485.402 535.932 0 
2020 483.503 550.873 0 
2021 481.645 565.855 0 
2022 479.842 580.89 0 
2023 478.108 595.992 0 
2024 476.459 611.178 0 
2025 474.911 626.464 0 
2026 473.483 641.869 0 
2027 472.196 657.412 0 
2028 471.071 673.116 0 
2029 470.133 689.005 0 
2030 469.408 705.105 0 
2031 468.926 721.445 0 
2032 468.72 738.058 0 
2033 468.825 754.981 0 
2034 469.284 772.256 0 
2035 470.146 789.93 0 
2036 471.466 808.059 0 
2037 473.311 826.71 0 
2038 475.764 845.965 0 
2039 478.927 865.925 0 
2040 482.934 886.721 0 
2041 487.965 908.526 0 
2042 494.278 931.574 0 
2043 502.245 956.164 0 
2044 512.381 982.548 0 
2045 525 1009.95 0 
2046 556.05 -1.90735e-07 0 
2047 554.898 15.7004 0 
2048 553.744 31.3979 0 
2049 552.584 47.0897 0 
2050 551.415 62.773 0 
2051 550.235 78.4449 0 
2052 549.041 94.1025 0 
2053 547.829 109.743 0 
2054 546.598 125.364 0 
2055 545.344 140.962 0 
2056 544.065 156.535 0 
2057 542.758 172.08 0 
2058 541.421 187.594 0 
2059 540.05 203.076 0 
2060 538.645 218.522 0 
2061 537.201 233.93 0 
2062 535.718 249.298 0 
2063 534.194 264.625 0 
2064 532.626 279.908 0 
2065 531.013 295.146 0 
2066 529.354 310.339 0 
2067 527.649 325.484 0 
2068 525.897 340.583 0 
2069 524.099 355.634 0 
2070 522.254 370.638 0 
2071 520.364 385.598 0 
2072 518.431 400.513 0 
2073 516.458 415.388 0 
2074 514.447 430.224 0 
2075 512.403 445.027 0 
2076 510.33 459.8 0 
2077 508.234 474.55 0 
2078 506.123 489.283 0 
2079 504.003 504.006 0 
2080 501.884 518.729 0 
2081 499.775 533.462 0 
2082 497.687 548.214 0 
2083 495.632 562.998 0 
2084 493.623 577.827 0 
2085 491.675 592.716 0 
2086 489.804 607.679 0 
2087 488.027 622.735 0 
2088 486.362 637.901 0 
2089 484.829 653.198 0 
2090 483.451 668.648 0 
2091 482.253 684.274 0 
2092 481.259 700.103 0 
2093 480.499 716.163 0 
2094 480.006 732.487 0 
2095 479.814 749.11 0 
2096 479.965 766.073 0 
2097 480.505 783.42 0 
2098 481.485 801.205 0 
2099 482.969 819.489 0 
2100 485.029 838.346 0 
2101 487.754 857.865 0 
2102 491.253 878.156 0 
2103 495.658 899.355 0 
2104 501.128 921.635 0 
2105 507.833 945.225 0 
2106 515.872 970.472 0 
2107 525 998.191 0 
2108 572.9 -1.90735e-07 0 
2109 571.735 15.6871 0 
2110 570.567 31.371 0 
2111 569.392 47.0489 0 
2112 568.209 62.7175 0 
2113 567.013 78.3739 0 
2114 565.802 94.015 0 
2115 564.573 109.638 0 
2116 563.322 125.239 0 
2117 562.047 140.816 0 
2118 560.744 156.365 0 
2119 559.411 171.884 0 
2120 558.045 187.37 0 
2121 556.642 202.82 0 
2122 555.201 218.231 0 
2123 553.719 233.6 0 
2124 552.193 248.926 0 
2125 550.62 264.205 0 
2126 548.999 279.436 0 
2127 547.329 294.616 0 
2128 545.607 309.745 0 
2129 543.832 324.821 0 
2130 542.003 339.843 0 
2131 540.121 354.811 0 
2132 538.185 369.725 0 
2133 536.197 384.586 0 
2134 534.157 399.395 0 
2135 532.068 414.154 0 
2136 529.932 428.867 0 
2137 527.755 443.536 0 
2138 525.539 458.167 0 
2139 523.292 472.764 0 
2140 521.018 487.336 0 
2141 518.727 501.888 0 
2142 516.426 516.43 0 
2143 514.126 530.971 0 
2144 511.837 545.522 0 
2145 509.572 560.096 0 
2146 507.344 574.705 0 
2147 505.166 589.364 0 
2148 503.056 604.088 0 
2149 501.03 618.895 0 
2150 499.107 633.802 0 
2151 497.308 648.831 0 
2152 495.653 664.002 0 
2153 494.167 679.34 0 
2154 492.875 694.869 0 
2155 491.805 710.618 0 
2156 490.99 726.617 0 
2157 490.461 742.9 0 
2158 490.258 759.505 0 
2159 490.422 776.472 0 
2160 491.002 793.851 0 
2161 492.05 811.695 0 
2162 493.629 830.066 0 
2163 495.807 849.034 0 
2164 498.665 868.682 0 
2165 502.285 889.101 0 
2166 506.745 910.388 0 
2167 512.089 932.635 0 
2168 518.266 955.901 0 
2169 525 980.057 0 
2170 589.75 -1.90735e-07 0 
2171 588.575 15.6768 0 
2172 587.396 31.3503 0 
2173 586.21 47.0172 0 
2174 585.015 62.6743 0 
2175 583.807 78.3183 0 
2176 582.582 93.9458 0 
2177 581.338 109.554 0 
2178 580.07 125.138 0 
2179 578.776 140.697 0 
2180 577.453 156.226 0 
2181 576.097 171.722 0 
2182 574.704 187.182 0 
2183 573.273 202.603 0 
2184 571.799 217.981 0 
2185 570.28 233.314 0 
2186 568.713 248.599 0 
2187 567.095 263.833 0 
2188 565.423 279.014 0 
2189 563.696 294.138 0 
2190 561.912 309.205 0 
2191 560.068 324.212 0 
2192 558.163 339.158 0 
2193 556.197 354.043 0 
2194 554.169 368.866 0 
2195 552.081 383.627 0 
2196 549.931 398.327 0 
2197 547.724 412.968 0 
2198 545.461 427.552 0 
2199 543.145 442.084 0 
2200 540.781 456.567 0 
2201 538.374 471.006 0 
2202 535.931 485.408 0 
2203 533.46 499.78 0 
2204 530.968 514.131 0 
2205 528.466 528.47 0 
2206 525.965 542.809 0 
2207 523.476 557.159 0 
2208 521.013 571.533 0 
2209 518.59 585.946 0 
2210 516.224 600.414 0 
2211 513.931 614.953 0 
2212 511.73 629.583 0 
2213 509.641 644.321 0 
2214 507.686 659.191 0 
2215 505.886 674.214 0 
2216 504.268 689.416 0 
2217 502.859 704.822 0 
2218 501.686 720.463 0 
2219 500.783 736.368 0 
2220 500.183 752.573 0 
2221 499.925 769.114 0 
2222 500.049 786.033 0 
2223 500.6 803.375 0 
2224 501.628 821.188 0 
2225 503.183 839.524 0 
2226 505.315 858.438 0 
2227 508.071 877.979 0 
2228 511.476 898.182 0 
2229 515.515 919.034 0 
2230 520.095 940.419 0 
2231 525 961.905 0 
2232 606.6 -1.90735e-07 0 
2233 605.417 15.6698 0 
2234 604.231 31.3361 0 
2235 603.038 46.9954 0 
2236 601.835 62.6443 0 
2237 600.617 78.2791 0 
2238 599.382 93.8964 0 
2239 598.125 109.493 0 
2240 596.845 125.064 0 
2241 595.535 140.608 0 
2242 594.195 156.119 0 
2243 592.818 171.596 0 
2244 591.403 187.033 0 
2245 589.946 202.428 0 
2246 588.442 217.777 0 
2247 586.89 233.077 0 
2248 585.284 248.324 0 
2249 583.623 263.515 0 
2250 581.903 278.647 0 
2251 580.122 293.718 0 
2252 578.276 308.724 0 
2253 576.364 323.664 0 
2254 574.384 338.535 0 
2255 572.334 353.337 0 
2256 570.215 368.068 0 
2257 568.024 382.728 0 
2258 565.765 397.317 0 
2259 563.436 411.838 0 
2260 561.041 426.291 0 
2261 558.583 440.681 0 
2262 556.065 455.01 0 
2263 553.493 469.284 0 
2264 550.873 483.509 0 
2265 548.213 497.693 0 
2266 545.521 511.843 0 
2267 542.806 525.97 0 
2268 540.079 540.084 0 
2269 537.353 554.197 0 
2270 534.641 568.322 0 
2271 531.957 582.474 0 
2272 529.318 596.669 0 
2273 526.74 610.922 0 
2274 524.241 625.253 0 
2275 521.841 639.681 0 
2276 519.562 654.226 0 
2277 517.425 668.91 0 
2278 515.454 683.758 0 
2279 513.674 698.793 0 
2280 512.114 714.043 0 
2281 510.801 729.537 0 
2282 509.767 745.305 0 
2283 509.045 761.378 0 
2284 508.669 777.792 0 
2285 508.675 794.583 0 
2286 509.1 811.785 0 
2287 509.979 829.436 0 
2288 511.343 847.567 0 
2289 513.208 866.197 0 
2290 515.574 885.325 0 
2291 518.401 904.905 0 
2292 521.597 924.818 0 
2293 525 944.819 0 
2294 623.45 -1.90735e-07 0 
2295 622.264 15.6663 0 
2296 621.074 31.3289 0 
2297 619.876 46.9841 0 
2298 618.668 62.6282 0 
2299 617.445 78.2574 0 
2300 616.203 93.868 0 
2301 614.938 109.456 0 
2302 613.647 125.018 0 
2303 612.327 140.55 0 
2304 610.972 156.048 0 
2305 609.579 171.508 0 
2306 608.145 186.927 0 
2307 606.664 202.299 0 
2308 605.135 217.622 0 
2309 603.552 232.892 0 
2310 601.911 248.104 0 
2311 600.21 263.256 0 
2312 598.444 278.343 0 
2313 596.611 293.362 0 
2314 594.706 308.31 0 
2315 592.728 323.184 0 
2316 590.674 337.981 0 
2317 588.542 352.701 0 
2318 586.33 367.34 0 
2319 584.038 381.899 0 
2320 581.666 396.377 0 
2321 579.215 410.775 0 
2322 576.685 425.094 0 
2323 574.08 439.338 0 
2324 571.404 453.508 0 
2325 568.66 467.612 0 
2326 565.856 481.653 0 
2327 562.998 495.639 0 
2328 560.095 509.58 0 
2329 557.157 523.483 0 
2330 554.193 537.36 0 
2331 551.217 551.223 0 
2332 548.241 565.084 0 
2333 545.281 578.96 0 
2334 542.351 592.864 0 
2335 539.469 606.814 0 
2336 536.653 620.827 0 
2337 533.922 634.923 0 
2338 531.296 649.121 0 
2339 528.797 663.443 0 
2340 526.447 677.911 0 
2341 524.271 692.549 0 
2342 522.293 707.381 0 
2343 520.54 722.432 0 
2344 519.039 737.73 0 
2345 517.819 753.302 0 
2346 516.906 769.175 0 
2347 516.331 785.378 0 
2348 516.119 801.935 0 
2349 516.292 818.869 0 
2350 516.867 836.195 0 
2351 517.846 853.916 0 
2352 519.211 872.017 0 
2353 520.919 890.448 0 
2354 522.888 909.112 0 
2355 525 927.715 0 
2356 640.3 -1.90735e-07 0 
2357 639.114 15.6665 0 
2358 637.924 31.3291 0 
2359 636.726 46.9839 0 
2360 635.516 62.627 0 
2361 634.291 78.2543 0 
2362 633.046 93.8621 0 
2363 631.777 109.446 0 
2364 630.48 125.002 0 
2365 629.152 140.527 0 
2366 627.787 156.015 0 
2367 626.382 171.462 0 
2368 624.932 186.866 0 
2369 623.433 202.22 0 
2370 621.881 217.521 0 
2371 620.271 232.764 0 
2372 618.599 247.946 0 
2373 616.861 263.061 0 
2374 615.053 278.106 0 
2375 613.171 293.077 0 
2376 611.211 307.969 0 
2377 609.169 322.78 0 
2378 607.043 337.506 0 
2379 604.829 352.145 0 
2380 602.526 366.694 0 
2381 600.133 381.151 0 
2382 597.647 395.517 0 
2383 595.071 409.791 0 
2384 592.404 423.973 0 
2385 589.649 438.067 0 
2386 586.809 452.075 0 
2387 583.888 466.001 0 
2388 580.893 479.851 0 
2389 577.829 493.632 0 
2390 574.706 507.353 0 
2391 571.532 521.022 0 
2392 568.32 534.65 0 
2393 565.08 548.249 0 
2394 561.826 561.833 0 
2395 558.573 575.416 0 
2396 555.336 589.014 0 
2397 552.133 602.642 0 
2398 548.98 616.319 0 
2399 545.897 630.063 0 
2400 542.903 643.893 0 
2401 540.019 657.83 0 
2402 537.267 671.896 0 
2403 534.669 686.111 0 
2404 532.248 700.498 0 
2405 530.028 715.081 0 
2406 528.032 729.882 0 
2407 526.284 744.924 0 
2408 524.807 760.23 0 
2409 523.624 775.819 0 
2410 522.752 791.708 0 
2411 522.204 807.91 0 
2412 521.988 824.428 0 
2413 522.096 841.256 0 
2414 522.506 858.377 0 
2415 523.175 875.767 0 
2416 524.036 893.448 0 
2417 525 911.657 0 
2418 657.15 -1.90735e-07 0 
2419 655.968 15.6706 0 
2420 654.781 31.3371 0 
2421 653.587 46.9954 0 
2422 652.38 62.6415 0 
2423 651.157 78.271 0 
2424 649.913 93.8798 0 
2425 648.643 109.464 0 
2426 647.345 125.018 0 
2427 646.013 140.539 0 
2428 644.642 156.022 0 
2429 643.229 171.461 0 
2430 641.768 186.854 0 
2431 640.254 202.194 0 
2432 638.684 217.477 0 
2433 637.052 232.699 0 
2434 635.353 247.853 0 
2435 633.583 262.937 0 
2436 631.737 277.944 0 
2437 629.809 292.87 0 
2438 627.796 307.71 0 
2439 625.694 322.461 0 
2440 623.498 337.119 0 
2441 621.206 351.679 0 
2442 618.813 366.138 0 
2443 616.318 380.496 0 
2444 613.72 394.749 0 
2445 611.018 408.897 0 
2446 608.211 422.941 0 
2447 605.303 436.882 0 
2448 602.295 450.722 0 
2449 599.191 464.466 0 
2450 595.997 478.119 0 
2451 592.719 491.686 0 
2452 589.366 505.177 0 
2453 585.948 518.601 0 
2454 582.474 531.969 0 
2455 578.957 545.292 0 
2456 575.41 558.583 0 
2457 571.849 571.858 0 
2458 568.288 585.132 0 
2459 564.745 598.422 0 
2460 561.237 611.743 0 
2461 557.782 625.116 0 
2462 554.4 638.558 0 
2463 551.11 652.09 0 
2464 547.934 665.73 0 
2465 544.891 679.5 0 
2466 542.003 693.42 0 
2467 539.291 707.511 0 
2468 536.776 721.792 0 
2469 534.477 736.283 0 
2470 532.415 751 0 
2471 530.605 765.959 0 
2472 529.059 781.169 0 
2473 527.786 796.635 0 
2474 526.784 812.352 0 
2475 526.044 828.305 0 
2476 525.542 844.467 0 
2477 525.239 860.799 0 
2478 525.081 877.24 0 
2479 525 893.477 0 
2480 674 -1.90735e-07 0 
2481 672.826 15.6788 0 
2482 671.648 31.3533 0 
2483 670.461 47.0193 0 
2484 669.261 62.6724 0 
2485 668.044 78.3083 0 
2486 666.805 93.9225 0 
2487 665.54 109.511 0 
2488 664.244 125.068 0 
2489 662.912 140.59 0 
2490 661.54 156.071 0 
2491 660.123 171.508 0 
2492 658.656 186.894 0 
2493 657.133 202.225 0 
2494 655.55 217.495 0 
2495 653.9 232.7 0 
2496 652.179 247.833 0 
2497 650.381 262.889 0 
2498 648.501 277.862 0 
2499 646.533 292.748 0 
2500 644.472 307.541 0 
2501 642.313 322.236 0 
2502 640.051 336.828 0 
2503 637.682 351.312 0 
2504 635.202 365.686 0 
2505 632.608 379.944 0 
2506 629.897 394.086 0 
2507 627.068 408.108 0 
2508 624.121 422.012 0 
2509 621.056 435.798 0 
2510 617.876 449.467 0 
2511 614.584 463.023 0 
2512 611.185 476.471 0 
2513 607.685 489.817 0 
2514 604.093 503.069 0 
2515 600.418 516.237 0 
2516 596.67 529.332 0 
2517 592.863 542.365 0 
2518 589.01 555.35 0 
2519 585.124 568.302 0 
2520 581.223 581.236 0 
2521 577.323 594.168 0 
2522 573.441 607.117 0 
2523 569.595 620.099 0 
2524 565.805 633.134 0 
2525 562.089 646.24 0 
2526 558.466 659.435 0 
2527 554.957 672.74 0 
2528 551.581 686.172 0 
2529 548.357 699.751 0 
2530 545.302 713.493 0 
2531 542.435 727.415 0 
2532 539.771 741.529 0 
2533 537.321 755.847 0 
2534 535.095 770.374 0 
2535 533.095 785.108 0 
2536 531.319 800.039 0 
2537 529.754 815.144 0 
2538 528.378 830.386 0 
2539 527.158 845.729 0 
2540 526.049 861.219 0 
2541 525 877.417 0 
2542 690.85 -1.90735e-07 0 
2543 689.688 15.6913 0 
2544 688.522 31.3781 0 
2545 687.347 47.056 0 
2546 686.158 62.7206 0 
2547 684.952 78.3673 0 
2548 683.723 93.9914 0 
2549 682.466 109.588 0 
2550 681.178 125.153 0 
2551 679.852 140.681 0 
2552 678.484 156.166 0 
2553 677.068 171.604 0 
2554 675.6 186.99 0 
2555 674.073 202.317 0 
2556 672.481 217.579 0 
2557 670.819 232.772 0 
2558 669.082 247.888 0 
2559 667.261 262.923 0 
2560 665.353 277.869 0 
2561 663.349 292.72 0 
2562 661.245 307.47 0 
2563 659.034 322.114 0 
2564 656.711 336.645 0 
2565 654.269 351.058 0 
2566 651.705 365.347 0 
2567 649.013 379.51 0 
2568 646.192 393.541 0 
2569 643.237 407.439 0 
2570 640.148 421.202 0 
2571 636.925 434.83 0 
2572 633.569 448.324 0 
2573 630.084 461.687 0 
2574 626.473 474.924 0 
2575 622.743 488.041 0 
2576 618.902 501.045 0 
2577 614.96 513.947 0 
2578 610.927 526.756 0 
2579 606.816 539.486 0 
2580 602.64 552.15 0 
2581 598.416 564.763 0 
2582 594.157 577.341 0 
2583 589.882 589.899 0 
2584 585.608 602.457 0 
2585 581.353 615.031 0 
2586 577.135 627.639 0 
2587 572.973 640.299 0 
2588 568.885 653.031 0 
2589 564.891 665.851 0 
2590 561.008 678.778 0 
2591 557.253 691.827 0 
2592 553.642 705.014 0 
2593 550.191 718.354 0 
2594 546.912 731.855 0 
2595 543.814 745.527 0 
2596 540.904 759.372 0 
2597 538.181 773.385 0 
2598 535.643 787.552 0 
2599 533.275 801.844 0 
2600 531.059 816.206 0 
2601 528.966 830.518 0 
2602 526.959 844.477 0 
2603 525 857.062 0 
2604 707.7 -1.90735e-07 0 
2605 706.555 15.7081 0 
2606 705.406 31.4117 0 
2607 704.247 47.1061 0 
2608 703.074 62.7867 0 
2609 701.883 78.4488 0 
2610 700.668 94.0876 0 
2611 699.425 109.698 0 
2612 698.149 125.275 0 
2613 696.834 140.814 0 
2614 695.475 156.309 0 
2615 694.066 171.754 0 
2616 692.602 187.144 0 
2617 691.076 202.472 0 
2618 689.483 217.733 0 
2619 687.815 232.92 0 
2620 686.066 248.027 0 
2621 684.23 263.045 0 
2622 682.299 277.97 0 
2623 680.267 292.792 0 
2624 678.125 307.506 0 
2625 675.868 322.104 0 
2626 673.488 336.58 0 
2627 670.979 350.926 0 
2628 668.335 365.137 0 
2629 665.55 379.206 0 
2630 662.619 393.13 0 
2631 659.54 406.904 0 
2632 656.31 420.526 0 
2633 652.927 433.995 0 
2634 649.393 447.312 0 
2635 645.709 460.478 0 
2636 641.88 473.498 0 
2637 637.913 486.378 0 
2638 633.814 499.125 0 
2639 629.593 511.749 0 
2640 625.262 524.261 0 
2641 620.833 536.674 0 
2642 616.321 549.001 0 
2643 611.74 561.26 0 
2644 607.108 573.464 0 
2645 602.441 585.632 0 
2646 597.757 597.78 0 
2647 593.073 609.927 0 
2648 588.409 622.091 0 
2649 583.783 634.289 0 
2650 579.211 646.538 0 
2651 574.714 658.857 0 
2652 570.306 671.26 0 
2653 566.004 683.765 0 
2654 561.823 696.384 0 
2655 557.775 709.13 0 
2656 553.872 722.011 0 
2657 550.12 735.035 0 
2658 546.524 748.201 0 
2659 543.084 761.507 0 
2660 539.795 774.94 0 
2661 536.644 788.476 0 
2662 533.616 802.074 0 
2663 530.686 815.661 0 
2664 527.824 829.1 0 
2665 525 842.074 0 
2666 724.55 -1.90735e-07 0 
2667 723.426 15.7296 0 
2668 722.298 31.4545 0 
2669 721.16 47.17 0 
2670 720.008 62.8714 0 
2671 718.837 78.5537 0 
2672 717.642 94.212 0 
2673 716.418 109.841 0 
2674 715.159 125.436 0 
2675 713.86 140.991 0 
2676 712.516 156.5 0 
2677 711.12 171.959 0 
2678 709.666 187.359 0 
2679 708.148 202.696 0 
2680 706.558 217.961 0 
2681 704.891 233.149 0 
2682 703.139 248.252 0 
2683 701.294 263.263 0 
2684 699.348 278.172 0 
2685 697.293 292.974 0 
2686 695.121 307.658 0 
2687 692.825 322.218 0 
2688 690.395 336.644 0 
2689 687.825 350.93 0 
2690 685.106 365.067 0 
2691 682.231 379.048 0 
2692 679.196 392.868 0 
2693 675.994 406.521 0 
2694 672.623 420.004 0 
2695 669.08 433.314 0 
2696 665.365 446.45 0 
2697 661.479 459.415 0 
2698 657.427 472.212 0 
2699 653.213 484.847 0 
2700 648.847 497.327 0 
2701 644.336 509.662 0 
2702 639.694 521.864 0 
2703 634.934 533.946 0 
2704 630.069 545.922 0 
2705 625.117 557.81 0 
2706 620.093 569.624 0 
2707 615.016 581.384 0 
2708 609.904 593.106 0 
2709 604.775 604.808 0 
2710 599.646 616.509 0 
2711 594.537 628.226 0 
2712 589.464 639.976 0 
2713 584.446 651.777 0 
2714 579.498 663.643 0 
2715 574.634 675.589 0 
2716 569.869 687.627 0 
2717 565.215 699.77 0 
2718 560.679 712.025 0 
2719 556.27 724.399 0 
2720 551.989 736.892 0 
2721 547.837 749.503 0 
2722 543.808 762.225 0 
2723 539.892 775.046 0 
2724 536.075 787.955 0 
2725 532.337 800.958 0 
2726 528.652 814.174 0 
2727 525 828.155 0 
2728 741.4 -1.90735e-07 0 
2729 740.302 15.7558 0 
2730 739.2 31.5067 0 
2731 738.088 47.2481 0 
2732 736.962 62.975 0 
2733 735.816 78.6825 0 
2734 734.645 94.3655 0 
2735 733.445 110.019 0 
2736 732.209 125.637 0 
2737 730.932 141.214 0 
2738 729.608 156.744 0 
2739 728.231 172.221 0 
2740 726.794 187.639 0 
2741 725.29 202.99 0 
2742 723.712 218.267 0 
2743 722.053 233.464 0 
2744 720.304 248.571 0 
2745 718.458 263.58 0 
2746 716.505 278.484 0 
2747 714.436 293.271 0 
2748 712.242 307.935 0 
2749 709.915 322.464 0 
2750 707.443 336.85 0 
2751 704.818 351.082 0 
2752 702.031 365.153 0 
2753 699.074 379.052 0 
2754 695.939 392.773 0 
2755 692.618 406.309 0 
2756 689.109 419.654 0 
2757 685.405 432.805 0 
2758 681.508 445.76 0 
2759 677.416 458.521 0 
2760 673.134 471.089 0 
2761 668.667 483.471 0 
2762 664.023 495.674 0 
2763 659.211 507.709 0 
2764 654.245 519.587 0 
2765 649.138 531.323 0 
2766 643.905 542.933 0 
2767 638.564 554.433 0 
2768 633.132 565.84 0 
2769 627.628 577.173 0 
2770 622.069 588.45 0 
2771 616.475 599.69 0 
2772 610.864 610.911 0 
2773 605.254 622.13 0 
2774 599.664 633.364 0 
2775 594.108 644.631 0 
2776 588.605 655.945 0 
2777 583.166 667.319 0 
2778 577.806 678.767 0 
2779 572.535 690.298 0 
2780 567.361 701.921 0 
2781 562.29 713.642 0 
2782 557.326 725.464 0 
2783 552.466 737.388 0 
2784 547.708 749.41 0 
2785 543.041 761.529 0 
2786 538.455 773.74 0 
2787 533.932 786.047 0 
2788 529.453 798.471 0 
2789 525 811.015 0 
2790 758.25 -1.90735e-07 0 
2791 757.183 15.7867 0 
2792 756.112 31.5685 0 
2793 755.031 47.3407 0 
2794 753.935 63.0981 0 
2795 752.819 78.8359 0 
2796 751.678 94.5487 0 
2797 750.507 110.231 0 
2798 749.3 125.878 0 
2799 748.051 141.483 0 
2800 746.754 157.04 0 
2801 745.402 172.543 0 
2802 743.988 187.984 0 
2803 742.506 203.357 0 
2804 740.948 218.654 0 
2805 739.304 233.867 0 
2806 737.568 248.987 0 
2807 735.729 264.004 0 
2808 733.777 278.91 0 
2809 731.704 293.694 0 
2810 729.498 308.346 0 
2811 727.148 322.854 0 
2812 724.644 337.208 0 
2813 721.974 351.397 0 
2814 719.128 365.409 0 
2815 716.095 379.235 0 
2816 712.866 392.863 0 
2817 709.432 406.287 0 
2818 705.787 419.498 0 
2819 701.925 432.492 0 
2820 697.844 445.266 0 
2821 693.544 457.818 0 
2822 689.027 470.152 0 
2823 684.298 482.273 0 
2824 679.366 494.19 0 
2825 674.242 505.912 0 
2826 668.937 517.453 0 
2827 663.468 528.828 0 
2828 657.85 540.053 0 
2829 652.103 551.148 0 
2830 646.244 562.13 0 
2831 640.293 573.018 0 
2832 634.269 583.832 0 
2833 628.192 594.591 0 
2834 622.08 605.314 0 
2835 615.953 616.018 0 
2836 609.827 626.721 0 
2837 603.72 637.438 0 
2838 597.646 648.186 0 
2839 591.62 658.976 0 
2840 585.654 669.822 0 
2841 579.758 680.734 0 
2842 573.94 691.719 0 
2843 568.205 702.785 0 
2844 562.557 713.936 0 
2845 556.995 725.174 0 
2846 551.515 736.5 0 
2847 546.111 747.918 0 
2848 540.771 759.428 0 
2849 535.483 771.023 0 
2850 530.23 782.636 0 
2851 525 793.869 0 
2852 775.1 -1.90735e-07 0 
2853 774.069 15.8224 0 
2854 773.034 31.64 0 
2855 771.988 47.4479 0 
2856 770.928 63.2409 0 
2857 769.847 79.0142 0 
2858 768.742 94.7623 0 
2859 767.606 110.48 0 
2860 766.433 126.161 0 
2861 765.218 141.8 0 
2862 763.954 157.391 0 
2863 762.634 172.926 0 
2864 761.252 188.399 0 
2865 759.799 203.801 0 
2866 758.268 219.126 0 
2867 756.649 234.363 0 
2868 754.933 249.505 0 
2869 753.112 264.54 0 
2870 751.172 279.458 0 
2871 749.105 294.249 0 
2872 746.897 308.9 0 
2873 744.536 323.398 0 
2874 742.01 337.732 0 
2875 739.306 351.888 0 
2876 736.411 365.852 0 
2877 733.312 379.614 0 
2878 729.998 393.159 0 
2879 726.458 406.478 0 
2880 722.682 419.56 0 
2881 718.664 432.4 0 
2882 714.401 444.991 0 
2883 709.889 457.334 0 
2884 705.131 469.429 0 
2885 700.133 481.281 0 
2886 694.902 492.899 0 
2887 689.451 504.296 0 
2888 683.794 515.484 0 
2889 677.946 526.481 0 
2890 671.926 537.305 0 
2891 665.753 547.975 0 
2892 659.448 558.513 0 
2893 653.031 568.937 0 
2894 646.522 579.269 0 
2895 639.943 589.529 0 
2896 633.312 599.736 0 
2897 626.65 609.908 0 
2898 619.972 620.062 0 
2899 613.297 630.216 0 
2900 606.64 640.384 0 
2901 600.014 650.579 0 
2902 593.431 660.813 0 
2903 586.902 671.096 0 
2904 580.435 681.437 0 
2905 574.034 691.843 0 
2906 567.703 702.32 0 
2907 561.442 712.87 0 
2908 555.247 723.5 0 
2909 549.115 734.215 0 
2910 543.036 745.031 0 
2911 536.998 755.984 0 
2912 530.989 767.173 0 
2913 525 778.834 0 
2914 791.95 -1.90735e-07 0 
2915 790.96 15.8631 0 
2916 789.965 31.7213 0 
2917 788.96 47.5698 0 
2918 787.94 63.4036 0 
2919 786.901 79.2176 0 
2920 785.836 95.0064 0 
2921 784.741 110.765 0 
2922 783.608 126.487 0 
2923 782.434 142.166 0 
2924 781.21 157.797 0 
2925 779.929 173.371 0 
2926 778.586 188.883 0 
2927 777.17 204.323 0 
2928 775.675 219.684 0 
2929 774.09 234.956 0 
2930 772.406 250.129 0 
2931 770.612 265.192 0 
2932 768.696 280.135 0 
2933 766.645 294.944 0 
2934 764.448 309.606 0 
2935 762.089 324.107 0 
2936 759.555 338.434 0 
2937 756.829 352.57 0 
2938 753.898 366.5 0 
2939 750.745 380.208 0 
2940 747.356 393.681 0 
2941 743.718 406.904 0 
2942 739.819 419.865 0 
2943 735.65 432.555 0 
2944 731.204 444.967 0 
2945 726.479 457.097 0 
2946 721.476 468.947 0 
2947 716.2 480.522 0 
2948 710.659 491.832 0 
2949 704.868 502.888 0 
2950 698.84 513.707 0 
2951 692.596 524.307 0 
2952 686.153 534.71 0 
2953 679.535 544.936 0 
2954 672.763 555.009 0 
2955 665.86 564.949 0 
2956 658.846 574.779 0 
2957 651.745 584.52 0 
2958 644.577 594.192 0 
2959 637.361 603.814 0 
2960 630.115 613.405 0 
2961 622.857 622.98 0 
2962 615.602 632.554 0 
2963 608.365 642.141 0 
2964 601.156 651.753 0 
2965 593.986 661.4 0 
2966 586.863 671.09 0 
2967 579.792 680.831 0 
2968 572.778 690.629 0 
2969 565.821 700.488 0 
2970 558.918 710.413 0 
2971 552.066 720.412 0 
2972 545.258 730.497 0 
2973 538.484 740.713 0 
2974 531.733 751.226 0 
2975 525 762.728 0 
2976 808.8 -1.90735e-07 0 
2977 807.855 15.9086 0 
2978 806.906 31.8123 0 
2979 805.947 47.7065 0 
2980 804.973 63.5861 0 
2981 803.98 79.446 0 
2982 802.961 95.2812 0 
2983 801.912 111.086 0 
2984 800.827 126.855 0 
2985 799.699 142.581 0 
2986 798.521 158.258 0 
2987 797.288 173.88 0 
2988 795.991 189.438 0 
2989 794.622 204.925 0 
2990 793.172 220.331 0 
2991 791.631 235.647 0 
2992 789.989 250.863 0 
2993 788.233 265.966 0 
2994 786.353 280.944 0 
2995 784.334 295.785 0 
2996 782.161 310.473 0 
2997 779.818 324.992 0 
2998 777.29 339.326 0 
2999 774.559 353.457 0 
3000 771.606 367.368 0 
3001 768.414 381.039 0 
3002 764.964 394.453 0 
3003 761.24 407.593 0 
3004 757.227 420.442 0 
3005 752.912 432.989 0 
3006 748.287 445.223 0 
3007 743.348 457.141 0 
3008 738.094 468.741 0 
3009 732.53 480.03 0 
3010 726.668 491.017 0 
3011 720.52 501.717 0 
3012 714.104 512.148 0 
3013 707.443 522.332 0 
3014 700.557 532.292 0 
3015 693.472 542.052 0 
3016 686.21 551.636 0 
3017 678.798 561.07 0 
3018 671.259 570.377 0 
3019 663.615 579.579 0 
3020 655.889 588.698 0 
3021 648.101 597.753 0 
3022 640.271 606.763 0 
3023 632.414 615.744 0 
3024 624.548 624.712 0 
3025 616.686 633.68 0 
3026 608.841 642.659 0 
3027 601.022 651.661 0 
3028 593.238 660.693 0 
3029 585.495 669.763 0 
3030 577.797 678.877 0 
3031 570.145 688.039 0 
3032 562.538 697.254 0 
3033 554.974 706.521 0 
3034 547.445 715.833 0 
3035 539.946 725.149 0 
3036 532.464 734.278 0 
3037 525 742.323 0 
3038 825.65 -1.90735e-07 0 
3039 824.756 15.9588 0 
3040 823.857 31.913 0 
3041 822.948 47.8577 0 
3042 822.025 63.7881 0 
3043 821.083 79.6994 0 
3044 820.117 95.5862 0 
3045 819.12 111.443 0 
3046 818.087 127.265 0 
3047 817.013 143.044 0 
3048 815.89 158.776 0 
3049 814.711 174.452 0 
3050 813.468 190.065 0 
3051 812.154 205.607 0 
3052 810.759 221.069 0 
3053 809.273 236.439 0 
3054 807.684 251.708 0 
3055 805.981 266.864 0 
3056 804.149 281.892 0 
3057 802.175 296.779 0 
3058 800.043 311.508 0 
3059 797.733 326.061 0 
3060 795.229 340.421 0 
3061 792.51 354.566 0 
3062 789.554 368.475 0 
3063 786.339 382.127 0 
3064 782.845 395.5 0 
3065 779.05 408.571 0 
3066 774.935 421.321 0 
3067 770.484 433.734 0 
3068 765.685 445.797 0 
3069 760.531 457.501 0 
3070 755.021 468.847 0 
3071 749.16 479.839 0 
3072 742.961 490.489 0 
3073 736.439 500.814 0 
3074 729.615 510.836 0 
3075 722.514 520.58 0 
3076 715.161 530.073 0 
3077 707.583 539.342 0 
3078 699.809 548.415 0 
3079 691.864 557.319 0 
3080 683.775 566.08 0 
3081 675.567 574.722 0 
3082 667.263 583.268 0 
3083 658.885 591.737 0 
3084 650.451 600.15 0 
3085 641.981 608.522 0 
3086 633.49 616.87 0 
3087 624.991 625.206 0 
3088 616.499 633.543 0 
3089 608.023 641.891 0 
3090 599.572 650.257 0 
3091 591.153 658.651 0 
3092 582.77 667.076 0 
3093 574.424 675.539 0 
3094 566.117 684.042 0 
3095 557.845 692.586 0 
3096 549.603 701.166 0 
3097 541.387 709.772 0 
3098 533.185 718.409 0 
3099 525 727.291 0 
3100 842.5 -1.90735e-07 0 
3101 841.661 16.0138 0 
3102 840.817 32.023 0 
3103 839.964 48.0231 0 
3104 839.097 64.0095 0 
3105 838.212 79.9771 0 
3106 837.302 95.9211 0 
3107 836.363 111.836 0 
3108 835.39 127.717 0 
3109 834.375 143.556 0 
3110 833.313 159.349 0 
3111 832.197 175.087 0 
3112 831.018 190.764 0 
3113 829.768 206.37 0 
3114 828.438 221.897 0 
3115 827.017 237.333 0 
3116 825.494 252.668 0 
3117 823.856 267.889 0 
3118 822.088 282.982 0 
3119 820.176 297.931 0 
3120 818.101 312.718 0 
3121 815.844 327.325 0 
3122 813.383 341.73 0 
3123 810.697 355.91 0 
3124 807.76 369.84 0 
3125 804.545 383.495 0 
3126 801.028 396.847 0 
3127 797.181 409.87 0 
3128 792.981 422.538 0 
3129 788.405 434.83 0 
3130 783.438 446.728 0 
3131 778.07 458.221 0 
3132 772.298 469.306 0 
3133 766.13 479.99 0 
3134 759.577 490.286 0 
3135 752.66 500.215 0 
3136 745.404 509.803 0 
3137 737.837 519.08 0 
3138 729.989 528.078 0 
3139 721.892 536.828 0 
3140 713.577 545.363 0 
3141 705.074 553.712 0 
3142 696.411 561.903 0 
3143 687.615 569.962 0 
3144 678.712 577.913 0 
3145 669.723 585.778 0 
3146 660.669 593.576 0 
3147 651.569 601.325 0 
3148 642.438 609.039 0 
3149 633.291 616.732 0 
3150 624.141 624.417 0 
3151 614.999 632.101 0 
3152 605.875 639.795 0 
3153 596.775 647.506 0 
3154 587.705 655.238 0 
3155 578.666 662.998 0 
3156 569.66 670.789 0 
3157 560.685 678.613 0 
3158 551.737 686.474 0 
3159 542.811 694.368 0 
3160 533.897 702.285 0 
3161 525 710.1 0 
3162 859.35 -1.90735e-07 0 
3163 858.57 16.0733 0 
3164 857.786 32.1422 0 
3165 856.994 48.2024 0 
3166 856.188 64.2494 0 
3167 855.364 80.2786 0 
3168 854.517 96.285 0 
3169 853.642 112.264 0 
3170 852.733 128.209 0 
3171 851.786 144.115 0 
3172 850.792 159.976 0 
3173 849.745 175.784 0 
3174 848.638 191.533 0 
3175 847.462 207.212 0 
3176 846.207 222.814 0 
3177 844.863 238.328 0 
3178 843.419 253.742 0 
3179 841.86 269.043 0 
3180 840.172 284.215 0 
3181 838.339 299.244 0 
3182 836.341 314.109 0 
3183 834.157 328.79 0 
3184 831.764 343.264 0 
3185 829.135 357.504 0 
3186 826.242 371.481 0 
3187 823.055 385.166 0 
3188 819.54 398.524 0 
3189 815.666 411.524 0 
3190 811.401 424.132 0 
3191 806.717 436.32 0 
3192 801.592 448.064 0 
3193 796.012 459.348 0 
3194 789.973 470.167 0 
3195 783.483 480.529 0 
3196 776.557 490.45 0 
3197 769.22 499.956 0 
3198 761.503 509.08 0 
3199 753.44 517.859 0 
3200 745.067 526.33 0 
3201 736.42 534.531 0 
3202 727.534 542.497 0 
3203 718.443 550.262 0 
3204 709.179 557.857 0 
3205 699.771 565.309 0 
3206 690.246 572.645 0 
3207 680.627 579.886 0 
3208 670.934 587.052 0 
3209 661.187 594.162 0 
3210 651.401 601.229 0 
3211 641.593 608.268 0 
3212 631.775 615.289 0 
3213 621.958 622.303 0 
3214 612.153 629.317 0 
3215 602.368 636.339 0 
3216 592.607 643.373 0 
3217 582.875 650.426 0 
3218 573.172 657.501 0 
3219 563.498 664.606 0 
3220 553.848 671.747 0 
3221 544.219 678.944 0 
3222 534.601 686.257 0 
3223 525 693.979 0 
3224 876.2 -1.90735e-07 0 
3225 875.484 16.1371 0 
3226 874.765 32.2701 0 
3227 874.037 48.3949 0 
3228 873.296 64.5072 0 
3229 872.539 80.6027 0 
3230 871.76 96.6767 0 
3231 870.954 112.724 0 
3232 870.116 128.741 0 
3233 869.242 144.72 0 
3234 868.323 160.656 0 
3235 867.354 176.541 0 
3236 866.327 192.37 0 
3237 865.234 208.133 0 
3238 864.066 223.821 0 
3239 862.811 239.423 0 
3240 861.458 254.929 0 
3241 859.994 270.324 0 
3242 858.402 285.594 0 
3243 856.667 300.72 0 
3244 854.767 315.685 0 
3245 852.68 330.464 0 
3246 850.38 345.032 0 
3247 847.837 359.36 0 
3248 845.02 373.415 0 
3249 841.891 387.162 0 
3250 838.411 400.56 0 
3251 834.541 413.569 0 
3252 830.239 426.147 0 
3253 825.469 438.254 0 
3254 820.2 449.859 0 
3255 814.413 460.939 0 
3256 808.1 471.487 0 
3257 801.271 481.509 0 
3258 793.948 491.028 0 
3259 786.16 500.079 0 
3260 777.948 508.704 0 
3261 769.354 516.946 0 
3262 760.419 524.853 0 
3263 751.186 532.468 0 
3264 741.695 539.831 0 
3265 731.986 546.982 0 
3266 722.092 553.953 0 
3267 712.045 560.774 0 
3268 701.874 567.471 0 
3269 691.603 574.068 0 
3270 681.253 580.586 0 
3271 670.843 587.04 0 
3272 660.388 593.448 0 
3273 649.905 599.82 0 
3274 639.407 606.169 0 
3275 628.906 612.504 0 
3276 618.412 618.832 0 
3277 607.935 625.159 0 
3278 597.481 631.49 0 
3279 587.055 637.83 0 
3280 576.656 644.185 0 
3281 566.285 650.561 0 
3282 555.939 656.966 0 
3283 545.613 663.405 0 
3284 535.298 669.813 0 
3285 525 675.709 0 
3286 893.05 -1.90735e-07 0 
3287 892.403 16.205 0 
3288 891.751 32.4062 0 
3289 891.092 48.5998 0 
3290 890.422 64.7818 0 
3291 889.735 80.9482 0 
3292 889.029 97.0947 0 
3293 888.298 113.217 0 
3294 887.537 129.309 0 
3295 886.741 145.368 0 
3296 885.905 161.385 0 
3297 885.021 177.356 0 
3298 884.083 193.273 0 
3299 883.082 209.128 0 
3300 882.01 224.912 0 
3301 880.856 240.615 0 
3302 879.609 256.226 0 
3303 878.254 271.731 0 
3304 876.777 287.114 0 
3305 875.159 302.359 0 
3306 873.38 317.445 0 
3307 871.416 332.347 0 
3308 869.238 347.039 0 
3309 866.815 361.488 0 
3310 864.108 375.658 0 
3311 861.077 389.506 0 
3312 857.674 402.986 0 
3313 853.848 416.045 0 
3314 849.547 428.631 0 
3315 844.721 440.691 0 
3316 839.328 452.179 0 
3317 833.339 463.064 0 
3318 826.744 473.331 0 
3319 819.555 482.991 0 
3320 811.802 492.075 0 
3321 803.526 500.629 0 
3322 794.777 508.708 0 
3323 785.607 516.369 0 
3324 776.068 523.667 0 
3325 766.21 530.655 0 
3326 756.077 537.38 0 
3327 745.712 543.882 0 
3328 735.156 550.199 0 
3329 724.443 556.361 0 
3330 713.603 562.398 0 
3331 702.659 568.331 0 
3332 691.633 574.181 0 
3333 680.543 579.966 0 
3334 669.404 585.701 0 
3335 658.233 591.397 0 
3336 647.042 597.064 0 
3337 635.846 602.712 0 
3338 624.655 608.347 0 
3339 613.48 613.974 0 
3340 602.329 619.598 0 
3341 591.206 625.221 0 
3342 580.113 630.848 0 
3343 569.049 636.486 0 
3344 558.01 642.153 0 
3345 546.992 647.898 0 
3346 535.987 653.876 0 
3347 525 660.641 0 
3348 909.9 -1.90735e-07 0 
3349 909.324 16.2767 0 
3350 908.745 32.5499 0 
3351 908.159 48.8163 0 
3352 907.563 65.0721 0 
3353 906.952 81.3137 0 
3354 906.323 97.5372 0 
3355 905.671 113.738 0 
3356 904.992 129.913 0 
3357 904.282 146.056 0 
3358 903.534 162.161 0 
3359 902.742 178.224 0 
3360 901.901 194.238 0 
3361 901.002 210.194 0 
3362 900.036 226.084 0 
3363 898.995 241.9 0 
3364 897.866 257.629 0 
3365 896.637 273.259 0 
3366 895.291 288.774 0 
3367 893.812 304.158 0 
3368 892.179 319.388 0 
3369 890.365 334.442 0 
3370 888.342 349.29 0 
3371 886.075 363.897 0 
3372 883.522 378.223 0 
3373 880.635 392.219 0 
3374 877.359 405.831 0 
3375 873.629 418.995 0 
3376 869.379 431.641 0 
3377 864.54 443.699 0 
3378 859.051 455.104 0 
3379 852.87 465.805 0 
3380 845.981 475.782 0 
3381 838.403 485.049 0 
3382 830.178 493.652 0 
3383 821.364 501.655 0 
3384 812.026 509.131 0 
3385 802.229 516.154 0 
3386 792.038 522.792 0 
3387 781.507 529.106 0 
3388 770.689 535.15 0 
3389 759.631 540.967 0 
3390 748.378 546.599 0 
3391 736.968 552.076 0 
3392 725.434 557.427 0 
3393 713.798 562.676 0 
3394 702.078 567.843 0 
3395 690.29 572.943 0 
3396 678.452 577.992 0 
3397 666.579 583.001 0 
3398 654.683 587.979 0 
3399 642.78 592.934 0 
3400 630.881 597.871 0 
3401 619 602.794 0 
3402 607.147 607.706 0 
3403 595.327 612.608 0 
3404 583.541 617.499 0 
3405 571.786 622.381 0 
3406 560.059 627.261 0 
3407 548.356 632.16 0 
3408 536.668 637.147 0 
3409 525 642.335 0 
3410 926.75 -1.90735e-07 0 
3411 926.25 16.3518 0 
3412 925.747 32.7006 0 
3413 925.237 49.0432 0 
3414 924.718 65.3766 0 
3415 924.187 81.6973 0 
3416 923.639 98.002 0 
3417 923.071 114.287 0 
3418 922.48 130.548 0 
3419 921.86 146.781 0 
3420 921.206 162.981 0 
3421 920.514 179.142 0 
3422 919.777 195.259 0 
3423 918.988 211.325 0 
3424 918.139 227.332 0 
3425 917.221 243.271 0 
3426 916.224 259.131 0 
3427 915.135 274.901 0 
3428 913.94 290.566 0 
3429 912.621 306.109 0 
3430 911.157 321.509 0 
3431 909.524 336.743 0 
3432 907.69 351.781 0 
3433 905.621 366.586 0 
3434 903.27 381.116 0 
3435 900.584 395.317 0 
3436 897.497 409.124 0 
3437 893.932 422.461 0 
3438 889.8 435.24 0 
3439 885.008 447.362 0 
3440 879.467 458.731 0 
3441 873.108 469.27 0 
3442 865.909 478.943 0 
3443 857.899 487.772 0 
3444 849.144 495.829 0 
3445 839.726 503.207 0 
3446 829.732 510.007 0 
3447 819.247 516.325 0 
3448 808.347 522.241 0 
3449 797.093 527.829 0 
3450 785.541 533.145 0 
3451 773.745 538.24 0 
3452 761.756 543.152 0 
3453 749.619 547.916 0 
3454 737.367 552.559 0 
3455 725.02 557.104 0 
3456 712.589 561.57 0 
3457 700.089 565.972 0 
3458 687.536 570.324 0 
3459 674.947 574.636 0 
3460 662.333 578.917 0 
3461 649.709 583.172 0 
3462 637.09 587.407 0 
3463 624.494 591.625 0 
3464 611.932 595.824 0 
3465 599.415 600.005 0 
3466 586.938 604.16 0 
3467 574.497 608.28 0 
3468 562.085 612.349 0 
3469 549.701 616.337 0 
3470 537.338 620.212 0 
3471 525 624.043 0 
3472 943.6 -1.90735e-07 0 
3473 943.178 16.43 0 
3474 942.754 32.8574 0 
3475 942.324 49.2795 0 
3476 941.887 65.6936 0 
3477 941.438 82.097 0 
3478 940.976 98.4866 0 
3479 940.496 114.859 0 
3480 939.996 131.211 0 
3481 939.471 147.539 0 
3482 938.917 163.838 0 
3483 938.33 180.105 0 
3484 937.704 196.332 0 
3485 937.033 212.516 0 
3486 936.31 228.648 0 
3487 935.527 244.72 0 
3488 934.674 260.724 0 
3489 933.74 276.648 0 
3490 932.712 292.479 0 
3491 931.574 308.202 0 
3492 930.305 323.796 0 
3493 928.882 339.24 0 
3494 927.275 354.504 0 
3495 925.448 369.552 0 
3496 923.353 384.339 0 
3497 920.933 398.808 0 
3498 918.113 412.888 0 
3499 914.8 426.487 0 
3500 910.882 439.494 0 
3501 906.227 451.776 0 
3502 900.7 463.189 0 
3503 894.187 473.602 0 
3504 886.647 482.948 0 
3505 878.139 491.269 0 
3506 868.773 498.683 0 
3507 858.664 505.336 0 
3508 847.929 511.367 0 
3509 836.681 516.895 0 
3510 825.01 522.02 0 
3511 812.976 526.822 0 
3512 800.637 531.363 0 
3513 788.051 535.693 0 
3514 775.281 539.854 0 
3515 762.384 543.878 0 
3516 749.395 547.789 0 
3517 736.325 551.611 0 
3518 723.171 555.36 0 
3519 709.941 559.051 0 
3520 696.657 562.696 0 
3521 683.339 566.303 0 
3522 669.993 569.879 0 
3523 656.633 573.432 0 
3524 643.277 576.962 0 
3525 629.951 580.473 0 
3526 616.674 583.962 0 
3527 603.461 587.426 0 
3528 590.301 590.855 0 
3529 577.177 594.231 0 
3530 564.082 597.517 0 
3531 551.022 600.627 0 
3532 537.994 603.316 0 
3533 525 604.678 0 
3534 960.45 -1.90735e-07 0 
3535 960.109 16.5108 0 
3536 959.767 33.0194 0 
3537 959.419 49.5237 0 
3538 959.066 66.0215 0 
3539 958.703 82.5105 0 
3540 958.329 98.9881 0 
3541 957.941 115.452 0 
3542 957.536 131.899 0 
3543 957.111 148.326 0 
3544 956.662 164.729 0 
3545 956.185 181.105 0 
3546 955.677 197.45 0 
3547 955.131 213.758 0 
3548 954.542 230.023 0 
3549 953.903 246.238 0 
3550 953.205 262.397 0 
3551 952.44 278.488 0 
3552 951.595 294.501 0 
3553 950.657 310.423 0 
3554 949.607 326.235 0 
3555 948.424 341.917 0 
3556 947.081 357.443 0 
3557 945.542 372.778 0 
3558 943.763 387.879 0 
3559 941.682 402.689 0 
3560 939.221 417.132 0 
3561 936.274 431.105 0 
3562 932.699 444.474 0 
3563 928.318 457.061 0 
3564 922.917 468.647 0 
3565 916.294 479.001 0 
3566 908.354 487.977 0 
3567 899.236 495.671 0 
3568 889.144 502.3 0 
3569 878.229 508.089 0 
3570 866.639 513.228 0 
3571 854.539 517.869 0 
3572 842.034 522.123 0 
3573 829.164 526.075 0 
3574 815.98 529.79 0 
3575 802.542 533.317 0 
3576 788.935 536.694 0 
3577 775.24 539.95 0 
3578 761.504 543.11 0 
3579 747.714 546.191 0 
3580 733.829 549.209 0 
3581 719.845 552.177 0 
3582 705.814 555.105 0 
3583 691.757 557.999 0 
3584 677.667 560.867 0 
3585 663.552 563.712 0 
3586 649.435 566.537 0 
3587 635.358 569.342 0 
3588 621.353 572.126 0 
3589 607.454 574.883 0 
3590 593.628 577.604 0 
3591 579.828 580.272 0 
3592 566.044 582.861 0 
3593 552.309 585.34 0 
3594 538.628 587.746 0 
3595 525 590.64 0 
3596 977.3 -1.90735e-07 0 
3597 977.043 16.5937 0 
3598 976.784 33.1857 0 
3599 976.521 49.7745 0 
3600 976.254 66.3582 0 
3601 975.98 82.9352 0 
3602 975.697 99.5036 0 
3603 975.403 116.061 0 
3604 975.096 132.606 0 
3605 974.774 149.136 0 
3606 974.434 165.647 0 
3607 974.072 182.138 0 
3608 973.686 198.604 0 
3609 973.271 215.042 0 
3610 972.823 231.447 0 
3611 972.336 247.814 0 
3612 971.804 264.136 0 
3613 971.219 280.407 0 
3614 970.572 296.616 0 
3615 969.851 312.753 0 
3616 969.042 328.803 0 
3617 968.126 344.75 0 
3618 967.082 360.572 0 
3619 965.878 376.238 0 
3620 964.473 391.711 0 
3621 962.812 406.938 0 
3622 960.816 421.845 0 
3623 958.375 436.328 0 
3624 955.324 450.236 0 
3625 951.429 463.346 0 
3626 946.358 475.335 0 
3627 939.716 485.78 0 
3628 931.239 494.287 0 
3629 921.308 501.138 0 
3630 910.337 506.756 0 
3631 898.471 511.49 0 
3632 885.858 515.59 0 
3633 872.803 519.229 0 
3634 859.423 522.527 0 
3635 845.668 525.566 0 
3636 831.576 528.406 0 
3637 817.203 531.091 0 
3638 802.677 533.654 0 
3639 788.136 536.12 0 
3640 773.668 538.508 0 
3641 759.198 540.833 0 
3642 744.587 543.109 0 
3643 729.795 545.344 0 
3644 714.997 547.547 0 
3645 700.209 549.723 0 
3646 685.368 551.877 0 
3647 670.471 554.013 0 
3648 655.555 556.132 0 
3649 640.693 558.233 0 
3650 625.927 560.316 0 
3651 611.373 562.376 0 
3652 596.93 564.406 0 
3653 582.462 566.392 0 
3654 567.958 568.314 0 
3655 553.536 570.127 0 
3656 539.221 571.685 0 
3657 525 572.339 0 
3658 994.15 -1.90735e-07 0 
3659 993.977 16.6782 0 
3660 993.804 33.3553 0 
3661 993.628 50.0302 0 
3662 993.449 66.7017 0 
3663 993.265 83.3687 0 
3664 993.075 100.03 0 
3665 992.878 116.684 0 
3666 992.672 133.329 0 
3667 992.456 149.964 0 
3668 992.227 166.586 0 
3669 991.984 183.195 0 
3670 991.725 199.787 0 
3671 991.445 216.36 0 
3672 991.143 232.91 0 
3673 990.815 249.434 0 
3674 990.456 265.928 0 
3675 990.06 282.386 0 
3676 989.622 298.802 0 
3677 989.133 315.169 0 
3678 988.583 331.475 0 
3679 987.958 347.71 0 
3680 987.243 363.856 0 
3681 986.413 379.892 0 
3682 985.439 395.789 0 
3683 984.275 411.505 0 
3684 982.857 426.981 0 
3685 981.085 442.126 0 
3686 978.794 456.796 0 
3687 975.714 470.75 0 
3688 971.369 483.568 0 
3689 964.975 494.498 0 
3690 955.579 502.251 0 
3691 944.42 507.84 0 
3692 932.424 512.097 0 
3693 919.459 515.524 0 
3694 905.52 518.411 0 
3695 891.39 520.931 0 
3696 877.189 523.189 0 
3697 862.507 525.255 0 
3698 847.453 527.177 0 
3699 832.016 528.988 0 
3700 816.433 530.712 0 
3701 800.961 532.367 0 
3702 785.833 533.968 0 
3703 770.822 535.526 0 
3704 755.527 537.048 0 
3705 739.753 538.543 0 
3706 724.169 540.015 0 
3707 708.715 541.468 0 
3708 693.123 542.906 0 
3709 677.409 544.331 0 
3710 661.621 545.743 0 
3711 645.931 547.143 0 
3712 630.288 548.529 0 
3713 615.181 549.9 0 
3714 600.256 551.25 0 
3715 585.133 552.576 0 
3716 569.788 553.877 0 
3717 554.653 555.169 0 
3718 539.732 556.529 0 
3719 525 558.311 0 
3720 1011.01 -1.90735e-07 0 
3721 1010.92 16.7639 0 
3722 1010.83 33.5272 0 
3723 1010.74 50.2894 0 
3724 1010.65 67.0499 0 
3725 1010.56 83.8081 0 
3726 1010.47 100.563 0 
3727 1010.37 117.315 0 
3728 1010.26 134.062 0 
3729 1010.16 150.804 0 
3730 1010.04 167.54 0 
3731 1009.92 184.269 0 
3732 1009.79 200.989 0 
3733 1009.65 217.7 0 
3734 1009.5 234.399 0 
3735 1009.33 251.085 0 
3736 1009.15 267.756 0 
3737 1008.95 284.408 0 
3738 1008.73 301.039 0 
3739 1008.48 317.645 0 
3740 1008.2 334.22 0 
3741 1007.89 350.758 0 
3742 1007.52 367.251 0 
3743 1007.1 383.686 0 
3744 1006.6 400.048 0 
3745 1006 416.315 0 
3746 1005.26 432.451 0 
3747 1004.32 448.402 0 
3748 1003.06 464.075 0 
3749 1001.27 479.294 0 
3750 998.439 493.693 0 
3751 993.244 506.398 0 
3752 981.689 512.384 0 
3753 968.376 515.875 0 
3754 955.487 518.27 0 
3755 941.429 520.1 0 
3756 925.378 521.602 0 
3757 910.054 522.895 0 
3758 895.442 524.044 0 
3759 879.722 525.089 0 
3760 863.718 526.059 0 
3761 846.981 526.971 0 
3762 830.081 527.837 0 
3763 813.447 528.668 0 
3764 797.883 529.471 0 
3765 782.735 530.252 0 
3766 766.949 531.014 0 
3767 749.523 531.763 0 
3768 733.213 532.499 0 
3769 717.362 533.226 0 
3770 701.004 533.946 0 
3771 684.421 534.658 0 
3772 667.591 535.364 0 
3773 651.126 536.063 0 
3774 634.113 536.755 0 
3775 618.807 537.44 0 
3776 603.784 538.115 0 
3777 588.026 538.781 0 
3778 571.41 539.445 0 
3779 555.551 540.137 0 
3780 540.067 540.946 0 
3781 525 542.131 0 
3782 1027.84 -1.90735e-07 0 
3783 1027.84 16.85 0 
3784 1027.84 33.7 0 
3785 1027.84 50.55 0 
3786 1027.84 67.4 0 
3787 1027.84 84.25 0 
3788 1027.84 101.1 0 
3789 1027.84 117.95 0 
3790 1027.84 134.8 0 
3791 1027.84 151.65 0 
3792 1027.84 168.5 0 
3793 1027.84 185.35 0 
3794 1027.84 202.2 0 
3795 1027.84 219.05 0 
3796 1027.84 235.9 0 
3797 1027.84 252.75 0 
3798 1027.84 269.6 0 
3799 1027.84 286.45 0 
3800 1027.84 303.3 0 
3801 1027.84 320.15 0 
3802 1027.84 337 0 
3803 1027.84 353.85 0 
3804 1027.84 370.7 0 
3805 1027.84 387.55 0 
3806 1027.84 404.4 0 
3807 1027.84 421.25 0 
3808 1027.84 438.1 0 
3809 1027.84 454.95 0 
3810 1027.84 471.8 0 
3811 1027.84 488.65 0 
3812 1027.84 505.5 0 
3813 1027.84 525 0 
3814 1009.53 525 0 
3815 991.887 525 0 
3816 979.696 525 0 
3817 965.37 525 0 
3818 944.494 525 0 
3819 927.989 525 0 
3820 914.786 525 0 
3821 897.205 525 0 
3822 880.702 525 0 
3823 862.094 525 0 
3824 843.454 525 0 
3825 824.85 525 0 
3826 809.507 525 0 
3827 795.273 525 0 
3828 780 525 0 
3829 758.169 525 0 
3830 741.79 525 0 
3831 726.507 525 0 
3832 709.102 525 0 
3833 691.676 525 0 
3834 673.191 525 0 
3835 656.862 525 0 
3836 636.229 525 0 
3837 622.147 525 0 
3838 608.041 525 0 
3839 591.773 525 0 
3840 572.275 525 0 
3841 556.067 525 0 
3842 540 525 0 
3843 525 525 0 
