0 -1.90735e-07 -1.90735e-07 0 
1 -1.90735e-07 16.85 0 
2 -1.90735e-07 33.7 0 
3 -1.90735e-07 50.55 0 
4 -1.90735e-07 67.4 0 
5 -1.90735e-07 84.25 0 
6 -1.90735e-07 101.1 0 
7 -1.90735e-07 117.95 0 
8 -1.90735e-07 134.8 0 
9 -1.90735e-07 151.65 0 
10 -1.90735e-07 168.5 0 
11 -1.90735e-07 185.35 0 
12 -1.90735e-07 202.2 0 
13 -1.90735e-07 219.05 0 
14 -1.90735e-07 235.9 0 
15 -1.90735e-07 252.75 0 
16 -1.90735e-07 269.6 0 
17 -1.90735e-07 286.45 0 
18 -1.90735e-07 303.3 0 
19 -1.90735e-07 320.15 0 
20 -1.90735e-07 337 0 
21 -1.90735e-07 353.85 0 
22 -1.90735e-07 370.7 0 
23 -1.90735e-07 387.55 0 
24 -1.90735e-07 404.4 0 
25 -1.90735e-07 421.25 0 
26 -1.90735e-07 438.1 0 
27 -1.90735e-07 454.95 0 
28 -1.90735e-07 471.8 0 
29 -1.90735e-07 488.65 0 
30 -1.90735e-07 505.5 0 
31 -1.90735e-07 522.35 0 
32 -1.90735e-07 539.2 0 
33 -1.90735e-07 556.05 0 
34 -1.90735e-07 572.9 0 
35 -1.90735e-07 589.75 0 
36 -1.90735e-07 606.6 0 
37 -1.90735e-07 623.45 0 
38 -1.90735e-07 640.3 0 
39 -1.90735e-07 657.15 0 
40 -1.90735e-07 674 0 
41 -1.90735e-07 690.85 0 
42 -1.90735e-07 707.7 0 
43 -1.90735e-07 724.55 0 
44 -1.90735e-07 741.4 0 
45 -1.90735e-07 758.25 0 
46 -1.90735e-07 775.1 0 
47 -1.90735e-07 791.95 0 
48 -1.90735e-07 808.8 0 
49 -1.90735e-07 825.65 0 
50 -1.90735e-07 842.5 0 
51 -1.90735e-07 859.35 0 
52 -1.90735e-07 876.2 0 
53 -1.90735e-07 893.05 0 
54 -1.90735e-07 909.9 0 
55 -1.90735e-07 926.75 0 
56 -1.90735e-07 943.6 0 
57 -1.90735e-07 960.45 0 
58 -1.90735e-07 977.3 0 
59 -1.90735e-07 994.15 0 
60 -1.90735e-07 1011.01 0 
61 -1.90735e-07 1027.84 0 
62 16.85 -1.90735e-07 0 
63 513.92 513.92 0 
64 513.92 513.92 0 
65 513.92 513.92 0 
66 513.92 513.92 0 
67 513.92 513.92 0 
68 513.92 513.92 0 
69 513.92 513.92 0 
70 513.92 513.92 0 
71 513.92 513.92 0 
72 513.92 513.92 0 
73 513.92 513.92 0 
74 513.92 513.92 0 
75 513.92 513.92 0 
76 513.92 513.92 0 
77 513.92 513.92 0 
78 513.92 513.92 0 
79 513.92 513.92 0 
80 513.92 513.92 0 
81 513.92 513.92 0 
82 513.92 513.92 0 
83 513.92 513.92 0 
84 513.92 513.92 0 
85 513.92 513.92 0 
86 513.92 513.92 0 
87 513.92 513.92 0 
88 513.92 513.92 0 
89 513.92 513.92 0 
90 513.92 513.92 0 
91 513.92 513.92 0 
92 513.92 513.92 0 
93 513.92 513.92 0 
94 513.92 513.92 0 
95 513.92 513.92 0 
96 513.92 513.92 0 
97 513.92 513.92 0 
98 513.92 513.92 0 
99 513.92 513.92 0 
100 513.92 513.92 0 
101 513.92 513.92 0 
102 513.92 513.92 0 
103 513.92 513.92 0 
104 513.92 513.92 0 
105 513.92 513.92 0 
106 513.92 513.92 0 
107 513.92 513.92 0 
108 513.92 513.92 0 
109 513.92 513.92 0 
110 513.92 513.92 0 
111 513.92 513.92 0 
112 513.92 513.92 0 
113 513.92 513.92 0 
114 513.92 513.92 0 
115 513.92 513.92 0 
116 513.92 513.92 0 
117 513.92 513.92 0 
118 513.92 513.92 0 
119 513.92 513.92 0 
120 513.92 513.92 0 
121 513.92 513.92 0 
122 513.92 513.92 0 
123 16.85 1027.84 0 
124 33.7 -1.90735e-07 0 
125 513.92 513.92 0 
126 513.92 513.92 0 
127 513.92 513.92 0 
128 513.92 513.92 0 
129 513.92 513.92 0 
130 513.92 513.92 0 
131 513.92 513.92 0 
132 513.92 513.92 0 
133 513.92 513.92 0 
134 513.92 513.92 0 
135 513.92 513.92 0 
136 513.92 513.92 0 
137 513.92 513.92 0 
138 513.92 513.92 0 
139 513.92 513.92 0 
140 513.92 513.92 0 
141 513.92 513.92 0 
142 513.92 513.92 0 
143 513.92 513.92 0 
144 513.92 513.92 0 
145 513.92 513.92 0 
146 513.92 513.92 0 
147 513.92 513.92 0 
148 513.92 513.92 0 
149 513.92 513.92 0 
150 513.92 513.92 0 
151 513.92 513.92 0 
152 513.92 513.92 0 
153 513.92 513.92 0 
154 513.92 513.92 0 
155 513.92 513.92 0 
156 513.92 513.92 0 
157 513.92 513.92 0 
158 513.92 513.92 0 
159 513.92 513.92 0 
160 513.92 513.92 0 
161 513.92 513.92 0 
162 513.92 513.92 0 
163 513.92 513.92 0 
164 513.92 513.92 0 
165 513.92 513.92 0 
166 513.92 513.92 0 
167 513.92 513.92 0 
168 513.92 513.92 0 
169 513.92 513.92 0 
170 513.92 513.92 0 
171 513.92 513.92 0 
172 513.92 513.92 0 
173 513.92 513.92 0 
174 513.92 513.92 0 
175 513.92 513.92 0 
176 513.92 513.92 0 
177 513.92 513.92 0 
178 513.92 513.92 0 
179 513.92 513.92 0 
180 513.92 513.92 0 
181 513.92 513.92 0 
182 513.92 513.92 0 
183 513.92 513.92 0 
184 513.92 513.92 0 
185 33.7 1027.84 0 
186 50.55 -1.90735e-07 0 
187 513.92 513.92 0 
188 513.92 513.92 0 
189 513.92 513.92 0 
190 513.92 513.92 0 
191 513.92 513.92 0 
192 513.92 513.92 0 
193 513.92 513.92 0 
194 513.92 513.92 0 
195 513.92 513.92 0 
196 513.92 513.92 0 
197 513.92 513.92 0 
198 513.92 513.92 0 
199 513.92 513.92 0 
200 513.92 513.92 0 
201 513.92 513.92 0 
202 513.92 513.92 0 
203 513.92 513.92 0 
204 513.92 513.92 0 
205 513.92 513.92 0 
206 513.92 513.92 0 
207 513.92 513.92 0 
208 513.92 513.92 0 
209 513.92 513.92 0 
210 513.92 513.92 0 
211 513.92 513.92 0 
212 513.92 513.92 0 
213 513.92 513.92 0 
214 513.92 513.92 0 
215 513.92 513.92 0 
216 513.92 513.92 0 
217 513.92 513.92 0 
218 513.92 513.92 0 
219 513.92 513.92 0 
220 513.92 513.92 0 
221 513.92 513.92 0 
222 513.92 513.92 0 
223 513.92 513.92 0 
224 513.92 513.92 0 
225 513.92 513.92 0 
226 513.92 513.92 0 
227 513.92 513.92 0 
228 513.92 513.92 0 
229 513.92 513.92 0 
230 513.92 513.92 0 
231 513.92 513.92 0 
232 513.92 513.92 0 
233 513.92 513.92 0 
234 513.92 513.92 0 
235 513.92 513.92 0 
236 513.92 513.92 0 
237 513.92 513.92 0 
238 513.92 513.92 0 
239 513.92 513.92 0 
240 513.92 513.92 0 
241 513.92 513.92 0 
242 513.92 513.92 0 
243 513.92 513.92 0 
244 513.92 513.92 0 
245 513.92 513.92 0 
246 513.92 513.92 0 
247 50.55 1027.84 0 
248 67.4 -1.90735e-07 0 
249 513.92 513.92 0 
250 513.92 513.92 0 
251 513.92 513.92 0 
252 513.92 513.92 0 
253 513.92 513.92 0 
254 513.92 513.92 0 
255 513.92 513.92 0 
256 513.92 513.92 0 
257 513.92 513.92 0 
258 513.92 513.92 0 
259 513.92 513.92 0 
260 513.92 513.92 0 
261 513.92 513.92 0 
262 513.92 513.92 0 
263 513.92 513.92 0 
264 513.92 513.92 0 
265 513.92 513.92 0 
266 513.92 513.92 0 
267 513.92 513.92 0 
268 513.92 513.92 0 
269 513.92 513.92 0 
270 513.92 513.92 0 
271 513.92 513.92 0 
272 513.92 513.92 0 
273 513.92 513.92 0 
274 513.92 513.92 0 
275 513.92 513.92 0 
276 513.92 513.92 0 
277 513.92 513.92 0 
278 513.92 513.92 0 
279 513.92 513.92 0 
280 513.92 513.92 0 
281 513.92 513.92 0 
282 513.92 513.92 0 
283 513.92 513.92 0 
284 513.92 513.92 0 
285 513.92 513.92 0 
286 513.92 513.92 0 
287 513.92 513.92 0 
288 513.92 513.92 0 
289 513.92 513.92 0 
290 513.92 513.92 0 
291 513.92 513.92 0 
292 513.92 513.92 0 
293 513.92 513.92 0 
294 513.92 513.92 0 
295 513.92 513.92 0 
296 513.92 513.92 0 
297 513.92 513.92 0 
298 513.92 513.92 0 
299 513.92 513.92 0 
300 513.92 513.92 0 
301 513.92 513.92 0 
302 513.92 513.92 0 
303 513.92 513.92 0 
304 513.92 513.92 0 
305 513.92 513.92 0 
306 513.92 513.92 0 
307 513.92 513.92 0 
308 513.92 513.92 0 
309 67.4 1027.84 0 
310 84.25 -1.90735e-07 0 
311 513.92 513.92 0 
312 513.92 513.92 0 
313 513.92 513.92 0 
314 513.92 513.92 0 
315 513.92 513.92 0 
316 513.92 513.92 0 
317 513.92 513.92 0 
318 513.92 513.92 0 
319 513.92 513.92 0 
320 513.92 513.92 0 
321 513.92 513.92 0 
322 513.92 513.92 0 
323 513.92 513.92 0 
324 513.92 513.92 0 
325 513.92 513.92 0 
326 513.92 513.92 0 
327 513.92 513.92 0 
328 513.92 513.92 0 
329 513.92 513.92 0 
330 513.92 513.92 0 
331 513.92 513.92 0 
332 513.92 513.92 0 
333 513.92 513.92 0 
334 513.92 513.92 0 
335 513.92 513.92 0 
336 513.92 513.92 0 
337 513.92 513.92 0 
338 513.92 513.92 0 
339 513.92 513.92 0 
340 513.92 513.92 0 
341 513.92 513.92 0 
342 513.92 513.92 0 
343 513.92 513.92 0 
344 513.92 513.92 0 
345 513.92 513.92 0 
346 513.92 513.92 0 
347 513.92 513.92 0 
348 513.92 513.92 0 
349 513.92 513.92 0 
350 513.92 513.92 0 
351 513.92 513.92 0 
352 513.92 513.92 0 
353 513.92 513.92 0 
354 513.92 513.92 0 
355 513.92 513.92 0 
356 513.92 513.92 0 
357 513.92 513.92 0 
358 513.92 513.92 0 
359 513.92 513.92 0 
360 513.92 513.92 0 
361 513.92 513.92 0 
362 513.92 513.92 0 
363 513.92 513.92 0 
364 513.92 513.92 0 
365 513.92 513.92 0 
366 513.92 513.92 0 
367 513.92 513.92 0 
368 513.92 513.92 0 
369 513.92 513.92 0 
370 513.92 513.92 0 
371 84.25 1027.84 0 
372 101.1 -1.90735e-07 0 
373 513.92 513.92 0 
374 513.92 513.92 0 
375 513.92 513.92 0 
376 513.92 513.92 0 
377 513.92 513.92 0 
378 513.92 513.92 0 
379 513.92 513.92 0 
380 513.92 513.92 0 
381 513.92 513.92 0 
382 513.92 513.92 0 
383 513.92 513.92 0 
384 513.92 513.92 0 
385 513.92 513.92 0 
386 513.92 513.92 0 
387 513.92 513.92 0 
388 513.92 513.92 0 
389 513.92 513.92 0 
390 513.92 513.92 0 
391 513.92 513.92 0 
392 513.92 513.92 0 
393 513.92 513.92 0 
394 513.92 513.92 0 
395 513.92 513.92 0 
396 513.92 513.92 0 
397 513.92 513.92 0 
398 513.92 513.92 0 
399 513.92 513.92 0 
400 513.92 513.92 0 
401 513.92 513.92 0 
402 513.92 513.92 0 
403 513.92 513.92 0 
404 513.92 513.92 0 
405 513.92 513.92 0 
406 513.92 513.92 0 
407 513.92 513.92 0 
408 513.92 513.92 0 
409 513.92 513.92 0 
410 513.92 513.92 0 
411 513.92 513.92 0 
412 513.92 513.92 0 
413 513.92 513.92 0 
414 513.92 513.92 0 
415 513.92 513.92 0 
416 513.92 513.92 0 
417 513.92 513.92 0 
418 513.92 513.92 0 
419 513.92 513.92 0 
420 513.92 513.92 0 
421 513.92 513.92 0 
422 513.92 513.92 0 
423 513.92 513.92 0 
424 513.92 513.92 0 
425 513.92 513.92 0 
426 513.92 513.92 0 
427 513.92 513.92 0 
428 513.92 513.92 0 
429 513.92 513.92 0 
430 513.92 513.92 0 
431 513.92 513.92 0 
432 513.92 513.92 0 
433 101.1 1027.84 0 
434 117.95 -1.90735e-07 0 
435 513.92 513.92 0 
436 513.92 513.92 0 
437 513.92 513.92 0 
438 513.92 513.92 0 
439 513.92 513.92 0 
440 513.92 513.92 0 
441 513.92 513.92 0 
442 513.92 513.92 0 
443 513.92 513.92 0 
444 513.92 513.92 0 
445 513.92 513.92 0 
446 513.92 513.92 0 
447 513.92 513.92 0 
448 513.92 513.92 0 
449 513.92 513.92 0 
450 513.92 513.92 0 
451 513.92 513.92 0 
452 513.92 513.92 0 
453 513.92 513.92 0 
454 513.92 513.92 0 
455 513.92 513.92 0 
456 513.92 513.92 0 
457 513.92 513.92 0 
458 513.92 513.92 0 
459 513.92 513.92 0 
460 513.92 513.92 0 
461 513.92 513.92 0 
462 513.92 513.92 0 
463 513.92 513.92 0 
464 513.92 513.92 0 
465 513.92 513.92 0 
466 513.92 513.92 0 
467 513.92 513.92 0 
468 513.92 513.92 0 
469 513.92 513.92 0 
470 513.92 513.92 0 
471 513.92 513.92 0 
472 513.92 513.92 0 
473 513.92 513.92 0 
474 513.92 513.92 0 
475 513.92 513.92 0 
476 513.92 513.92 0 
477 513.92 513.92 0 
478 513.92 513.92 0 
479 513.92 513.92 0 
480 513.92 513.92 0 
481 513.92 513.92 0 
482 513.92 513.92 0 
483 513.92 513.92 0 
484 513.92 513.92 0 
485 513.92 513.92 0 
486 513.92 513.92 0 
487 513.92 513.92 0 
488 513.92 513.92 0 
489 513.92 513.92 0 
490 513.92 513.92 0 
491 513.92 513.92 0 
492 513.92 513.92 0 
493 513.92 513.92 0 
494 513.92 513.92 0 
495 117.95 1027.84 0 
496 134.8 -1.90735e-07 0 
497 513.92 513.92 0 
498 513.92 513.92 0 
499 513.92 513.92 0 
500 513.92 513.92 0 
501 513.92 513.92 0 
502 513.92 513.92 0 
503 513.92 513.92 0 
504 513.92 513.92 0 
505 513.92 513.92 0 
506 513.92 513.92 0 
507 513.92 513.92 0 
508 513.92 513.92 0 
509 513.92 513.92 0 
510 513.92 513.92 0 
511 513.92 513.92 0 
512 513.92 513.92 0 
513 513.92 513.92 0 
514 513.92 513.92 0 
515 513.92 513.92 0 
516 513.92 513.92 0 
517 513.92 513.92 0 
518 513.92 513.92 0 
519 513.92 513.92 0 
520 513.92 513.92 0 
521 513.92 513.92 0 
522 513.92 513.92 0 
523 513.92 513.92 0 
524 513.92 513.92 0 
525 513.92 513.92 0 
526 513.92 513.92 0 
527 513.92 513.92 0 
528 513.92 513.92 0 
529 513.92 513.92 0 
530 513.92 513.92 0 
531 513.92 513.92 0 
532 513.92 513.92 0 
533 513.92 513.92 0 
534 513.92 513.92 0 
535 513.92 513.92 0 
536 513.92 513.92 0 
537 513.92 513.92 0 
538 513.92 513.92 0 
539 513.92 513.92 0 
540 513.92 513.92 0 
541 513.92 513.92 0 
542 513.92 513.92 0 
543 513.92 513.92 0 
544 513.92 513.92 0 
545 513.92 513.92 0 
546 513.92 513.92 0 
547 513.92 513.92 0 
548 513.92 513.92 0 
549 513.92 513.92 0 
550 513.92 513.92 0 
551 513.92 513.92 0 
552 513.92 513.92 0 
553 513.92 513.92 0 
554 513.92 513.92 0 
555 513.92 513.92 0 
556 513.92 513.92 0 
557 134.8 1027.84 0 
558 151.65 -1.90735e-07 0 
559 513.92 513.92 0 
560 513.92 513.92 0 
561 513.92 513.92 0 
562 513.92 513.92 0 
563 513.92 513.92 0 
564 513.92 513.92 0 
565 513.92 513.92 0 
566 513.92 513.92 0 
567 513.92 513.92 0 
568 513.92 513.92 0 
569 513.92 513.92 0 
570 513.92 513.92 0 
571 513.92 513.92 0 
572 513.92 513.92 0 
573 513.92 513.92 0 
574 513.92 513.92 0 
575 513.92 513.92 0 
576 513.92 513.92 0 
577 513.92 513.92 0 
578 513.92 513.92 0 
579 513.92 513.92 0 
580 513.92 513.92 0 
581 513.92 513.92 0 
582 513.92 513.92 0 
583 513.92 513.92 0 
584 513.92 513.92 0 
585 513.92 513.92 0 
586 513.92 513.92 0 
587 513.92 513.92 0 
588 513.92 513.92 0 
589 513.92 513.92 0 
590 513.92 513.92 0 
591 513.92 513.92 0 
592 513.92 513.92 0 
593 513.92 513.92 0 
594 513.92 513.92 0 
595 513.92 513.92 0 
596 513.92 513.92 0 
597 513.92 513.92 0 
598 513.92 513.92 0 
599 513.92 513.92 0 
600 513.92 513.92 0 
601 513.92 513.92 0 
602 513.92 513.92 0 
603 513.92 513.92 0 
604 513.92 513.92 0 
605 513.92 513.92 0 
606 513.92 513.92 0 
607 513.92 513.92 0 
608 513.92 513.92 0 
609 513.92 513.92 0 
610 513.92 513.92 0 
611 513.92 513.92 0 
612 513.92 513.92 0 
613 513.92 513.92 0 
614 513.92 513.92 0 
615 513.92 513.92 0 
616 513.92 513.92 0 
617 513.92 513.92 0 
618 513.92 513.92 0 
619 151.65 1027.84 0 
620 168.5 -1.90735e-07 0 
621 513.92 513.92 0 
622 513.92 513.92 0 
623 513.92 513.92 0 
624 513.92 513.92 0 
625 513.92 513.92 0 
626 513.92 513.92 0 
627 513.92 513.92 0 
628 513.92 513.92 0 
629 513.92 513.92 0 
630 513.92 513.92 0 
631 513.92 513.92 0 
632 513.92 513.92 0 
633 513.92 513.92 0 
634 513.92 513.92 0 
635 513.92 513.92 0 
636 513.92 513.92 0 
637 513.92 513.92 0 
638 513.92 513.92 0 
639 513.92 513.92 0 
640 513.92 513.92 0 
641 513.92 513.92 0 
642 513.92 513.92 0 
643 513.92 513.92 0 
644 513.92 513.92 0 
645 513.92 513.92 0 
646 513.92 513.92 0 
647 513.92 513.92 0 
648 513.92 513.92 0 
649 513.92 513.92 0 
650 513.92 513.92 0 
651 513.92 513.92 0 
652 513.92 513.92 0 
653 513.92 513.92 0 
654 513.92 513.92 0 
655 513.92 513.92 0 
656 513.92 513.92 0 
657 513.92 513.92 0 
658 513.92 513.92 0 
659 513.92 513.92 0 
660 513.92 513.92 0 
661 513.92 513.92 0 
662 513.92 513.92 0 
663 513.92 513.92 0 
664 513.92 513.92 0 
665 513.92 513.92 0 
666 513.92 513.92 0 
667 513.92 513.92 0 
668 513.92 513.92 0 
669 513.92 513.92 0 
670 513.92 513.92 0 
671 513.92 513.92 0 
672 513.92 513.92 0 
673 513.92 513.92 0 
674 513.92 513.92 0 
675 513.92 513.92 0 
676 513.92 513.92 0 
677 513.92 513.92 0 
678 513.92 513.92 0 
679 513.92 513.92 0 
680 513.92 513.92 0 
681 168.5 1027.84 0 
682 185.35 -1.90735e-07 0 
683 513.92 513.92 0 
684 513.92 513.92 0 
685 513.92 513.92 0 
686 513.92 513.92 0 
687 513.92 513.92 0 
688 513.92 513.92 0 
689 513.92 513.92 0 
690 513.92 513.92 0 
691 513.92 513.92 0 
692 513.92 513.92 0 
693 513.92 513.92 0 
694 513.92 513.92 0 
695 513.92 513.92 0 
696 513.92 513.92 0 
697 513.92 513.92 0 
698 513.92 513.92 0 
699 513.92 513.92 0 
700 513.92 513.92 0 
701 513.92 513.92 0 
702 513.92 513.92 0 
703 513.92 513.92 0 
704 513.92 513.92 0 
705 513.92 513.92 0 
706 513.92 513.92 0 
707 513.92 513.92 0 
708 513.92 513.92 0 
709 513.92 513.92 0 
710 513.92 513.92 0 
711 513.92 513.92 0 
712 513.92 513.92 0 
713 513.92 513.92 0 
714 513.92 513.92 0 
715 513.92 513.92 0 
716 513.92 513.92 0 
717 513.92 513.92 0 
718 513.92 513.92 0 
719 513.92 513.92 0 
720 513.92 513.92 0 
721 513.92 513.92 0 
722 513.92 513.92 0 
723 513.92 513.92 0 
724 513.92 513.92 0 
725 513.92 513.92 0 
726 513.92 513.92 0 
727 513.92 513.92 0 
728 513.92 513.92 0 
729 513.92 513.92 0 
730 513.92 513.92 0 
731 513.92 513.92 0 
732 513.92 513.92 0 
733 513.92 513.92 0 
734 513.92 513.92 0 
735 513.92 513.92 0 
736 513.92 513.92 0 
737 513.92 513.92 0 
738 513.92 513.92 0 
739 513.92 513.92 0 
740 513.92 513.92 0 
741 513.92 513.92 0 
742 513.92 513.92 0 
743 185.35 1027.84 0 
744 202.2 -1.90735e-07 0 
745 513.92 513.92 0 
746 513.92 513.92 0 
747 513.92 513.92 0 
748 513.92 513.92 0 
749 513.92 513.92 0 
750 513.92 513.92 0 
751 513.92 513.92 0 
752 513.92 513.92 0 
753 513.92 513.92 0 
754 513.92 513.92 0 
755 513.92 513.92 0 
756 513.92 513.92 0 
757 513.92 513.92 0 
758 513.92 513.92 0 
759 513.92 513.92 0 
760 513.92 513.92 0 
761 513.92 513.92 0 
762 513.92 513.92 0 
763 513.92 513.92 0 
764 513.92 513.92 0 
765 513.92 513.92 0 
766 513.92 513.92 0 
767 513.92 513.92 0 
768 513.92 513.92 0 
769 513.92 513.92 0 
770 513.92 513.92 0 
771 513.92 513.92 0 
772 513.92 513.92 0 
773 513.92 513.92 0 
774 513.92 513.92 0 
775 513.92 513.92 0 
776 513.92 513.92 0 
777 513.92 513.92 0 
778 513.92 513.92 0 
779 513.92 513.92 0 
780 513.92 513.92 0 
781 513.92 513.92 0 
782 513.92 513.92 0 
783 513.92 513.92 0 
784 513.92 513.92 0 
785 513.92 513.92 0 
786 513.92 513.92 0 
787 513.92 513.92 0 
788 513.92 513.92 0 
789 513.92 513.92 0 
790 513.92 513.92 0 
791 513.92 513.92 0 
792 513.92 513.92 0 
793 513.92 513.92 0 
794 513.92 513.92 0 
795 513.92 513.92 0 
796 513.92 513.92 0 
797 513.92 513.92 0 
798 513.92 513.92 0 
799 513.92 513.92 0 
800 513.92 513.92 0 
801 513.92 513.92 0 
802 513.92 513.92 0 
803 513.92 513.92 0 
804 513.92 513.92 0 
805 202.2 1027.84 0 
806 219.05 -1.90735e-07 0 
807 513.92 513.92 0 
808 513.92 513.92 0 
809 513.92 513.92 0 
810 513.92 513.92 0 
811 513.92 513.92 0 
812 513.92 513.92 0 
813 513.92 513.92 0 
814 513.92 513.92 0 
815 513.92 513.92 0 
816 513.92 513.92 0 
817 513.92 513.92 0 
818 513.92 513.92 0 
819 513.92 513.92 0 
820 513.92 513.92 0 
821 513.92 513.92 0 
822 513.92 513.92 0 
823 513.92 513.92 0 
824 513.92 513.92 0 
825 513.92 513.92 0 
826 513.92 513.92 0 
827 513.92 513.92 0 
828 513.92 513.92 0 
829 513.92 513.92 0 
830 513.92 513.92 0 
831 513.92 513.92 0 
832 513.92 513.92 0 
833 513.92 513.92 0 
834 513.92 513.92 0 
835 513.92 513.92 0 
836 513.92 513.92 0 
837 513.92 513.92 0 
838 513.92 513.92 0 
839 513.92 513.92 0 
840 513.92 513.92 0 
841 513.92 513.92 0 
842 513.92 513.92 0 
843 513.92 513.92 0 
844 513.92 513.92 0 
845 513.92 513.92 0 
846 513.92 513.92 0 
847 513.92 513.92 0 
848 513.92 513.92 0 
849 513.92 513.92 0 
850 513.92 513.92 0 
851 513.92 513.92 0 
852 513.92 513.92 0 
853 513.92 513.92 0 
854 513.92 513.92 0 
855 513.92 513.92 0 
856 513.92 513.92 0 
857 513.92 513.92 0 
858 513.92 513.92 0 
859 513.92 513.92 0 
860 513.92 513.92 0 
861 513.92 513.92 0 
862 513.92 513.92 0 
863 513.92 513.92 0 
864 513.92 513.92 0 
865 513.92 513.92 0 
866 513.92 513.92 0 
867 219.05 1027.84 0 
868 235.9 -1.90735e-07 0 
869 513.92 513.92 0 
870 513.92 513.92 0 
871 513.92 513.92 0 
872 513.92 513.92 0 
873 513.92 513.92 0 
874 513.92 513.92 0 
875 513.92 513.92 0 
876 513.92 513.92 0 
877 513.92 513.92 0 
878 513.92 513.92 0 
879 513.92 513.92 0 
880 513.92 513.92 0 
881 513.92 513.92 0 
882 513.92 513.92 0 
883 513.92 513.92 0 
884 513.92 513.92 0 
885 513.92 513.92 0 
886 513.92 513.92 0 
887 513.92 513.92 0 
888 513.92 513.92 0 
889 513.92 513.92 0 
890 513.92 513.92 0 
891 513.92 513.92 0 
892 513.92 513.92 0 
893 513.92 513.92 0 
894 513.92 513.92 0 
895 513.92 513.92 0 
896 513.92 513.92 0 
897 513.92 513.92 0 
898 513.92 513.92 0 
899 513.92 513.92 0 
900 513.92 513.92 0 
901 513.92 513.92 0 
902 513.92 513.92 0 
903 513.92 513.92 0 
904 513.92 513.92 0 
905 513.92 513.92 0 
906 513.92 513.92 0 
907 513.92 513.92 0 
908 513.92 513.92 0 
909 513.92 513.92 0 
910 513.92 513.92 0 
911 513.92 513.92 0 
912 513.92 513.92 0 
913 513.92 513.92 0 
914 513.92 513.92 0 
915 513.92 513.92 0 
916 513.92 513.92 0 
917 513.92 513.92 0 
918 513.92 513.92 0 
919 513.92 513.92 0 
920 513.92 513.92 0 
921 513.92 513.92 0 
922 513.92 513.92 0 
923 513.92 513.92 0 
924 513.92 513.92 0 
925 513.92 513.92 0 
926 513.92 513.92 0 
927 513.92 513.92 0 
928 513.92 513.92 0 
929 235.9 1027.84 0 
930 252.75 -1.90735e-07 0 
931 513.92 513.92 0 
932 513.92 513.92 0 
933 513.92 513.92 0 
934 513.92 513.92 0 
935 513.92 513.92 0 
936 513.92 513.92 0 
937 513.92 513.92 0 
938 513.92 513.92 0 
939 513.92 513.92 0 
940 513.92 513.92 0 
941 513.92 513.92 0 
942 513.92 513.92 0 
943 513.92 513.92 0 
944 513.92 513.92 0 
945 513.92 513.92 0 
946 513.92 513.92 0 
947 513.92 513.92 0 
948 513.92 513.92 0 
949 513.92 513.92 0 
950 513.92 513.92 0 
951 513.92 513.92 0 
952 513.92 513.92 0 
953 513.92 513.92 0 
954 513.92 513.92 0 
955 513.92 513.92 0 
956 513.92 513.92 0 
957 513.92 513.92 0 
958 513.92 513.92 0 
959 513.92 513.92 0 
960 513.92 513.92 0 
961 513.92 513.92 0 
962 513.92 513.92 0 
963 513.92 513.92 0 
964 513.92 513.92 0 
965 513.92 513.92 0 
966 513.92 513.92 0 
967 513.92 513.92 0 
968 513.92 513.92 0 
969 513.92 513.92 0 
970 513.92 513.92 0 
971 513.92 513.92 0 
972 513.92 513.92 0 
973 513.92 513.92 0 
974 513.92 513.92 0 
975 513.92 513.92 0 
976 513.92 513.92 0 
977 513.92 513.92 0 
978 513.92 513.92 0 
979 513.92 513.92 0 
980 513.92 513.92 0 
981 513.92 513.92 0 
982 513.92 513.92 0 
983 513.92 513.92 0 
984 513.92 513.92 0 
985 513.92 513.92 0 
986 513.92 513.92 0 
987 513.92 513.92 0 
988 513.92 513.92 0 
989 513.92 513.92 0 
990 513.92 513.92 0 
991 252.75 1027.84 0 
992 269.6 -1.90735e-07 0 
993 513.92 513.92 0 
994 513.92 513.92 0 
995 513.92 513.92 0 
996 513.92 513.92 0 
997 513.92 513.92 0 
998 513.92 513.92 0 
999 513.92 513.92 0 
1000 513.92 513.92 0 
1001 513.92 513.92 0 
1002 513.92 513.92 0 
1003 513.92 513.92 0 
1004 513.92 513.92 0 
1005 513.92 513.92 0 
1006 513.92 513.92 0 
1007 513.92 513.92 0 
1008 513.92 513.92 0 
1009 513.92 513.92 0 
1010 513.92 513.92 0 
1011 513.92 513.92 0 
1012 513.92 513.92 0 
1013 513.92 513.92 0 
1014 513.92 513.92 0 
1015 513.92 513.92 0 
1016 513.92 513.92 0 
1017 513.92 513.92 0 
1018 513.92 513.92 0 
1019 513.92 513.92 0 
1020 513.92 513.92 0 
1021 513.92 513.92 0 
1022 513.92 513.92 0 
1023 513.92 513.92 0 
1024 513.92 513.92 0 
1025 513.92 513.92 0 
1026 513.92 513.92 0 
1027 513.92 513.92 0 
1028 513.92 513.92 0 
1029 513.92 513.92 0 
1030 513.92 513.92 0 
1031 513.92 513.92 0 
1032 513.92 513.92 0 
1033 513.92 513.92 0 
1034 513.92 513.92 0 
1035 513.92 513.92 0 
1036 513.92 513.92 0 
1037 513.92 513.92 0 
1038 513.92 513.92 0 
1039 513.92 513.92 0 
1040 513.92 513.92 0 
1041 513.92 513.92 0 
1042 513.92 513.92 0 
1043 513.92 513.92 0 
1044 513.92 513.92 0 
1045 513.92 513.92 0 
1046 513.92 513.92 0 
1047 513.92 513.92 0 
1048 513.92 513.92 0 
1049 513.92 513.92 0 
1050 513.92 513.92 0 
1051 513.92 513.92 0 
1052 513.92 513.92 0 
1053 269.6 1027.84 0 
1054 286.45 -1.90735e-07 0 
1055 513.92 513.92 0 
1056 513.92 513.92 0 
1057 513.92 513.92 0 
1058 513.92 513.92 0 
1059 513.92 513.92 0 
1060 513.92 513.92 0 
1061 513.92 513.92 0 
1062 513.92 513.92 0 
1063 513.92 513.92 0 
1064 513.92 513.92 0 
1065 513.92 513.92 0 
1066 513.92 513.92 0 
1067 513.92 513.92 0 
1068 513.92 513.92 0 
1069 513.92 513.92 0 
1070 513.92 513.92 0 
1071 513.92 513.92 0 
1072 513.92 513.92 0 
1073 513.92 513.92 0 
1074 513.92 513.92 0 
1075 513.92 513.92 0 
1076 513.92 513.92 0 
1077 513.92 513.92 0 
1078 513.92 513.92 0 
1079 513.92 513.92 0 
1080 513.92 513.92 0 
1081 513.92 513.92 0 
1082 513.92 513.92 0 
1083 513.92 513.92 0 
1084 513.92 513.92 0 
1085 513.92 513.92 0 
1086 513.92 513.92 0 
1087 513.92 513.92 0 
1088 513.92 513.92 0 
1089 513.92 513.92 0 
1090 513.92 513.92 0 
1091 513.92 513.92 0 
1092 513.92 513.92 0 
1093 513.92 513.92 0 
1094 513.92 513.92 0 
1095 513.92 513.92 0 
1096 513.92 513.92 0 
1097 513.92 513.92 0 
1098 513.92 513.92 0 
1099 513.92 513.92 0 
1100 513.92 513.92 0 
1101 513.92 513.92 0 
1102 513.92 513.92 0 
1103 513.92 513.92 0 
1104 513.92 513.92 0 
1105 513.92 513.92 0 
1106 513.92 513.92 0 
1107 513.92 513.92 0 
1108 513.92 513.92 0 
1109 513.92 513.92 0 
1110 513.92 513.92 0 
1111 513.92 513.92 0 
1112 513.92 513.92 0 
1113 513.92 513.92 0 
1114 513.92 513.92 0 
1115 286.45 1027.84 0 
1116 303.3 -1.90735e-07 0 
1117 513.92 513.92 0 
1118 513.92 513.92 0 
1119 513.92 513.92 0 
1120 513.92 513.92 0 
1121 513.92 513.92 0 
1122 513.92 513.92 0 
1123 513.92 513.92 0 
1124 513.92 513.92 0 
1125 513.92 513.92 0 
1126 513.92 513.92 0 
1127 513.92 513.92 0 
1128 513.92 513.92 0 
1129 513.92 513.92 0 
1130 513.92 513.92 0 
1131 513.92 513.92 0 
1132 513.92 513.92 0 
1133 513.92 513.92 0 
1134 513.92 513.92 0 
1135 513.92 513.92 0 
1136 513.92 513.92 0 
1137 513.92 513.92 0 
1138 513.92 513.92 0 
1139 513.92 513.92 0 
1140 513.92 513.92 0 
1141 513.92 513.92 0 
1142 513.92 513.92 0 
1143 513.92 513.92 0 
1144 513.92 513.92 0 
1145 513.92 513.92 0 
1146 513.92 513.92 0 
1147 513.92 513.92 0 
1148 513.92 513.92 0 
1149 513.92 513.92 0 
1150 513.92 513.92 0 
1151 513.92 513.92 0 
1152 513.92 513.92 0 
1153 513.92 513.92 0 
1154 513.92 513.92 0 
1155 513.92 513.92 0 
1156 513.92 513.92 0 
1157 513.92 513.92 0 
1158 513.92 513.92 0 
1159 513.92 513.92 0 
1160 513.92 513.92 0 
1161 513.92 513.92 0 
1162 513.92 513.92 0 
1163 513.92 513.92 0 
1164 513.92 513.92 0 
1165 513.92 513.92 0 
1166 513.92 513.92 0 
1167 513.92 513.92 0 
1168 513.92 513.92 0 
1169 513.92 513.92 0 
1170 513.92 513.92 0 
1171 513.92 513.92 0 
1172 513.92 513.92 0 
1173 513.92 513.92 0 
1174 513.92 513.92 0 
1175 513.92 513.92 0 
1176 513.92 513.92 0 
1177 303.3 1027.84 0 
1178 320.15 -1.90735e-07 0 
1179 513.92 513.92 0 
1180 513.92 513.92 0 
1181 513.92 513.92 0 
1182 513.92 513.92 0 
1183 513.92 513.92 0 
1184 513.92 513.92 0 
1185 513.92 513.92 0 
1186 513.92 513.92 0 
1187 513.92 513.92 0 
1188 513.92 513.92 0 
1189 513.92 513.92 0 
1190 513.92 513.92 0 
1191 513.92 513.92 0 
1192 513.92 513.92 0 
1193 513.92 513.92 0 
1194 513.92 513.92 0 
1195 513.92 513.92 0 
1196 513.92 513.92 0 
1197 513.92 513.92 0 
1198 513.92 513.92 0 
1199 513.92 513.92 0 
1200 513.92 513.92 0 
1201 513.92 513.92 0 
1202 513.92 513.92 0 
1203 513.92 513.92 0 
1204 513.92 513.92 0 
1205 513.92 513.92 0 
1206 513.92 513.92 0 
1207 513.92 513.92 0 
1208 513.92 513.92 0 
1209 513.92 513.92 0 
1210 513.92 513.92 0 
1211 513.92 513.92 0 
1212 513.92 513.92 0 
1213 513.92 513.92 0 
1214 513.92 513.92 0 
1215 513.92 513.92 0 
1216 513.92 513.92 0 
1217 513.92 513.92 0 
1218 513.92 513.92 0 
1219 513.92 513.92 0 
1220 513.92 513.92 0 
1221 513.92 513.92 0 
1222 513.92 513.92 0 
1223 513.92 513.92 0 
1224 513.92 513.92 0 
1225 513.92 513.92 0 
1226 513.92 513.92 0 
1227 513.92 513.92 0 
1228 513.92 513.92 0 
1229 513.92 513.92 0 
1230 513.92 513.92 0 
1231 513.92 513.92 0 
1232 513.92 513.92 0 
1233 513.92 513.92 0 
1234 513.92 513.92 0 
1235 513.92 513.92 0 
1236 513.92 513.92 0 
1237 513.92 513.92 0 
1238 513.92 513.92 0 
1239 320.15 1027.84 0 
1240 337 -1.90735e-07 0 
1241 513.92 513.92 0 
1242 513.92 513.92 0 
1243 513.92 513.92 0 
1244 513.92 513.92 0 
1245 513.92 513.92 0 
1246 513.92 513.92 0 
1247 513.92 513.92 0 
1248 513.92 513.92 0 
1249 513.92 513.92 0 
1250 513.92 513.92 0 
1251 513.92 513.92 0 
1252 513.92 513.92 0 
1253 513.92 513.92 0 
1254 513.92 513.92 0 
1255 513.92 513.92 0 
1256 513.92 513.92 0 
1257 513.92 513.92 0 
1258 513.92 513.92 0 
1259 513.92 513.92 0 
1260 513.92 513.92 0 
1261 513.92 513.92 0 
1262 513.92 513.92 0 
1263 513.92 513.92 0 
1264 513.92 513.92 0 
1265 513.92 513.92 0 
1266 513.92 513.92 0 
1267 513.92 513.92 0 
1268 513.92 513.92 0 
1269 513.92 513.92 0 
1270 513.92 513.92 0 
1271 513.92 513.92 0 
1272 513.92 513.92 0 
1273 513.92 513.92 0 
1274 513.92 513.92 0 
1275 513.92 513.92 0 
1276 513.92 513.92 0 
1277 513.92 513.92 0 
1278 513.92 513.92 0 
1279 513.92 513.92 0 
1280 513.92 513.92 0 
1281 513.92 513.92 0 
1282 513.92 513.92 0 
1283 513.92 513.92 0 
1284 513.92 513.92 0 
1285 513.92 513.92 0 
1286 513.92 513.92 0 
1287 513.92 513.92 0 
1288 513.92 513.92 0 
1289 513.92 513.92 0 
1290 513.92 513.92 0 
1291 513.92 513.92 0 
1292 513.92 513.92 0 
1293 513.92 513.92 0 
1294 513.92 513.92 0 
1295 513.92 513.92 0 
1296 513.92 513.92 0 
1297 513.92 513.92 0 
1298 513.92 513.92 0 
1299 513.92 513.92 0 
1300 513.92 513.92 0 
1301 337 1027.84 0 
1302 353.85 -1.90735e-07 0 
1303 513.92 513.92 0 
1304 513.92 513.92 0 
1305 513.92 513.92 0 
1306 513.92 513.92 0 
1307 513.92 513.92 0 
1308 513.92 513.92 0 
1309 513.92 513.92 0 
1310 513.92 513.92 0 
1311 513.92 513.92 0 
1312 513.92 513.92 0 
1313 513.92 513.92 0 
1314 513.92 513.92 0 
1315 513.92 513.92 0 
1316 513.92 513.92 0 
1317 513.92 513.92 0 
1318 513.92 513.92 0 
1319 513.92 513.92 0 
1320 513.92 513.92 0 
1321 513.92 513.92 0 
1322 513.92 513.92 0 
1323 513.92 513.92 0 
1324 513.92 513.92 0 
1325 513.92 513.92 0 
1326 513.92 513.92 0 
1327 513.92 513.92 0 
1328 513.92 513.92 0 
1329 513.92 513.92 0 
1330 513.92 513.92 0 
1331 513.92 513.92 0 
1332 513.92 513.92 0 
1333 513.92 513.92 0 
1334 513.92 513.92 0 
1335 513.92 513.92 0 
1336 513.92 513.92 0 
1337 513.92 513.92 0 
1338 513.92 513.92 0 
1339 513.92 513.92 0 
1340 513.92 513.92 0 
1341 513.92 513.92 0 
1342 513.92 513.92 0 
1343 513.92 513.92 0 
1344 513.92 513.92 0 
1345 513.92 513.92 0 
1346 513.92 513.92 0 
1347 513.92 513.92 0 
1348 513.92 513.92 0 
1349 513.92 513.92 0 
1350 513.92 513.92 0 
1351 513.92 513.92 0 
1352 513.92 513.92 0 
1353 513.92 513.92 0 
1354 513.92 513.92 0 
1355 513.92 513.92 0 
1356 513.92 513.92 0 
1357 513.92 513.92 0 
1358 513.92 513.92 0 
1359 513.92 513.92 0 
1360 513.92 513.92 0 
1361 513.92 513.92 0 
1362 513.92 513.92 0 
1363 353.85 1027.84 0 
1364 370.7 -1.90735e-07 0 
1365 513.92 513.92 0 
1366 513.92 513.92 0 
1367 513.92 513.92 0 
1368 513.92 513.92 0 
1369 513.92 513.92 0 
1370 513.92 513.92 0 
1371 513.92 513.92 0 
1372 513.92 513.92 0 
1373 513.92 513.92 0 
1374 513.92 513.92 0 
1375 513.92 513.92 0 
1376 513.92 513.92 0 
1377 513.92 513.92 0 
1378 513.92 513.92 0 
1379 513.92 513.92 0 
1380 513.92 513.92 0 
1381 513.92 513.92 0 
1382 513.92 513.92 0 
1383 513.92 513.92 0 
1384 513.92 513.92 0 
1385 513.92 513.92 0 
1386 513.92 513.92 0 
1387 513.92 513.92 0 
1388 513.92 513.92 0 
1389 513.92 513.92 0 
1390 513.92 513.92 0 
1391 513.92 513.92 0 
1392 513.92 513.92 0 
1393 513.92 513.92 0 
1394 513.92 513.92 0 
1395 513.92 513.92 0 
1396 513.92 513.92 0 
1397 513.92 513.92 0 
1398 513.92 513.92 0 
1399 513.92 513.92 0 
1400 513.92 513.92 0 
1401 513.92 513.92 0 
1402 513.92 513.92 0 
1403 513.92 513.92 0 
1404 513.92 513.92 0 
1405 513.92 513.92 0 
1406 513.92 513.92 0 
1407 513.92 513.92 0 
1408 513.92 513.92 0 
1409 513.92 513.92 0 
1410 513.92 513.92 0 
1411 513.92 513.92 0 
1412 513.92 513.92 0 
1413 513.92 513.92 0 
1414 513.92 513.92 0 
1415 513.92 513.92 0 
1416 513.92 513.92 0 
1417 513.92 513.92 0 
1418 513.92 513.92 0 
1419 513.92 513.92 0 
1420 513.92 513.92 0 
1421 513.92 513.92 0 
1422 513.92 513.92 0 
1423 513.92 513.92 0 
1424 513.92 513.92 0 
1425 370.7 1027.84 0 
1426 387.55 -1.90735e-07 0 
1427 513.92 513.92 0 
1428 513.92 513.92 0 
1429 513.92 513.92 0 
1430 513.92 513.92 0 
1431 513.92 513.92 0 
1432 513.92 513.92 0 
1433 513.92 513.92 0 
1434 513.92 513.92 0 
1435 513.92 513.92 0 
1436 513.92 513.92 0 
1437 513.92 513.92 0 
1438 513.92 513.92 0 
1439 513.92 513.92 0 
1440 513.92 513.92 0 
1441 513.92 513.92 0 
1442 513.92 513.92 0 
1443 513.92 513.92 0 
1444 513.92 513.92 0 
1445 513.92 513.92 0 
1446 513.92 513.92 0 
1447 513.92 513.92 0 
1448 513.92 513.92 0 
1449 513.92 513.92 0 
1450 513.92 513.92 0 
1451 513.92 513.92 0 
1452 513.92 513.92 0 
1453 513.92 513.92 0 
1454 513.92 513.92 0 
1455 513.92 513.92 0 
1456 513.92 513.92 0 
1457 513.92 513.92 0 
1458 513.92 513.92 0 
1459 513.92 513.92 0 
1460 513.92 513.92 0 
1461 513.92 513.92 0 
1462 513.92 513.92 0 
1463 513.92 513.92 0 
1464 513.92 513.92 0 
1465 513.92 513.92 0 
1466 513.92 513.92 0 
1467 513.92 513.92 0 
1468 513.92 513.92 0 
1469 513.92 513.92 0 
1470 513.92 513.92 0 
1471 513.92 513.92 0 
1472 513.92 513.92 0 
1473 513.92 513.92 0 
1474 513.92 513.92 0 
1475 513.92 513.92 0 
1476 513.92 513.92 0 
1477 513.92 513.92 0 
1478 513.92 513.92 0 
1479 513.92 513.92 0 
1480 513.92 513.92 0 
1481 513.92 513.92 0 
1482 513.92 513.92 0 
1483 513.92 513.92 0 
1484 513.92 513.92 0 
1485 513.92 513.92 0 
1486 513.92 513.92 0 
1487 387.55 1027.84 0 
1488 404.4 -1.90735e-07 0 
1489 513.92 513.92 0 
1490 513.92 513.92 0 
1491 513.92 513.92 0 
1492 513.92 513.92 0 
1493 513.92 513.92 0 
1494 513.92 513.92 0 
1495 513.92 513.92 0 
1496 513.92 513.92 0 
1497 513.92 513.92 0 
1498 513.92 513.92 0 
1499 513.92 513.92 0 
1500 513.92 513.92 0 
1501 513.92 513.92 0 
1502 513.92 513.92 0 
1503 513.92 513.92 0 
1504 513.92 513.92 0 
1505 513.92 513.92 0 
1506 513.92 513.92 0 
1507 513.92 513.92 0 
1508 513.92 513.92 0 
1509 513.92 513.92 0 
1510 513.92 513.92 0 
1511 513.92 513.92 0 
1512 513.92 513.92 0 
1513 513.92 513.92 0 
1514 513.92 513.92 0 
1515 513.92 513.92 0 
1516 513.92 513.92 0 
1517 513.92 513.92 0 
1518 513.92 513.92 0 
1519 513.92 513.92 0 
1520 513.92 513.92 0 
1521 513.92 513.92 0 
1522 513.92 513.92 0 
1523 513.92 513.92 0 
1524 513.92 513.92 0 
1525 513.92 513.92 0 
1526 513.92 513.92 0 
1527 513.92 513.92 0 
1528 513.92 513.92 0 
1529 513.92 513.92 0 
1530 513.92 513.92 0 
1531 513.92 513.92 0 
1532 513.92 513.92 0 
1533 513.92 513.92 0 
1534 513.92 513.92 0 
1535 513.92 513.92 0 
1536 513.92 513.92 0 
1537 513.92 513.92 0 
1538 513.92 513.92 0 
1539 513.92 513.92 0 
1540 513.92 513.92 0 
1541 513.92 513.92 0 
1542 513.92 513.92 0 
1543 513.92 513.92 0 
1544 513.92 513.92 0 
1545 513.92 513.92 0 
1546 513.92 513.92 0 
1547 513.92 513.92 0 
1548 513.92 513.92 0 
1549 404.4 1027.84 0 
1550 421.25 -1.90735e-07 0 
1551 513.92 513.92 0 
1552 513.92 513.92 0 
1553 513.92 513.92 0 
1554 513.92 513.92 0 
1555 513.92 513.92 0 
1556 513.92 513.92 0 
1557 513.92 513.92 0 
1558 513.92 513.92 0 
1559 513.92 513.92 0 
1560 513.92 513.92 0 
1561 513.92 513.92 0 
1562 513.92 513.92 0 
1563 513.92 513.92 0 
1564 513.92 513.92 0 
1565 513.92 513.92 0 
1566 513.92 513.92 0 
1567 513.92 513.92 0 
1568 513.92 513.92 0 
1569 513.92 513.92 0 
1570 513.92 513.92 0 
1571 513.92 513.92 0 
1572 513.92 513.92 0 
1573 513.92 513.92 0 
1574 513.92 513.92 0 
1575 513.92 513.92 0 
1576 513.92 513.92 0 
1577 513.92 513.92 0 
1578 513.92 513.92 0 
1579 513.92 513.92 0 
1580 513.92 513.92 0 
1581 513.92 513.92 0 
1582 513.92 513.92 0 
1583 513.92 513.92 0 
1584 513.92 513.92 0 
1585 513.92 513.92 0 
1586 513.92 513.92 0 
1587 513.92 513.92 0 
1588 513.92 513.92 0 
1589 513.92 513.92 0 
1590 513.92 513.92 0 
1591 513.92 513.92 0 
1592 513.92 513.92 0 
1593 513.92 513.92 0 
1594 513.92 513.92 0 
1595 513.92 513.92 0 
1596 513.92 513.92 0 
1597 513.92 513.92 0 
1598 513.92 513.92 0 
1599 513.92 513.92 0 
1600 513.92 513.92 0 
1601 513.92 513.92 0 
1602 513.92 513.92 0 
1603 513.92 513.92 0 
1604 513.92 513.92 0 
1605 513.92 513.92 0 
1606 513.92 513.92 0 
1607 513.92 513.92 0 
1608 513.92 513.92 0 
1609 513.92 513.92 0 
1610 513.92 513.92 0 
1611 421.25 1027.84 0 
1612 438.1 -1.90735e-07 0 
1613 513.92 513.92 0 
1614 513.92 513.92 0 
1615 513.92 513.92 0 
1616 513.92 513.92 0 
1617 513.92 513.92 0 
1618 513.92 513.92 0 
1619 513.92 513.92 0 
1620 513.92 513.92 0 
1621 513.92 513.92 0 
1622 513.92 513.92 0 
1623 513.92 513.92 0 
1624 513.92 513.92 0 
1625 513.92 513.92 0 
1626 513.92 513.92 0 
1627 513.92 513.92 0 
1628 513.92 513.92 0 
1629 513.92 513.92 0 
1630 513.92 513.92 0 
1631 513.92 513.92 0 
1632 513.92 513.92 0 
1633 513.92 513.92 0 
1634 513.92 513.92 0 
1635 513.92 513.92 0 
1636 513.92 513.92 0 
1637 513.92 513.92 0 
1638 513.92 513.92 0 
1639 513.92 513.92 0 
1640 513.92 513.92 0 
1641 513.92 513.92 0 
1642 513.92 513.92 0 
1643 513.92 513.92 0 
1644 513.92 513.92 0 
1645 513.92 513.92 0 
1646 513.92 513.92 0 
1647 513.92 513.92 0 
1648 513.92 513.92 0 
1649 513.92 513.92 0 
1650 513.92 513.92 0 
1651 513.92 513.92 0 
1652 513.92 513.92 0 
1653 513.92 513.92 0 
1654 513.92 513.92 0 
1655 513.92 513.92 0 
1656 513.92 513.92 0 
1657 513.92 513.92 0 
1658 513.92 513.92 0 
1659 513.92 513.92 0 
1660 513.92 513.92 0 
1661 513.92 513.92 0 
1662 513.92 513.92 0 
1663 513.92 513.92 0 
1664 513.92 513.92 0 
1665 513.92 513.92 0 
1666 513.92 513.92 0 
1667 513.92 513.92 0 
1668 513.92 513.92 0 
1669 513.92 513.92 0 
1670 513.92 513.92 0 
1671 513.92 513.92 0 
1672 513.92 513.92 0 
1673 438.1 1027.84 0 
1674 454.95 -1.90735e-07 0 
1675 513.92 513.92 0 
1676 513.92 513.92 0 
1677 513.92 513.92 0 
1678 513.92 513.92 0 
1679 513.92 513.92 0 
1680 513.92 513.92 0 
1681 513.92 513.92 0 
1682 513.92 513.92 0 
1683 513.92 513.92 0 
1684 513.92 513.92 0 
1685 513.92 513.92 0 
1686 513.92 513.92 0 
1687 513.92 513.92 0 
1688 513.92 513.92 0 
1689 513.92 513.92 0 
1690 513.92 513.92 0 
1691 513.92 513.92 0 
1692 513.92 513.92 0 
1693 513.92 513.92 0 
1694 513.92 513.92 0 
1695 513.92 513.92 0 
1696 513.92 513.92 0 
1697 513.92 513.92 0 
1698 513.92 513.92 0 
1699 513.92 513.92 0 
1700 513.92 513.92 0 
1701 513.92 513.92 0 
1702 513.92 513.92 0 
1703 513.92 513.92 0 
1704 513.92 513.92 0 
1705 513.92 513.92 0 
1706 513.92 513.92 0 
1707 513.92 513.92 0 
1708 513.92 513.92 0 
1709 513.92 513.92 0 
1710 513.92 513.92 0 
1711 513.92 513.92 0 
1712 513.92 513.92 0 
1713 513.92 513.92 0 
1714 513.92 513.92 0 
1715 513.92 513.92 0 
1716 513.92 513.92 0 
1717 513.92 513.92 0 
1718 513.92 513.92 0 
1719 513.92 513.92 0 
1720 513.92 513.92 0 
1721 513.92 513.92 0 
1722 513.92 513.92 0 
1723 513.92 513.92 0 
1724 513.92 513.92 0 
1725 513.92 513.92 0 
1726 513.92 513.92 0 
1727 513.92 513.92 0 
1728 513.92 513.92 0 
1729 513.92 513.92 0 
1730 513.92 513.92 0 
1731 513.92 513.92 0 
1732 513.92 513.92 0 
1733 513.92 513.92 0 
1734 513.92 513.92 0 
1735 454.95 1027.84 0 
1736 471.8 -1.90735e-07 0 
1737 513.92 513.92 0 
1738 513.92 513.92 0 
1739 513.92 513.92 0 
1740 513.92 513.92 0 
1741 513.92 513.92 0 
1742 513.92 513.92 0 
1743 513.92 513.92 0 
1744 513.92 513.92 0 
1745 513.92 513.92 0 
1746 513.92 513.92 0 
1747 513.92 513.92 0 
1748 513.92 513.92 0 
1749 513.92 513.92 0 
1750 513.92 513.92 0 
1751 513.92 513.92 0 
1752 513.92 513.92 0 
1753 513.92 513.92 0 
1754 513.92 513.92 0 
1755 513.92 513.92 0 
1756 513.92 513.92 0 
1757 513.92 513.92 0 
1758 513.92 513.92 0 
1759 513.92 513.92 0 
1760 513.92 513.92 0 
1761 513.92 513.92 0 
1762 513.92 513.92 0 
1763 513.92 513.92 0 
1764 513.92 513.92 0 
1765 513.92 513.92 0 
1766 513.92 513.92 0 
1767 513.92 513.92 0 
1768 513.92 513.92 0 
1769 513.92 513.92 0 
1770 513.92 513.92 0 
1771 513.92 513.92 0 
1772 513.92 513.92 0 
1773 513.92 513.92 0 
1774 513.92 513.92 0 
1775 513.92 513.92 0 
1776 513.92 513.92 0 
1777 513.92 513.92 0 
1778 513.92 513.92 0 
1779 513.92 513.92 0 
1780 513.92 513.92 0 
1781 513.92 513.92 0 
1782 513.92 513.92 0 
1783 513.92 513.92 0 
1784 513.92 513.92 0 
1785 513.92 513.92 0 
1786 513.92 513.92 0 
1787 513.92 513.92 0 
1788 513.92 513.92 0 
1789 513.92 513.92 0 
1790 513.92 513.92 0 
1791 513.92 513.92 0 
1792 513.92 513.92 0 
1793 513.92 513.92 0 
1794 513.92 513.92 0 
1795 513.92 513.92 0 
1796 513.92 513.92 0 
1797 471.8 1027.84 0 
1798 488.65 -1.90735e-07 0 
1799 513.92 513.92 0 
1800 513.92 513.92 0 
1801 513.92 513.92 0 
1802 513.92 513.92 0 
1803 513.92 513.92 0 
1804 513.92 513.92 0 
1805 513.92 513.92 0 
1806 513.92 513.92 0 
1807 513.92 513.92 0 
1808 513.92 513.92 0 
1809 513.92 513.92 0 
1810 513.92 513.92 0 
1811 513.92 513.92 0 
1812 513.92 513.92 0 
1813 513.92 513.92 0 
1814 513.92 513.92 0 
1815 513.92 513.92 0 
1816 513.92 513.92 0 
1817 513.92 513.92 0 
1818 513.92 513.92 0 
1819 513.92 513.92 0 
1820 513.92 513.92 0 
1821 513.92 513.92 0 
1822 513.92 513.92 0 
1823 513.92 513.92 0 
1824 513.92 513.92 0 
1825 513.92 513.92 0 
1826 513.92 513.92 0 
1827 513.92 513.92 0 
1828 513.92 513.92 0 
1829 513.92 513.92 0 
1830 513.92 513.92 0 
1831 513.92 513.92 0 
1832 513.92 513.92 0 
1833 513.92 513.92 0 
1834 513.92 513.92 0 
1835 513.92 513.92 0 
1836 513.92 513.92 0 
1837 513.92 513.92 0 
1838 513.92 513.92 0 
1839 513.92 513.92 0 
1840 513.92 513.92 0 
1841 513.92 513.92 0 
1842 513.92 513.92 0 
1843 513.92 513.92 0 
1844 513.92 513.92 0 
1845 513.92 513.92 0 
1846 513.92 513.92 0 
1847 513.92 513.92 0 
1848 513.92 513.92 0 
1849 513.92 513.92 0 
1850 513.92 513.92 0 
1851 513.92 513.92 0 
1852 513.92 513.92 0 
1853 513.92 513.92 0 
1854 513.92 513.92 0 
1855 513.92 513.92 0 
1856 513.92 513.92 0 
1857 513.92 513.92 0 
1858 513.92 513.92 0 
1859 488.65 1027.84 0 
1860 505.5 -1.90735e-07 0 
1861 513.92 513.92 0 
1862 513.92 513.92 0 
1863 513.92 513.92 0 
1864 513.92 513.92 0 
1865 513.92 513.92 0 
1866 513.92 513.92 0 
1867 513.92 513.92 0 
1868 513.92 513.92 0 
1869 513.92 513.92 0 
1870 513.92 513.92 0 
1871 513.92 513.92 0 
1872 513.92 513.92 0 
1873 513.92 513.92 0 
1874 513.92 513.92 0 
1875 513.92 513.92 0 
1876 513.92 513.92 0 
1877 513.92 513.92 0 
1878 513.92 513.92 0 
1879 513.92 513.92 0 
1880 513.92 513.92 0 
1881 513.92 513.92 0 
1882 513.92 513.92 0 
1883 513.92 513.92 0 
1884 513.92 513.92 0 
1885 513.92 513.92 0 
1886 513.92 513.92 0 
1887 513.92 513.92 0 
1888 513.92 513.92 0 
1889 513.92 513.92 0 
1890 513.92 513.92 0 
1891 513.92 513.92 0 
1892 513.92 513.92 0 
1893 513.92 513.92 0 
1894 513.92 513.92 0 
1895 513.92 513.92 0 
1896 513.92 513.92 0 
1897 513.92 513.92 0 
1898 513.92 513.92 0 
1899 513.92 513.92 0 
1900 513.92 513.92 0 
1901 513.92 513.92 0 
1902 513.92 513.92 0 
1903 513.92 513.92 0 
1904 513.92 513.92 0 
1905 513.92 513.92 0 
1906 513.92 513.92 0 
1907 513.92 513.92 0 
1908 513.92 513.92 0 
1909 513.92 513.92 0 
1910 513.92 513.92 0 
1911 513.92 513.92 0 
1912 513.92 513.92 0 
1913 513.92 513.92 0 
1914 513.92 513.92 0 
1915 513.92 513.92 0 
1916 513.92 513.92 0 
1917 513.92 513.92 0 
1918 513.92 513.92 0 
1919 513.92 513.92 0 
1920 513.92 513.92 0 
1921 505.5 1027.84 0 
1922 522.35 -1.90735e-07 0 
1923 513.92 513.92 0 
1924 513.92 513.92 0 
1925 513.92 513.92 0 
1926 513.92 513.92 0 
1927 513.92 513.92 0 
1928 513.92 513.92 0 
1929 513.92 513.92 0 
1930 513.92 513.92 0 
1931 513.92 513.92 0 
1932 513.92 513.92 0 
1933 513.92 513.92 0 
1934 513.92 513.92 0 
1935 513.92 513.92 0 
1936 513.92 513.92 0 
1937 513.92 513.92 0 
1938 513.92 513.92 0 
1939 513.92 513.92 0 
1940 513.92 513.92 0 
1941 513.92 513.92 0 
1942 513.92 513.92 0 
1943 513.92 513.92 0 
1944 513.92 513.92 0 
1945 513.92 513.92 0 
1946 513.92 513.92 0 
1947 513.92 513.92 0 
1948 513.92 513.92 0 
1949 513.92 513.92 0 
1950 513.92 513.92 0 
1951 513.92 513.92 0 
1952 513.92 513.92 0 
1953 513.92 513.92 0 
1954 513.92 513.92 0 
1955 513.92 513.92 0 
1956 513.92 513.92 0 
1957 513.92 513.92 0 
1958 513.92 513.92 0 
1959 513.92 513.92 0 
1960 513.92 513.92 0 
1961 513.92 513.92 0 
1962 513.92 513.92 0 
1963 513.92 513.92 0 
1964 513.92 513.92 0 
1965 513.92 513.92 0 
1966 513.92 513.92 0 
1967 513.92 513.92 0 
1968 513.92 513.92 0 
1969 513.92 513.92 0 
1970 513.92 513.92 0 
1971 513.92 513.92 0 
1972 513.92 513.92 0 
1973 513.92 513.92 0 
1974 513.92 513.92 0 
1975 513.92 513.92 0 
1976 513.92 513.92 0 
1977 513.92 513.92 0 
1978 513.92 513.92 0 
1979 513.92 513.92 0 
1980 513.92 513.92 0 
1981 513.92 513.92 0 
1982 513.92 513.92 0 
1983 525 1027.84 0 
1984 539.2 -1.90735e-07 0 
1985 513.92 513.92 0 
1986 513.92 513.92 0 
1987 513.92 513.92 0 
1988 513.92 513.92 0 
1989 513.92 513.92 0 
1990 513.92 513.92 0 
1991 513.92 513.92 0 
1992 513.92 513.92 0 
1993 513.92 513.92 0 
1994 513.92 513.92 0 
1995 513.92 513.92 0 
1996 513.92 513.92 0 
1997 513.92 513.92 0 
1998 513.92 513.92 0 
1999 513.92 513.92 0 
2000 513.92 513.92 0 
2001 513.92 513.92 0 
2002 513.92 513.92 0 
2003 513.92 513.92 0 
2004 513.92 513.92 0 
2005 513.92 513.92 0 
2006 513.92 513.92 0 
2007 513.92 513.92 0 
2008 513.92 513.92 0 
2009 513.92 513.92 0 
2010 513.92 513.92 0 
2011 513.92 513.92 0 
2012 513.92 513.92 0 
2013 513.92 513.92 0 
2014 513.92 513.92 0 
2015 513.92 513.92 0 
2016 513.92 513.92 0 
2017 513.92 513.92 0 
2018 513.92 513.92 0 
2019 513.92 513.92 0 
2020 513.92 513.92 0 
2021 513.92 513.92 0 
2022 513.92 513.92 0 
2023 513.92 513.92 0 
2024 513.92 513.92 0 
2025 513.92 513.92 0 
2026 513.92 513.92 0 
2027 513.92 513.92 0 
2028 513.92 513.92 0 
2029 513.92 513.92 0 
2030 513.92 513.92 0 
2031 513.92 513.92 0 
2032 513.92 513.92 0 
2033 513.92 513.92 0 
2034 513.92 513.92 0 
2035 513.92 513.92 0 
2036 513.92 513.92 0 
2037 513.92 513.92 0 
2038 513.92 513.92 0 
2039 513.92 513.92 0 
2040 513.92 513.92 0 
2041 513.92 513.92 0 
2042 513.92 513.92 0 
2043 513.92 513.92 0 
2044 513.92 513.92 0 
2045 525 1009.95 0 
2046 556.05 -1.90735e-07 0 
2047 513.92 513.92 0 
2048 513.92 513.92 0 
2049 513.92 513.92 0 
2050 513.92 513.92 0 
2051 513.92 513.92 0 
2052 513.92 513.92 0 
2053 513.92 513.92 0 
2054 513.92 513.92 0 
2055 513.92 513.92 0 
2056 513.92 513.92 0 
2057 513.92 513.92 0 
2058 513.92 513.92 0 
2059 513.92 513.92 0 
2060 513.92 513.92 0 
2061 513.92 513.92 0 
2062 513.92 513.92 0 
2063 513.92 513.92 0 
2064 513.92 513.92 0 
2065 513.92 513.92 0 
2066 513.92 513.92 0 
2067 513.92 513.92 0 
2068 513.92 513.92 0 
2069 513.92 513.92 0 
2070 513.92 513.92 0 
2071 513.92 513.92 0 
2072 513.92 513.92 0 
2073 513.92 513.92 0 
2074 513.92 513.92 0 
2075 513.92 513.92 0 
2076 513.92 513.92 0 
2077 513.92 513.92 0 
2078 513.92 513.92 0 
2079 513.92 513.92 0 
2080 513.92 513.92 0 
2081 513.92 513.92 0 
2082 513.92 513.92 0 
2083 513.92 513.92 0 
2084 513.92 513.92 0 
2085 513.92 513.92 0 
2086 513.92 513.92 0 
2087 513.92 513.92 0 
2088 513.92 513.92 0 
2089 513.92 513.92 0 
2090 513.92 513.92 0 
2091 513.92 513.92 0 
2092 513.92 513.92 0 
2093 513.92 513.92 0 
2094 513.92 513.92 0 
2095 513.92 513.92 0 
2096 513.92 513.92 0 
2097 513.92 513.92 0 
2098 513.92 513.92 0 
2099 513.92 513.92 0 
2100 513.92 513.92 0 
2101 513.92 513.92 0 
2102 513.92 513.92 0 
2103 513.92 513.92 0 
2104 513.92 513.92 0 
2105 513.92 513.92 0 
2106 513.92 513.92 0 
2107 525 998.191 0 
2108 572.9 -1.90735e-07 0 
2109 513.92 513.92 0 
2110 513.92 513.92 0 
2111 513.92 513.92 0 
2112 513.92 513.92 0 
2113 513.92 513.92 0 
2114 513.92 513.92 0 
2115 513.92 513.92 0 
2116 513.92 513.92 0 
2117 513.92 513.92 0 
2118 513.92 513.92 0 
2119 513.92 513.92 0 
2120 513.92 513.92 0 
2121 513.92 513.92 0 
2122 513.92 513.92 0 
2123 513.92 513.92 0 
2124 513.92 513.92 0 
2125 513.92 513.92 0 
2126 513.92 513.92 0 
2127 513.92 513.92 0 
2128 513.92 513.92 0 
2129 513.92 513.92 0 
2130 513.92 513.92 0 
2131 513.92 513.92 0 
2132 513.92 513.92 0 
2133 513.92 513.92 0 
2134 513.92 513.92 0 
2135 513.92 513.92 0 
2136 513.92 513.92 0 
2137 513.92 513.92 0 
2138 513.92 513.92 0 
2139 513.92 513.92 0 
2140 513.92 513.92 0 
2141 513.92 513.92 0 
2142 513.92 513.92 0 
2143 513.92 513.92 0 
2144 513.92 513.92 0 
2145 513.92 513.92 0 
2146 513.92 513.92 0 
2147 513.92 513.92 0 
2148 513.92 513.92 0 
2149 513.92 513.92 0 
2150 513.92 513.92 0 
2151 513.92 513.92 0 
2152 513.92 513.92 0 
2153 513.92 513.92 0 
2154 513.92 513.92 0 
2155 513.92 513.92 0 
2156 513.92 513.92 0 
2157 513.92 513.92 0 
2158 513.92 513.92 0 
2159 513.92 513.92 0 
2160 513.92 513.92 0 
2161 513.92 513.92 0 
2162 513.92 513.92 0 
2163 513.92 513.92 0 
2164 513.92 513.92 0 
2165 513.92 513.92 0 
2166 513.92 513.92 0 
2167 513.92 513.92 0 
2168 513.92 513.92 0 
2169 525 980.057 0 
2170 589.75 -1.90735e-07 0 
2171 513.92 513.92 0 
2172 513.92 513.92 0 
2173 513.92 513.92 0 
2174 513.92 513.92 0 
2175 513.92 513.92 0 
2176 513.92 513.92 0 
2177 513.92 513.92 0 
2178 513.92 513.92 0 
2179 513.92 513.92 0 
2180 513.92 513.92 0 
2181 513.92 513.92 0 
2182 513.92 513.92 0 
2183 513.92 513.92 0 
2184 513.92 513.92 0 
2185 513.92 513.92 0 
2186 513.92 513.92 0 
2187 513.92 513.92 0 
2188 513.92 513.92 0 
2189 513.92 513.92 0 
2190 513.92 513.92 0 
2191 513.92 513.92 0 
2192 513.92 513.92 0 
2193 513.92 513.92 0 
2194 513.92 513.92 0 
2195 513.92 513.92 0 
2196 513.92 513.92 0 
2197 513.92 513.92 0 
2198 513.92 513.92 0 
2199 513.92 513.92 0 
2200 513.92 513.92 0 
2201 513.92 513.92 0 
2202 513.92 513.92 0 
2203 513.92 513.92 0 
2204 513.92 513.92 0 
2205 513.92 513.92 0 
2206 513.92 513.92 0 
2207 513.92 513.92 0 
2208 513.92 513.92 0 
2209 513.92 513.92 0 
2210 513.92 513.92 0 
2211 513.92 513.92 0 
2212 513.92 513.92 0 
2213 513.92 513.92 0 
2214 513.92 513.92 0 
2215 513.92 513.92 0 
2216 513.92 513.92 0 
2217 513.92 513.92 0 
2218 513.92 513.92 0 
2219 513.92 513.92 0 
2220 513.92 513.92 0 
2221 513.92 513.92 0 
2222 513.92 513.92 0 
2223 513.92 513.92 0 
2224 513.92 513.92 0 
2225 513.92 513.92 0 
2226 513.92 513.92 0 
2227 513.92 513.92 0 
2228 513.92 513.92 0 
2229 513.92 513.92 0 
2230 513.92 513.92 0 
2231 525 961.905 0 
2232 606.6 -1.90735e-07 0 
2233 513.92 513.92 0 
2234 513.92 513.92 0 
2235 513.92 513.92 0 
2236 513.92 513.92 0 
2237 513.92 513.92 0 
2238 513.92 513.92 0 
2239 513.92 513.92 0 
2240 513.92 513.92 0 
2241 513.92 513.92 0 
2242 513.92 513.92 0 
2243 513.92 513.92 0 
2244 513.92 513.92 0 
2245 513.92 513.92 0 
2246 513.92 513.92 0 
2247 513.92 513.92 0 
2248 513.92 513.92 0 
2249 513.92 513.92 0 
2250 513.92 513.92 0 
2251 513.92 513.92 0 
2252 513.92 513.92 0 
2253 513.92 513.92 0 
2254 513.92 513.92 0 
2255 513.92 513.92 0 
2256 513.92 513.92 0 
2257 513.92 513.92 0 
2258 513.92 513.92 0 
2259 513.92 513.92 0 
2260 513.92 513.92 0 
2261 513.92 513.92 0 
2262 513.92 513.92 0 
2263 513.92 513.92 0 
2264 513.92 513.92 0 
2265 513.92 513.92 0 
2266 513.92 513.92 0 
2267 513.92 513.92 0 
2268 513.92 513.92 0 
2269 513.92 513.92 0 
2270 513.92 513.92 0 
2271 513.92 513.92 0 
2272 513.92 513.92 0 
2273 513.92 513.92 0 
2274 513.92 513.92 0 
2275 513.92 513.92 0 
2276 513.92 513.92 0 
2277 513.92 513.92 0 
2278 513.92 513.92 0 
2279 513.92 513.92 0 
2280 513.92 513.92 0 
2281 513.92 513.92 0 
2282 513.92 513.92 0 
2283 513.92 513.92 0 
2284 513.92 513.92 0 
2285 513.92 513.92 0 
2286 513.92 513.92 0 
2287 513.92 513.92 0 
2288 513.92 513.92 0 
2289 513.92 513.92 0 
2290 513.92 513.92 0 
2291 513.92 513.92 0 
2292 513.92 513.92 0 
2293 525 944.819 0 
2294 623.45 -1.90735e-07 0 
2295 513.92 513.92 0 
2296 513.92 513.92 0 
2297 513.92 513.92 0 
2298 513.92 513.92 0 
2299 513.92 513.92 0 
2300 513.92 513.92 0 
2301 513.92 513.92 0 
2302 513.92 513.92 0 
2303 513.92 513.92 0 
2304 513.92 513.92 0 
2305 513.92 513.92 0 
2306 513.92 513.92 0 
2307 513.92 513.92 0 
2308 513.92 513.92 0 
2309 513.92 513.92 0 
2310 513.92 513.92 0 
2311 513.92 513.92 0 
2312 513.92 513.92 0 
2313 513.92 513.92 0 
2314 513.92 513.92 0 
2315 513.92 513.92 0 
2316 513.92 513.92 0 
2317 513.92 513.92 0 
2318 513.92 513.92 0 
2319 513.92 513.92 0 
2320 513.92 513.92 0 
2321 513.92 513.92 0 
2322 513.92 513.92 0 
2323 513.92 513.92 0 
2324 513.92 513.92 0 
2325 513.92 513.92 0 
2326 513.92 513.92 0 
2327 513.92 513.92 0 
2328 513.92 513.92 0 
2329 513.92 513.92 0 
2330 513.92 513.92 0 
2331 513.92 513.92 0 
2332 513.92 513.92 0 
2333 513.92 513.92 0 
2334 513.92 513.92 0 
2335 513.92 513.92 0 
2336 513.92 513.92 0 
2337 513.92 513.92 0 
2338 513.92 513.92 0 
2339 513.92 513.92 0 
2340 513.92 513.92 0 
2341 513.92 513.92 0 
2342 513.92 513.92 0 
2343 513.92 513.92 0 
2344 513.92 513.92 0 
2345 513.92 513.92 0 
2346 513.92 513.92 0 
2347 513.92 513.92 0 
2348 513.92 513.92 0 
2349 513.92 513.92 0 
2350 513.92 513.92 0 
2351 513.92 513.92 0 
2352 513.92 513.92 0 
2353 513.92 513.92 0 
2354 513.92 513.92 0 
2355 525 927.715 0 
2356 640.3 -1.90735e-07 0 
2357 513.92 513.92 0 
2358 513.92 513.92 0 
2359 513.92 513.92 0 
2360 513.92 513.92 0 
2361 513.92 513.92 0 
2362 513.92 513.92 0 
2363 513.92 513.92 0 
2364 513.92 513.92 0 
2365 513.92 513.92 0 
2366 513.92 513.92 0 
2367 513.92 513.92 0 
2368 513.92 513.92 0 
2369 513.92 513.92 0 
2370 513.92 513.92 0 
2371 513.92 513.92 0 
2372 513.92 513.92 0 
2373 513.92 513.92 0 
2374 513.92 513.92 0 
2375 513.92 513.92 0 
2376 513.92 513.92 0 
2377 513.92 513.92 0 
2378 513.92 513.92 0 
2379 513.92 513.92 0 
2380 513.92 513.92 0 
2381 513.92 513.92 0 
2382 513.92 513.92 0 
2383 513.92 513.92 0 
2384 513.92 513.92 0 
2385 513.92 513.92 0 
2386 513.92 513.92 0 
2387 513.92 513.92 0 
2388 513.92 513.92 0 
2389 513.92 513.92 0 
2390 513.92 513.92 0 
2391 513.92 513.92 0 
2392 513.92 513.92 0 
2393 513.92 513.92 0 
2394 513.92 513.92 0 
2395 513.92 513.92 0 
2396 513.92 513.92 0 
2397 513.92 513.92 0 
2398 513.92 513.92 0 
2399 513.92 513.92 0 
2400 513.92 513.92 0 
2401 513.92 513.92 0 
2402 513.92 513.92 0 
2403 513.92 513.92 0 
2404 513.92 513.92 0 
2405 513.92 513.92 0 
2406 513.92 513.92 0 
2407 513.92 513.92 0 
2408 513.92 513.92 0 
2409 513.92 513.92 0 
2410 513.92 513.92 0 
2411 513.92 513.92 0 
2412 513.92 513.92 0 
2413 513.92 513.92 0 
2414 513.92 513.92 0 
2415 513.92 513.92 0 
2416 513.92 513.92 0 
2417 525 911.657 0 
2418 657.15 -1.90735e-07 0 
2419 513.92 513.92 0 
2420 513.92 513.92 0 
2421 513.92 513.92 0 
2422 513.92 513.92 0 
2423 513.92 513.92 0 
2424 513.92 513.92 0 
2425 513.92 513.92 0 
2426 513.92 513.92 0 
2427 513.92 513.92 0 
2428 513.92 513.92 0 
2429 513.92 513.92 0 
2430 513.92 513.92 0 
2431 513.92 513.92 0 
2432 513.92 513.92 0 
2433 513.92 513.92 0 
2434 513.92 513.92 0 
2435 513.92 513.92 0 
2436 513.92 513.92 0 
2437 513.92 513.92 0 
2438 513.92 513.92 0 
2439 513.92 513.92 0 
2440 513.92 513.92 0 
2441 513.92 513.92 0 
2442 513.92 513.92 0 
2443 513.92 513.92 0 
2444 513.92 513.92 0 
2445 513.92 513.92 0 
2446 513.92 513.92 0 
2447 513.92 513.92 0 
2448 513.92 513.92 0 
2449 513.92 513.92 0 
2450 513.92 513.92 0 
2451 513.92 513.92 0 
2452 513.92 513.92 0 
2453 513.92 513.92 0 
2454 513.92 513.92 0 
2455 513.92 513.92 0 
2456 513.92 513.92 0 
2457 513.92 513.92 0 
2458 513.92 513.92 0 
2459 513.92 513.92 0 
2460 513.92 513.92 0 
2461 513.92 513.92 0 
2462 513.92 513.92 0 
2463 513.92 513.92 0 
2464 513.92 513.92 0 
2465 513.92 513.92 0 
2466 513.92 513.92 0 
2467 513.92 513.92 0 
2468 513.92 513.92 0 
2469 513.92 513.92 0 
2470 513.92 513.92 0 
2471 513.92 513.92 0 
2472 513.92 513.92 0 
2473 513.92 513.92 0 
2474 513.92 513.92 0 
2475 513.92 513.92 0 
2476 513.92 513.92 0 
2477 513.92 513.92 0 
2478 513.92 513.92 0 
2479 525 893.477 0 
2480 674 -1.90735e-07 0 
2481 513.92 513.92 0 
2482 513.92 513.92 0 
2483 513.92 513.92 0 
2484 513.92 513.92 0 
2485 513.92 513.92 0 
2486 513.92 513.92 0 
2487 513.92 513.92 0 
2488 513.92 513.92 0 
2489 513.92 513.92 0 
2490 513.92 513.92 0 
2491 513.92 513.92 0 
2492 513.92 513.92 0 
2493 513.92 513.92 0 
2494 513.92 513.92 0 
2495 513.92 513.92 0 
2496 513.92 513.92 0 
2497 513.92 513.92 0 
2498 513.92 513.92 0 
2499 513.92 513.92 0 
2500 513.92 513.92 0 
2501 513.92 513.92 0 
2502 513.92 513.92 0 
2503 513.92 513.92 0 
2504 513.92 513.92 0 
2505 513.92 513.92 0 
2506 513.92 513.92 0 
2507 513.92 513.92 0 
2508 513.92 513.92 0 
2509 513.92 513.92 0 
2510 513.92 513.92 0 
2511 513.92 513.92 0 
2512 513.92 513.92 0 
2513 513.92 513.92 0 
2514 513.92 513.92 0 
2515 513.92 513.92 0 
2516 513.92 513.92 0 
2517 513.92 513.92 0 
2518 513.92 513.92 0 
2519 513.92 513.92 0 
2520 513.92 513.92 0 
2521 513.92 513.92 0 
2522 513.92 513.92 0 
2523 513.92 513.92 0 
2524 513.92 513.92 0 
2525 513.92 513.92 0 
2526 513.92 513.92 0 
2527 513.92 513.92 0 
2528 513.92 513.92 0 
2529 513.92 513.92 0 
2530 513.92 513.92 0 
2531 513.92 513.92 0 
2532 513.92 513.92 0 
2533 513.92 513.92 0 
2534 513.92 513.92 0 
2535 513.92 513.92 0 
2536 513.92 513.92 0 
2537 513.92 513.92 0 
2538 513.92 513.92 0 
2539 513.92 513.92 0 
2540 513.92 513.92 0 
2541 525 877.417 0 
2542 690.85 -1.90735e-07 0 
2543 513.92 513.92 0 
2544 513.92 513.92 0 
2545 513.92 513.92 0 
2546 513.92 513.92 0 
2547 513.92 513.92 0 
2548 513.92 513.92 0 
2549 513.92 513.92 0 
2550 513.92 513.92 0 
2551 513.92 513.92 0 
2552 513.92 513.92 0 
2553 513.92 513.92 0 
2554 513.92 513.92 0 
2555 513.92 513.92 0 
2556 513.92 513.92 0 
2557 513.92 513.92 0 
2558 513.92 513.92 0 
2559 513.92 513.92 0 
2560 513.92 513.92 0 
2561 513.92 513.92 0 
2562 513.92 513.92 0 
2563 513.92 513.92 0 
2564 513.92 513.92 0 
2565 513.92 513.92 0 
2566 513.92 513.92 0 
2567 513.92 513.92 0 
2568 513.92 513.92 0 
2569 513.92 513.92 0 
2570 513.92 513.92 0 
2571 513.92 513.92 0 
2572 513.92 513.92 0 
2573 513.92 513.92 0 
2574 513.92 513.92 0 
2575 513.92 513.92 0 
2576 513.92 513.92 0 
2577 513.92 513.92 0 
2578 513.92 513.92 0 
2579 513.92 513.92 0 
2580 513.92 513.92 0 
2581 513.92 513.92 0 
2582 513.92 513.92 0 
2583 513.92 513.92 0 
2584 513.92 513.92 0 
2585 513.92 513.92 0 
2586 513.92 513.92 0 
2587 513.92 513.92 0 
2588 513.92 513.92 0 
2589 513.92 513.92 0 
2590 513.92 513.92 0 
2591 513.92 513.92 0 
2592 513.92 513.92 0 
2593 513.92 513.92 0 
2594 513.92 513.92 0 
2595 513.92 513.92 0 
2596 513.92 513.92 0 
2597 513.92 513.92 0 
2598 513.92 513.92 0 
2599 513.92 513.92 0 
2600 513.92 513.92 0 
2601 513.92 513.92 0 
2602 513.92 513.92 0 
2603 525 857.062 0 
2604 707.7 -1.90735e-07 0 
2605 513.92 513.92 0 
2606 513.92 513.92 0 
2607 513.92 513.92 0 
2608 513.92 513.92 0 
2609 513.92 513.92 0 
2610 513.92 513.92 0 
2611 513.92 513.92 0 
2612 513.92 513.92 0 
2613 513.92 513.92 0 
2614 513.92 513.92 0 
2615 513.92 513.92 0 
2616 513.92 513.92 0 
2617 513.92 513.92 0 
2618 513.92 513.92 0 
2619 513.92 513.92 0 
2620 513.92 513.92 0 
2621 513.92 513.92 0 
2622 513.92 513.92 0 
2623 513.92 513.92 0 
2624 513.92 513.92 0 
2625 513.92 513.92 0 
2626 513.92 513.92 0 
2627 513.92 513.92 0 
2628 513.92 513.92 0 
2629 513.92 513.92 0 
2630 513.92 513.92 0 
2631 513.92 513.92 0 
2632 513.92 513.92 0 
2633 513.92 513.92 0 
2634 513.92 513.92 0 
2635 513.92 513.92 0 
2636 513.92 513.92 0 
2637 513.92 513.92 0 
2638 513.92 513.92 0 
2639 513.92 513.92 0 
2640 513.92 513.92 0 
2641 513.92 513.92 0 
2642 513.92 513.92 0 
2643 513.92 513.92 0 
2644 513.92 513.92 0 
2645 513.92 513.92 0 
2646 513.92 513.92 0 
2647 513.92 513.92 0 
2648 513.92 513.92 0 
2649 513.92 513.92 0 
2650 513.92 513.92 0 
2651 513.92 513.92 0 
2652 513.92 513.92 0 
2653 513.92 513.92 0 
2654 513.92 513.92 0 
2655 513.92 513.92 0 
2656 513.92 513.92 0 
2657 513.92 513.92 0 
2658 513.92 513.92 0 
2659 513.92 513.92 0 
2660 513.92 513.92 0 
2661 513.92 513.92 0 
2662 513.92 513.92 0 
2663 513.92 513.92 0 
2664 513.92 513.92 0 
2665 525 842.074 0 
2666 724.55 -1.90735e-07 0 
2667 513.92 513.92 0 
2668 513.92 513.92 0 
2669 513.92 513.92 0 
2670 513.92 513.92 0 
2671 513.92 513.92 0 
2672 513.92 513.92 0 
2673 513.92 513.92 0 
2674 513.92 513.92 0 
2675 513.92 513.92 0 
2676 513.92 513.92 0 
2677 513.92 513.92 0 
2678 513.92 513.92 0 
2679 513.92 513.92 0 
2680 513.92 513.92 0 
2681 513.92 513.92 0 
2682 513.92 513.92 0 
2683 513.92 513.92 0 
2684 513.92 513.92 0 
2685 513.92 513.92 0 
2686 513.92 513.92 0 
2687 513.92 513.92 0 
2688 513.92 513.92 0 
2689 513.92 513.92 0 
2690 513.92 513.92 0 
2691 513.92 513.92 0 
2692 513.92 513.92 0 
2693 513.92 513.92 0 
2694 513.92 513.92 0 
2695 513.92 513.92 0 
2696 513.92 513.92 0 
2697 513.92 513.92 0 
2698 513.92 513.92 0 
2699 513.92 513.92 0 
2700 513.92 513.92 0 
2701 513.92 513.92 0 
2702 513.92 513.92 0 
2703 513.92 513.92 0 
2704 513.92 513.92 0 
2705 513.92 513.92 0 
2706 513.92 513.92 0 
2707 513.92 513.92 0 
2708 513.92 513.92 0 
2709 513.92 513.92 0 
2710 513.92 513.92 0 
2711 513.92 513.92 0 
2712 513.92 513.92 0 
2713 513.92 513.92 0 
2714 513.92 513.92 0 
2715 513.92 513.92 0 
2716 513.92 513.92 0 
2717 513.92 513.92 0 
2718 513.92 513.92 0 
2719 513.92 513.92 0 
2720 513.92 513.92 0 
2721 513.92 513.92 0 
2722 513.92 513.92 0 
2723 513.92 513.92 0 
2724 513.92 513.92 0 
2725 513.92 513.92 0 
2726 513.92 513.92 0 
2727 525 828.155 0 
2728 741.4 -1.90735e-07 0 
2729 513.92 513.92 0 
2730 513.92 513.92 0 
2731 513.92 513.92 0 
2732 513.92 513.92 0 
2733 513.92 513.92 0 
2734 513.92 513.92 0 
2735 513.92 513.92 0 
2736 513.92 513.92 0 
2737 513.92 513.92 0 
2738 513.92 513.92 0 
2739 513.92 513.92 0 
2740 513.92 513.92 0 
2741 513.92 513.92 0 
2742 513.92 513.92 0 
2743 513.92 513.92 0 
2744 513.92 513.92 0 
2745 513.92 513.92 0 
2746 513.92 513.92 0 
2747 513.92 513.92 0 
2748 513.92 513.92 0 
2749 513.92 513.92 0 
2750 513.92 513.92 0 
2751 513.92 513.92 0 
2752 513.92 513.92 0 
2753 513.92 513.92 0 
2754 513.92 513.92 0 
2755 513.92 513.92 0 
2756 513.92 513.92 0 
2757 513.92 513.92 0 
2758 513.92 513.92 0 
2759 513.92 513.92 0 
2760 513.92 513.92 0 
2761 513.92 513.92 0 
2762 513.92 513.92 0 
2763 513.92 513.92 0 
2764 513.92 513.92 0 
2765 513.92 513.92 0 
2766 513.92 513.92 0 
2767 513.92 513.92 0 
2768 513.92 513.92 0 
2769 513.92 513.92 0 
2770 513.92 513.92 0 
2771 513.92 513.92 0 
2772 513.92 513.92 0 
2773 513.92 513.92 0 
2774 513.92 513.92 0 
2775 513.92 513.92 0 
2776 513.92 513.92 0 
2777 513.92 513.92 0 
2778 513.92 513.92 0 
2779 513.92 513.92 0 
2780 513.92 513.92 0 
2781 513.92 513.92 0 
2782 513.92 513.92 0 
2783 513.92 513.92 0 
2784 513.92 513.92 0 
2785 513.92 513.92 0 
2786 513.92 513.92 0 
2787 513.92 513.92 0 
2788 513.92 513.92 0 
2789 525 811.015 0 
2790 758.25 -1.90735e-07 0 
2791 513.92 513.92 0 
2792 513.92 513.92 0 
2793 513.92 513.92 0 
2794 513.92 513.92 0 
2795 513.92 513.92 0 
2796 513.92 513.92 0 
2797 513.92 513.92 0 
2798 513.92 513.92 0 
2799 513.92 513.92 0 
2800 513.92 513.92 0 
2801 513.92 513.92 0 
2802 513.92 513.92 0 
2803 513.92 513.92 0 
2804 513.92 513.92 0 
2805 513.92 513.92 0 
2806 513.92 513.92 0 
2807 513.92 513.92 0 
2808 513.92 513.92 0 
2809 513.92 513.92 0 
2810 513.92 513.92 0 
2811 513.92 513.92 0 
2812 513.92 513.92 0 
2813 513.92 513.92 0 
2814 513.92 513.92 0 
2815 513.92 513.92 0 
2816 513.92 513.92 0 
2817 513.92 513.92 0 
2818 513.92 513.92 0 
2819 513.92 513.92 0 
2820 513.92 513.92 0 
2821 513.92 513.92 0 
2822 513.92 513.92 0 
2823 513.92 513.92 0 
2824 513.92 513.92 0 
2825 513.92 513.92 0 
2826 513.92 513.92 0 
2827 513.92 513.92 0 
2828 513.92 513.92 0 
2829 513.92 513.92 0 
2830 513.92 513.92 0 
2831 513.92 513.92 0 
2832 513.92 513.92 0 
2833 513.92 513.92 0 
2834 513.92 513.92 0 
2835 513.92 513.92 0 
2836 513.92 513.92 0 
2837 513.92 513.92 0 
2838 513.92 513.92 0 
2839 513.92 513.92 0 
2840 513.92 513.92 0 
2841 513.92 513.92 0 
2842 513.92 513.92 0 
2843 513.92 513.92 0 
2844 513.92 513.92 0 
2845 513.92 513.92 0 
2846 513.92 513.92 0 
2847 513.92 513.92 0 
2848 513.92 513.92 0 
2849 513.92 513.92 0 
2850 513.92 513.92 0 
2851 525 793.869 0 
2852 775.1 -1.90735e-07 0 
2853 513.92 513.92 0 
2854 513.92 513.92 0 
2855 513.92 513.92 0 
2856 513.92 513.92 0 
2857 513.92 513.92 0 
2858 513.92 513.92 0 
2859 513.92 513.92 0 
2860 513.92 513.92 0 
2861 513.92 513.92 0 
2862 513.92 513.92 0 
2863 513.92 513.92 0 
2864 513.92 513.92 0 
2865 513.92 513.92 0 
2866 513.92 513.92 0 
2867 513.92 513.92 0 
2868 513.92 513.92 0 
2869 513.92 513.92 0 
2870 513.92 513.92 0 
2871 513.92 513.92 0 
2872 513.92 513.92 0 
2873 513.92 513.92 0 
2874 513.92 513.92 0 
2875 513.92 513.92 0 
2876 513.92 513.92 0 
2877 513.92 513.92 0 
2878 513.92 513.92 0 
2879 513.92 513.92 0 
2880 513.92 513.92 0 
2881 513.92 513.92 0 
2882 513.92 513.92 0 
2883 513.92 513.92 0 
2884 513.92 513.92 0 
2885 513.92 513.92 0 
2886 513.92 513.92 0 
2887 513.92 513.92 0 
2888 513.92 513.92 0 
2889 513.92 513.92 0 
2890 513.92 513.92 0 
2891 513.92 513.92 0 
2892 513.92 513.92 0 
2893 513.92 513.92 0 
2894 513.92 513.92 0 
2895 513.92 513.92 0 
2896 513.92 513.92 0 
2897 513.92 513.92 0 
2898 513.92 513.92 0 
2899 513.92 513.92 0 
2900 513.92 513.92 0 
2901 513.92 513.92 0 
2902 513.92 513.92 0 
2903 513.92 513.92 0 
2904 513.92 513.92 0 
2905 513.92 513.92 0 
2906 513.92 513.92 0 
2907 513.92 513.92 0 
2908 513.92 513.92 0 
2909 513.92 513.92 0 
2910 513.92 513.92 0 
2911 513.92 513.92 0 
2912 513.92 513.92 0 
2913 525 778.834 0 
2914 791.95 -1.90735e-07 0 
2915 513.92 513.92 0 
2916 513.92 513.92 0 
2917 513.92 513.92 0 
2918 513.92 513.92 0 
2919 513.92 513.92 0 
2920 513.92 513.92 0 
2921 513.92 513.92 0 
2922 513.92 513.92 0 
2923 513.92 513.92 0 
2924 513.92 513.92 0 
2925 513.92 513.92 0 
2926 513.92 513.92 0 
2927 513.92 513.92 0 
2928 513.92 513.92 0 
2929 513.92 513.92 0 
2930 513.92 513.92 0 
2931 513.92 513.92 0 
2932 513.92 513.92 0 
2933 513.92 513.92 0 
2934 513.92 513.92 0 
2935 513.92 513.92 0 
2936 513.92 513.92 0 
2937 513.92 513.92 0 
2938 513.92 513.92 0 
2939 513.92 513.92 0 
2940 513.92 513.92 0 
2941 513.92 513.92 0 
2942 513.92 513.92 0 
2943 513.92 513.92 0 
2944 513.92 513.92 0 
2945 513.92 513.92 0 
2946 513.92 513.92 0 
2947 513.92 513.92 0 
2948 513.92 513.92 0 
2949 513.92 513.92 0 
2950 513.92 513.92 0 
2951 513.92 513.92 0 
2952 513.92 513.92 0 
2953 513.92 513.92 0 
2954 513.92 513.92 0 
2955 513.92 513.92 0 
2956 513.92 513.92 0 
2957 513.92 513.92 0 
2958 513.92 513.92 0 
2959 513.92 513.92 0 
2960 513.92 513.92 0 
2961 513.92 513.92 0 
2962 513.92 513.92 0 
2963 513.92 513.92 0 
2964 513.92 513.92 0 
2965 513.92 513.92 0 
2966 513.92 513.92 0 
2967 513.92 513.92 0 
2968 513.92 513.92 0 
2969 513.92 513.92 0 
2970 513.92 513.92 0 
2971 513.92 513.92 0 
2972 513.92 513.92 0 
2973 513.92 513.92 0 
2974 513.92 513.92 0 
2975 525 762.728 0 
2976 808.8 -1.90735e-07 0 
2977 513.92 513.92 0 
2978 513.92 513.92 0 
2979 513.92 513.92 0 
2980 513.92 513.92 0 
2981 513.92 513.92 0 
2982 513.92 513.92 0 
2983 513.92 513.92 0 
2984 513.92 513.92 0 
2985 513.92 513.92 0 
2986 513.92 513.92 0 
2987 513.92 513.92 0 
2988 513.92 513.92 0 
2989 513.92 513.92 0 
2990 513.92 513.92 0 
2991 513.92 513.92 0 
2992 513.92 513.92 0 
2993 513.92 513.92 0 
2994 513.92 513.92 0 
2995 513.92 513.92 0 
2996 513.92 513.92 0 
2997 513.92 513.92 0 
2998 513.92 513.92 0 
2999 513.92 513.92 0 
3000 513.92 513.92 0 
3001 513.92 513.92 0 
3002 513.92 513.92 0 
3003 513.92 513.92 0 
3004 513.92 513.92 0 
3005 513.92 513.92 0 
3006 513.92 513.92 0 
3007 513.92 513.92 0 
3008 513.92 513.92 0 
3009 513.92 513.92 0 
3010 513.92 513.92 0 
3011 513.92 513.92 0 
3012 513.92 513.92 0 
3013 513.92 513.92 0 
3014 513.92 513.92 0 
3015 513.92 513.92 0 
3016 513.92 513.92 0 
3017 513.92 513.92 0 
3018 513.92 513.92 0 
3019 513.92 513.92 0 
3020 513.92 513.92 0 
3021 513.92 513.92 0 
3022 513.92 513.92 0 
3023 513.92 513.92 0 
3024 513.92 513.92 0 
3025 513.92 513.92 0 
3026 513.92 513.92 0 
3027 513.92 513.92 0 
3028 513.92 513.92 0 
3029 513.92 513.92 0 
3030 513.92 513.92 0 
3031 513.92 513.92 0 
3032 513.92 513.92 0 
3033 513.92 513.92 0 
3034 513.92 513.92 0 
3035 513.92 513.92 0 
3036 513.92 513.92 0 
3037 525 742.323 0 
3038 825.65 -1.90735e-07 0 
3039 513.92 513.92 0 
3040 513.92 513.92 0 
3041 513.92 513.92 0 
3042 513.92 513.92 0 
3043 513.92 513.92 0 
3044 513.92 513.92 0 
3045 513.92 513.92 0 
3046 513.92 513.92 0 
3047 513.92 513.92 0 
3048 513.92 513.92 0 
3049 513.92 513.92 0 
3050 513.92 513.92 0 
3051 513.92 513.92 0 
3052 513.92 513.92 0 
3053 513.92 513.92 0 
3054 513.92 513.92 0 
3055 513.92 513.92 0 
3056 513.92 513.92 0 
3057 513.92 513.92 0 
3058 513.92 513.92 0 
3059 513.92 513.92 0 
3060 513.92 513.92 0 
3061 513.92 513.92 0 
3062 513.92 513.92 0 
3063 513.92 513.92 0 
3064 513.92 513.92 0 
3065 513.92 513.92 0 
3066 513.92 513.92 0 
3067 513.92 513.92 0 
3068 513.92 513.92 0 
3069 513.92 513.92 0 
3070 513.92 513.92 0 
3071 513.92 513.92 0 
3072 513.92 513.92 0 
3073 513.92 513.92 0 
3074 513.92 513.92 0 
3075 513.92 513.92 0 
3076 513.92 513.92 0 
3077 513.92 513.92 0 
3078 513.92 513.92 0 
3079 513.92 513.92 0 
3080 513.92 513.92 0 
3081 513.92 513.92 0 
3082 513.92 513.92 0 
3083 513.92 513.92 0 
3084 513.92 513.92 0 
3085 513.92 513.92 0 
3086 513.92 513.92 0 
3087 513.92 513.92 0 
3088 513.92 513.92 0 
3089 513.92 513.92 0 
3090 513.92 513.92 0 
3091 513.92 513.92 0 
3092 513.92 513.92 0 
3093 513.92 513.92 0 
3094 513.92 513.92 0 
3095 513.92 513.92 0 
3096 513.92 513.92 0 
3097 513.92 513.92 0 
3098 513.92 513.92 0 
3099 525 727.291 0 
3100 842.5 -1.90735e-07 0 
3101 513.92 513.92 0 
3102 513.92 513.92 0 
3103 513.92 513.92 0 
3104 513.92 513.92 0 
3105 513.92 513.92 0 
3106 513.92 513.92 0 
3107 513.92 513.92 0 
3108 513.92 513.92 0 
3109 513.92 513.92 0 
3110 513.92 513.92 0 
3111 513.92 513.92 0 
3112 513.92 513.92 0 
3113 513.92 513.92 0 
3114 513.92 513.92 0 
3115 513.92 513.92 0 
3116 513.92 513.92 0 
3117 513.92 513.92 0 
3118 513.92 513.92 0 
3119 513.92 513.92 0 
3120 513.92 513.92 0 
3121 513.92 513.92 0 
3122 513.92 513.92 0 
3123 513.92 513.92 0 
3124 513.92 513.92 0 
3125 513.92 513.92 0 
3126 513.92 513.92 0 
3127 513.92 513.92 0 
3128 513.92 513.92 0 
3129 513.92 513.92 0 
3130 513.92 513.92 0 
3131 513.92 513.92 0 
3132 513.92 513.92 0 
3133 513.92 513.92 0 
3134 513.92 513.92 0 
3135 513.92 513.92 0 
3136 513.92 513.92 0 
3137 513.92 513.92 0 
3138 513.92 513.92 0 
3139 513.92 513.92 0 
3140 513.92 513.92 0 
3141 513.92 513.92 0 
3142 513.92 513.92 0 
3143 513.92 513.92 0 
3144 513.92 513.92 0 
3145 513.92 513.92 0 
3146 513.92 513.92 0 
3147 513.92 513.92 0 
3148 513.92 513.92 0 
3149 513.92 513.92 0 
3150 513.92 513.92 0 
3151 513.92 513.92 0 
3152 513.92 513.92 0 
3153 513.92 513.92 0 
3154 513.92 513.92 0 
3155 513.92 513.92 0 
3156 513.92 513.92 0 
3157 513.92 513.92 0 
3158 513.92 513.92 0 
3159 513.92 513.92 0 
3160 513.92 513.92 0 
3161 525 710.1 0 
3162 859.35 -1.90735e-07 0 
3163 513.92 513.92 0 
3164 513.92 513.92 0 
3165 513.92 513.92 0 
3166 513.92 513.92 0 
3167 513.92 513.92 0 
3168 513.92 513.92 0 
3169 513.92 513.92 0 
3170 513.92 513.92 0 
3171 513.92 513.92 0 
3172 513.92 513.92 0 
3173 513.92 513.92 0 
3174 513.92 513.92 0 
3175 513.92 513.92 0 
3176 513.92 513.92 0 
3177 513.92 513.92 0 
3178 513.92 513.92 0 
3179 513.92 513.92 0 
3180 513.92 513.92 0 
3181 513.92 513.92 0 
3182 513.92 513.92 0 
3183 513.92 513.92 0 
3184 513.92 513.92 0 
3185 513.92 513.92 0 
3186 513.92 513.92 0 
3187 513.92 513.92 0 
3188 513.92 513.92 0 
3189 513.92 513.92 0 
3190 513.92 513.92 0 
3191 513.92 513.92 0 
3192 513.92 513.92 0 
3193 513.92 513.92 0 
3194 513.92 513.92 0 
3195 513.92 513.92 0 
3196 513.92 513.92 0 
3197 513.92 513.92 0 
3198 513.92 513.92 0 
3199 513.92 513.92 0 
3200 513.92 513.92 0 
3201 513.92 513.92 0 
3202 513.92 513.92 0 
3203 513.92 513.92 0 
3204 513.92 513.92 0 
3205 513.92 513.92 0 
3206 513.92 513.92 0 
3207 513.92 513.92 0 
3208 513.92 513.92 0 
3209 513.92 513.92 0 
3210 513.92 513.92 0 
3211 513.92 513.92 0 
3212 513.92 513.92 0 
3213 513.92 513.92 0 
3214 513.92 513.92 0 
3215 513.92 513.92 0 
3216 513.92 513.92 0 
3217 513.92 513.92 0 
3218 513.92 513.92 0 
3219 513.92 513.92 0 
3220 513.92 513.92 0 
3221 513.92 513.92 0 
3222 513.92 513.92 0 
3223 525 693.979 0 
3224 876.2 -1.90735e-07 0 
3225 513.92 513.92 0 
3226 513.92 513.92 0 
3227 513.92 513.92 0 
3228 513.92 513.92 0 
3229 513.92 513.92 0 
3230 513.92 513.92 0 
3231 513.92 513.92 0 
3232 513.92 513.92 0 
3233 513.92 513.92 0 
3234 513.92 513.92 0 
3235 513.92 513.92 0 
3236 513.92 513.92 0 
3237 513.92 513.92 0 
3238 513.92 513.92 0 
3239 513.92 513.92 0 
3240 513.92 513.92 0 
3241 513.92 513.92 0 
3242 513.92 513.92 0 
3243 513.92 513.92 0 
3244 513.92 513.92 0 
3245 513.92 513.92 0 
3246 513.92 513.92 0 
3247 513.92 513.92 0 
3248 513.92 513.92 0 
3249 513.92 513.92 0 
3250 513.92 513.92 0 
3251 513.92 513.92 0 
3252 513.92 513.92 0 
3253 513.92 513.92 0 
3254 513.92 513.92 0 
3255 513.92 513.92 0 
3256 513.92 513.92 0 
3257 513.92 513.92 0 
3258 513.92 513.92 0 
3259 513.92 513.92 0 
3260 513.92 513.92 0 
3261 513.92 513.92 0 
3262 513.92 513.92 0 
3263 513.92 513.92 0 
3264 513.92 513.92 0 
3265 513.92 513.92 0 
3266 513.92 513.92 0 
3267 513.92 513.92 0 
3268 513.92 513.92 0 
3269 513.92 513.92 0 
3270 513.92 513.92 0 
3271 513.92 513.92 0 
3272 513.92 513.92 0 
3273 513.92 513.92 0 
3274 513.92 513.92 0 
3275 513.92 513.92 0 
3276 513.92 513.92 0 
3277 513.92 513.92 0 
3278 513.92 513.92 0 
3279 513.92 513.92 0 
3280 513.92 513.92 0 
3281 513.92 513.92 0 
3282 513.92 513.92 0 
3283 513.92 513.92 0 
3284 513.92 513.92 0 
3285 525 675.709 0 
3286 893.05 -1.90735e-07 0 
3287 513.92 513.92 0 
3288 513.92 513.92 0 
3289 513.92 513.92 0 
3290 513.92 513.92 0 
3291 513.92 513.92 0 
3292 513.92 513.92 0 
3293 513.92 513.92 0 
3294 513.92 513.92 0 
3295 513.92 513.92 0 
3296 513.92 513.92 0 
3297 513.92 513.92 0 
3298 513.92 513.92 0 
3299 513.92 513.92 0 
3300 513.92 513.92 0 
3301 513.92 513.92 0 
3302 513.92 513.92 0 
3303 513.92 513.92 0 
3304 513.92 513.92 0 
3305 513.92 513.92 0 
3306 513.92 513.92 0 
3307 513.92 513.92 0 
3308 513.92 513.92 0 
3309 513.92 513.92 0 
3310 513.92 513.92 0 
3311 513.92 513.92 0 
3312 513.92 513.92 0 
3313 513.92 513.92 0 
3314 513.92 513.92 0 
3315 513.92 513.92 0 
3316 513.92 513.92 0 
3317 513.92 513.92 0 
3318 513.92 513.92 0 
3319 513.92 513.92 0 
3320 513.92 513.92 0 
3321 513.92 513.92 0 
3322 513.92 513.92 0 
3323 513.92 513.92 0 
3324 513.92 513.92 0 
3325 513.92 513.92 0 
3326 513.92 513.92 0 
3327 513.92 513.92 0 
3328 513.92 513.92 0 
3329 513.92 513.92 0 
3330 513.92 513.92 0 
3331 513.92 513.92 0 
3332 513.92 513.92 0 
3333 513.92 513.92 0 
3334 513.92 513.92 0 
3335 513.92 513.92 0 
3336 513.92 513.92 0 
3337 513.92 513.92 0 
3338 513.92 513.92 0 
3339 513.92 513.92 0 
3340 513.92 513.92 0 
3341 513.92 513.92 0 
3342 513.92 513.92 0 
3343 513.92 513.92 0 
3344 513.92 513.92 0 
3345 513.92 513.92 0 
3346 513.92 513.92 0 
3347 525 660.641 0 
3348 909.9 -1.90735e-07 0 
3349 513.92 513.92 0 
3350 513.92 513.92 0 
3351 513.92 513.92 0 
3352 513.92 513.92 0 
3353 513.92 513.92 0 
3354 513.92 513.92 0 
3355 513.92 513.92 0 
3356 513.92 513.92 0 
3357 513.92 513.92 0 
3358 513.92 513.92 0 
3359 513.92 513.92 0 
3360 513.92 513.92 0 
3361 513.92 513.92 0 
3362 513.92 513.92 0 
3363 513.92 513.92 0 
3364 513.92 513.92 0 
3365 513.92 513.92 0 
3366 513.92 513.92 0 
3367 513.92 513.92 0 
3368 513.92 513.92 0 
3369 513.92 513.92 0 
3370 513.92 513.92 0 
3371 513.92 513.92 0 
3372 513.92 513.92 0 
3373 513.92 513.92 0 
3374 513.92 513.92 0 
3375 513.92 513.92 0 
3376 513.92 513.92 0 
3377 513.92 513.92 0 
3378 513.92 513.92 0 
3379 513.92 513.92 0 
3380 513.92 513.92 0 
3381 513.92 513.92 0 
3382 513.92 513.92 0 
3383 513.92 513.92 0 
3384 513.92 513.92 0 
3385 513.92 513.92 0 
3386 513.92 513.92 0 
3387 513.92 513.92 0 
3388 513.92 513.92 0 
3389 513.92 513.92 0 
3390 513.92 513.92 0 
3391 513.92 513.92 0 
3392 513.92 513.92 0 
3393 513.92 513.92 0 
3394 513.92 513.92 0 
3395 513.92 513.92 0 
3396 513.92 513.92 0 
3397 513.92 513.92 0 
3398 513.92 513.92 0 
3399 513.92 513.92 0 
3400 513.92 513.92 0 
3401 513.92 513.92 0 
3402 513.92 513.92 0 
3403 513.92 513.92 0 
3404 513.92 513.92 0 
3405 513.92 513.92 0 
3406 513.92 513.92 0 
3407 513.92 513.92 0 
3408 513.92 513.92 0 
3409 525 642.335 0 
3410 926.75 -1.90735e-07 0 
3411 513.92 513.92 0 
3412 513.92 513.92 0 
3413 513.92 513.92 0 
3414 513.92 513.92 0 
3415 513.92 513.92 0 
3416 513.92 513.92 0 
3417 513.92 513.92 0 
3418 513.92 513.92 0 
3419 513.92 513.92 0 
3420 513.92 513.92 0 
3421 513.92 513.92 0 
3422 513.92 513.92 0 
3423 513.92 513.92 0 
3424 513.92 513.92 0 
3425 513.92 513.92 0 
3426 513.92 513.92 0 
3427 513.92 513.92 0 
3428 513.92 513.92 0 
3429 513.92 513.92 0 
3430 513.92 513.92 0 
3431 513.92 513.92 0 
3432 513.92 513.92 0 
3433 513.92 513.92 0 
3434 513.92 513.92 0 
3435 513.92 513.92 0 
3436 513.92 513.92 0 
3437 513.92 513.92 0 
3438 513.92 513.92 0 
3439 513.92 513.92 0 
3440 513.92 513.92 0 
3441 513.92 513.92 0 
3442 513.92 513.92 0 
3443 513.92 513.92 0 
3444 513.92 513.92 0 
3445 513.92 513.92 0 
3446 513.92 513.92 0 
3447 513.92 513.92 0 
3448 513.92 513.92 0 
3449 513.92 513.92 0 
3450 513.92 513.92 0 
3451 513.92 513.92 0 
3452 513.92 513.92 0 
3453 513.92 513.92 0 
3454 513.92 513.92 0 
3455 513.92 513.92 0 
3456 513.92 513.92 0 
3457 513.92 513.92 0 
3458 513.92 513.92 0 
3459 513.92 513.92 0 
3460 513.92 513.92 0 
3461 513.92 513.92 0 
3462 513.92 513.92 0 
3463 513.92 513.92 0 
3464 513.92 513.92 0 
3465 513.92 513.92 0 
3466 513.92 513.92 0 
3467 513.92 513.92 0 
3468 513.92 513.92 0 
3469 513.92 513.92 0 
3470 513.92 513.92 0 
3471 525 624.043 0 
3472 943.6 -1.90735e-07 0 
3473 513.92 513.92 0 
3474 513.92 513.92 0 
3475 513.92 513.92 0 
3476 513.92 513.92 0 
3477 513.92 513.92 0 
3478 513.92 513.92 0 
3479 513.92 513.92 0 
3480 513.92 513.92 0 
3481 513.92 513.92 0 
3482 513.92 513.92 0 
3483 513.92 513.92 0 
3484 513.92 513.92 0 
3485 513.92 513.92 0 
3486 513.92 513.92 0 
3487 513.92 513.92 0 
3488 513.92 513.92 0 
3489 513.92 513.92 0 
3490 513.92 513.92 0 
3491 513.92 513.92 0 
3492 513.92 513.92 0 
3493 513.92 513.92 0 
3494 513.92 513.92 0 
3495 513.92 513.92 0 
3496 513.92 513.92 0 
3497 513.92 513.92 0 
3498 513.92 513.92 0 
3499 513.92 513.92 0 
3500 513.92 513.92 0 
3501 513.92 513.92 0 
3502 513.92 513.92 0 
3503 513.92 513.92 0 
3504 513.92 513.92 0 
3505 513.92 513.92 0 
3506 513.92 513.92 0 
3507 513.92 513.92 0 
3508 513.92 513.92 0 
3509 513.92 513.92 0 
3510 513.92 513.92 0 
3511 513.92 513.92 0 
3512 513.92 513.92 0 
3513 513.92 513.92 0 
3514 513.92 513.92 0 
3515 513.92 513.92 0 
3516 513.92 513.92 0 
3517 513.92 513.92 0 
3518 513.92 513.92 0 
3519 513.92 513.92 0 
3520 513.92 513.92 0 
3521 513.92 513.92 0 
3522 513.92 513.92 0 
3523 513.92 513.92 0 
3524 513.92 513.92 0 
3525 513.92 513.92 0 
3526 513.92 513.92 0 
3527 513.92 513.92 0 
3528 513.92 513.92 0 
3529 513.92 513.92 0 
3530 513.92 513.92 0 
3531 513.92 513.92 0 
3532 513.92 513.92 0 
3533 525 604.678 0 
3534 960.45 -1.90735e-07 0 
3535 513.92 513.92 0 
3536 513.92 513.92 0 
3537 513.92 513.92 0 
3538 513.92 513.92 0 
3539 513.92 513.92 0 
3540 513.92 513.92 0 
3541 513.92 513.92 0 
3542 513.92 513.92 0 
3543 513.92 513.92 0 
3544 513.92 513.92 0 
3545 513.92 513.92 0 
3546 513.92 513.92 0 
3547 513.92 513.92 0 
3548 513.92 513.92 0 
3549 513.92 513.92 0 
3550 513.92 513.92 0 
3551 513.92 513.92 0 
3552 513.92 513.92 0 
3553 513.92 513.92 0 
3554 513.92 513.92 0 
3555 513.92 513.92 0 
3556 513.92 513.92 0 
3557 513.92 513.92 0 
3558 513.92 513.92 0 
3559 513.92 513.92 0 
3560 513.92 513.92 0 
3561 513.92 513.92 0 
3562 513.92 513.92 0 
3563 513.92 513.92 0 
3564 513.92 513.92 0 
3565 513.92 513.92 0 
3566 513.92 513.92 0 
3567 513.92 513.92 0 
3568 513.92 513.92 0 
3569 513.92 513.92 0 
3570 513.92 513.92 0 
3571 513.92 513.92 0 
3572 513.92 513.92 0 
3573 513.92 513.92 0 
3574 513.92 513.92 0 
3575 513.92 513.92 0 
3576 513.92 513.92 0 
3577 513.92 513.92 0 
3578 513.92 513.92 0 
3579 513.92 513.92 0 
3580 513.92 513.92 0 
3581 513.92 513.92 0 
3582 513.92 513.92 0 
3583 513.92 513.92 0 
3584 513.92 513.92 0 
3585 513.92 513.92 0 
3586 513.92 513.92 0 
3587 513.92 513.92 0 
3588 513.92 513.92 0 
3589 513.92 513.92 0 
3590 513.92 513.92 0 
3591 513.92 513.92 0 
3592 513.92 513.92 0 
3593 513.92 513.92 0 
3594 513.92 513.92 0 
3595 525 590.64 0 
3596 977.3 -1.90735e-07 0 
3597 513.92 513.92 0 
3598 513.92 513.92 0 
3599 513.92 513.92 0 
3600 513.92 513.92 0 
3601 513.92 513.92 0 
3602 513.92 513.92 0 
3603 513.92 513.92 0 
3604 513.92 513.92 0 
3605 513.92 513.92 0 
3606 513.92 513.92 0 
3607 513.92 513.92 0 
3608 513.92 513.92 0 
3609 513.92 513.92 0 
3610 513.92 513.92 0 
3611 513.92 513.92 0 
3612 513.92 513.92 0 
3613 513.92 513.92 0 
3614 513.92 513.92 0 
3615 513.92 513.92 0 
3616 513.92 513.92 0 
3617 513.92 513.92 0 
3618 513.92 513.92 0 
3619 513.92 513.92 0 
3620 513.92 513.92 0 
3621 513.92 513.92 0 
3622 513.92 513.92 0 
3623 513.92 513.92 0 
3624 513.92 513.92 0 
3625 513.92 513.92 0 
3626 513.92 513.92 0 
3627 513.92 513.92 0 
3628 513.92 513.92 0 
3629 513.92 513.92 0 
3630 513.92 513.92 0 
3631 513.92 513.92 0 
3632 513.92 513.92 0 
3633 513.92 513.92 0 
3634 513.92 513.92 0 
3635 513.92 513.92 0 
3636 513.92 513.92 0 
3637 513.92 513.92 0 
3638 513.92 513.92 0 
3639 513.92 513.92 0 
3640 513.92 513.92 0 
3641 513.92 513.92 0 
3642 513.92 513.92 0 
3643 513.92 513.92 0 
3644 513.92 513.92 0 
3645 513.92 513.92 0 
3646 513.92 513.92 0 
3647 513.92 513.92 0 
3648 513.92 513.92 0 
3649 513.92 513.92 0 
3650 513.92 513.92 0 
3651 513.92 513.92 0 
3652 513.92 513.92 0 
3653 513.92 513.92 0 
3654 513.92 513.92 0 
3655 513.92 513.92 0 
3656 513.92 513.92 0 
3657 525 572.339 0 
3658 994.15 -1.90735e-07 0 
3659 513.92 513.92 0 
3660 513.92 513.92 0 
3661 513.92 513.92 0 
3662 513.92 513.92 0 
3663 513.92 513.92 0 
3664 513.92 513.92 0 
3665 513.92 513.92 0 
3666 513.92 513.92 0 
3667 513.92 513.92 0 
3668 513.92 513.92 0 
3669 513.92 513.92 0 
3670 513.92 513.92 0 
3671 513.92 513.92 0 
3672 513.92 513.92 0 
3673 513.92 513.92 0 
3674 513.92 513.92 0 
3675 513.92 513.92 0 
3676 513.92 513.92 0 
3677 513.92 513.92 0 
3678 513.92 513.92 0 
3679 513.92 513.92 0 
3680 513.92 513.92 0 
3681 513.92 513.92 0 
3682 513.92 513.92 0 
3683 513.92 513.92 0 
3684 513.92 513.92 0 
3685 513.92 513.92 0 
3686 513.92 513.92 0 
3687 513.92 513.92 0 
3688 513.92 513.92 0 
3689 513.92 513.92 0 
3690 513.92 513.92 0 
3691 513.92 513.92 0 
3692 513.92 513.92 0 
3693 513.92 513.92 0 
3694 513.92 513.92 0 
3695 513.92 513.92 0 
3696 513.92 513.92 0 
3697 513.92 513.92 0 
3698 513.92 513.92 0 
3699 513.92 513.92 0 
3700 513.92 513.92 0 
3701 513.92 513.92 0 
3702 513.92 513.92 0 
3703 513.92 513.92 0 
3704 513.92 513.92 0 
3705 513.92 513.92 0 
3706 513.92 513.92 0 
3707 513.92 513.92 0 
3708 513.92 513.92 0 
3709 513.92 513.92 0 
3710 513.92 513.92 0 
3711 513.92 513.92 0 
3712 513.92 513.92 0 
3713 513.92 513.92 0 
3714 513.92 513.92 0 
3715 513.92 513.92 0 
3716 513.92 513.92 0 
3717 513.92 513.92 0 
3718 513.92 513.92 0 
3719 525 558.311 0 
3720 1011.01 -1.90735e-07 0 
3721 513.92 513.92 0 
3722 513.92 513.92 0 
3723 513.92 513.92 0 
3724 513.92 513.92 0 
3725 513.92 513.92 0 
3726 513.92 513.92 0 
3727 513.92 513.92 0 
3728 513.92 513.92 0 
3729 513.92 513.92 0 
3730 513.92 513.92 0 
3731 513.92 513.92 0 
3732 513.92 513.92 0 
3733 513.92 513.92 0 
3734 513.92 513.92 0 
3735 513.92 513.92 0 
3736 513.92 513.92 0 
3737 513.92 513.92 0 
3738 513.92 513.92 0 
3739 513.92 513.92 0 
3740 513.92 513.92 0 
3741 513.92 513.92 0 
3742 513.92 513.92 0 
3743 513.92 513.92 0 
3744 513.92 513.92 0 
3745 513.92 513.92 0 
3746 513.92 513.92 0 
3747 513.92 513.92 0 
3748 513.92 513.92 0 
3749 513.92 513.92 0 
3750 513.92 513.92 0 
3751 513.92 513.92 0 
3752 513.92 513.92 0 
3753 513.92 513.92 0 
3754 513.92 513.92 0 
3755 513.92 513.92 0 
3756 513.92 513.92 0 
3757 513.92 513.92 0 
3758 513.92 513.92 0 
3759 513.92 513.92 0 
3760 513.92 513.92 0 
3761 513.92 513.92 0 
3762 513.92 513.92 0 
3763 513.92 513.92 0 
3764 513.92 513.92 0 
3765 513.92 513.92 0 
3766 513.92 513.92 0 
3767 513.92 513.92 0 
3768 513.92 513.92 0 
3769 513.92 513.92 0 
3770 513.92 513.92 0 
3771 513.92 513.92 0 
3772 513.92 513.92 0 
3773 513.92 513.92 0 
3774 513.92 513.92 0 
3775 513.92 513.92 0 
3776 513.92 513.92 0 
3777 513.92 513.92 0 
3778 513.92 513.92 0 
3779 513.92 513.92 0 
3780 513.92 513.92 0 
3781 525 542.131 0 
3782 1027.84 -1.90735e-07 0 
3783 1027.84 16.85 0 
3784 1027.84 33.7 0 
3785 1027.84 50.55 0 
3786 1027.84 67.4 0 
3787 1027.84 84.25 0 
3788 1027.84 101.1 0 
3789 1027.84 117.95 0 
3790 1027.84 134.8 0 
3791 1027.84 151.65 0 
3792 1027.84 168.5 0 
3793 1027.84 185.35 0 
3794 1027.84 202.2 0 
3795 1027.84 219.05 0 
3796 1027.84 235.9 0 
3797 1027.84 252.75 0 
3798 1027.84 269.6 0 
3799 1027.84 286.45 0 
3800 1027.84 303.3 0 
3801 1027.84 320.15 0 
3802 1027.84 337 0 
3803 1027.84 353.85 0 
3804 1027.84 370.7 0 
3805 1027.84 387.55 0 
3806 1027.84 404.4 0 
3807 1027.84 421.25 0 
3808 1027.84 438.1 0 
3809 1027.84 454.95 0 
3810 1027.84 471.8 0 
3811 1027.84 488.65 0 
3812 1027.84 505.5 0 
3813 1027.84 525 0 
3814 1009.53 525 0 
3815 991.887 525 0 
3816 979.696 525 0 
3817 965.37 525 0 
3818 944.494 525 0 
3819 927.989 525 0 
3820 914.786 525 0 
3821 897.205 525 0 
3822 880.702 525 0 
3823 862.094 525 0 
3824 843.454 525 0 
3825 824.85 525 0 
3826 809.507 525 0 
3827 795.273 525 0 
3828 780 525 0 
3829 758.169 525 0 
3830 741.79 525 0 
3831 726.507 525 0 
3832 709.102 525 0 
3833 691.676 525 0 
3834 673.191 525 0 
3835 656.862 525 0 
3836 636.229 525 0 
3837 622.147 525 0 
3838 608.041 525 0 
3839 591.773 525 0 
3840 572.275 525 0 
3841 556.067 525 0 
3842 540 525 0 
3843 525 525 0 
