0 -16.7063 204.539 0 
1 -16.7063 212.409 0 
2 -16.7063 220.278 0 
3 -16.7063 228.148 0 
4 -16.7063 236.018 0 
5 -16.7063 243.887 0 
6 -16.7063 251.757 0 
7 -16.7063 259.626 0 
8 -16.7063 267.496 0 
9 -16.7063 275.366 0 
10 -16.7063 283.235 0 
11 -16.7063 291.105 0 
12 -8.83668 204.539 0 
13 2.19834 216.716 0 
14 -4.66584 226.676 0 
15 -9.10449 223.074 0 
16 0.722854 236.882 0 
17 6.09174 237.398 0 
18 -11.8348 248.933 0 
19 -12.1049 257.521 0 
20 -17.6568 285.958 0 
21 -1.76195 276.887 0 
22 -15.3263 292.556 0 
23 -8.83668 291.105 0 
24 -0.967051 204.539 0 
25 -6.00532 213.206 0 
26 10.2303 231.339 0 
27 8.29194 227.734 0 
28 -18.5218 242.354 0 
29 -2.59338 253.291 0 
30 0.555453 256.301 0 
31 -11.2897 222.255 0 
32 3.56689 265.593 0 
33 5.46586 278.561 0 
34 -12.4237 286.592 0 
35 -0.967051 291.105 0 
36 6.90258 204.539 0 
37 14.2555 231.766 0 
38 -0.63044 231.716 0 
39 1.92857 230.229 0 
40 21.4972 234.33 0 
41 11.2137 237.934 0 
42 10.5383 271.759 0 
43 4.11678 242.048 0 
44 1.21648 267.091 0 
45 7.14514 277.448 0 
46 8.51922 283.058 0 
47 6.90258 291.105 0 
48 14.7722 204.539 0 
49 9.2562 224.998 0 
50 15.1346 227.889 0 
51 2.80547 235.86 0 
52 26.9359 260.633 0 
53 27.557 235.783 0 
54 6.35083 252.015 0 
55 17.9265 248.772 0 
56 22.9614 262.715 0 
57 28.7277 293.37 0 
58 22.9419 276.599 0 
59 14.7722 291.105 0 
60 22.6418 204.539 0 
61 28.3101 208.691 0 
62 30.182 223.925 0 
63 29.0988 231.268 0 
64 30.1286 225.533 0 
65 38.1333 239.328 0 
66 17.4755 257.69 0 
67 8.47413 267.418 0 
68 32.771 259.23 0 
69 22.883 282.654 0 
70 20.0773 284.365 0 
71 22.6418 291.105 0 
72 30.5115 204.539 0 
73 13.9866 222.62 0 
74 35.9395 215.582 0 
75 28.7185 222.489 0 
76 40.1247 227.473 0 
77 38.1244 246.151 0 
78 28.5054 238.501 0 
79 52.7377 259.704 0 
80 28.9928 269.543 0 
81 31.6299 275.654 0 
82 23.9505 281.626 0 
83 30.5115 291.105 0 
84 38.3811 204.539 0 
85 46.9728 222.361 0 
86 51.1519 218.166 0 
87 53.2105 226.225 0 
88 37.0527 238.058 0 
89 42.7599 246.792 0 
90 45.5767 262.273 0 
91 32.0887 261.874 0 
92 26.8864 272.497 0 
93 28.6043 272.674 0 
94 44.7652 296.281 0 
95 38.3811 291.105 0 
96 46.2507 204.539 0 
97 36.6708 200.484 0 
98 38.0681 231.638 0 
99 45.6104 240.249 0 
100 43.5454 220.807 0 
101 55.878 253.122 0 
102 48.079 263.043 0 
103 53.9988 241.012 0 
104 34.8161 287.755 0 
105 39.4878 262.658 0 
106 27.3188 281.644 0 
107 46.2507 291.105 0 
108 54.1204 204.539 0 
109 55.1567 208.342 0 
110 59.6569 212.146 0 
111 56.3414 247.972 0 
112 67.7764 246.66 0 
113 42.1534 243.28 0 
114 39.7718 259.447 0 
115 64.3228 254.399 0 
116 53.3263 265.947 0 
117 45.8157 276.723 0 
118 60.5891 287.777 0 
119 54.1204 291.105 0 
120 61.99 204.539 0 
121 67.2853 208.185 0 
122 65.6697 227.583 0 
123 69.5201 224.237 0 
124 61.6264 228.772 0 
125 57.6652 246.15 0 
126 46.2971 259.726 0 
127 65.484 257.093 0 
128 77.046 284.358 0 
129 58.216 262.602 0 
130 45.2674 297.064 0 
131 61.99 291.105 0 
132 69.8596 204.539 0 
133 75.7592 210.697 0 
134 69.9841 227.113 0 
135 64.5434 225.058 0 
136 63.9282 226.958 0 
137 63.1679 241.31 0 
138 67.352 259.327 0 
139 66.1012 241.693 0 
140 69.1599 271.842 0 
141 73.2383 273.594 0 
142 84.1247 286.689 0 
143 69.8596 291.105 0 
144 77.7293 204.539 0 
145 75.7625 230.21 0 
146 86.2361 206.416 0 
147 79.0718 225.764 0 
148 82.0641 245.259 0 
149 77.1072 227.328 0 
150 88.8701 245.534 0 
151 77.535 261.72 0 
152 75.0211 238.803 0 
153 74.1543 271.574 0 
154 85.7028 246.686 0 
155 77.7293 291.105 0 
156 77.7293 298.975 0 
157 77.7293 306.844 0 
158 77.7293 314.714 0 
159 77.7293 322.583 0 
160 77.7293 330.453 0 
161 77.7293 338.323 0 
162 77.7293 346.192 0 
163 77.7293 354.062 0 
164 77.7293 361.932 0 
165 77.7293 369.801 0 
166 77.7293 377.671 0 
167 77.7293 385.541 0 
168 77.7293 393.41 0 
169 77.7293 401.28 0 
170 77.7293 409.15 0 
171 85.5989 7.79822 0 
172 85.5989 15.6679 0 
173 85.5989 23.5375 0 
174 85.5989 31.4071 0 
175 85.5989 39.2767 0 
176 85.5989 47.1464 0 
177 85.5989 55.016 0 
178 85.5989 62.8857 0 
179 85.5989 70.7553 0 
180 85.5989 78.6249 0 
181 85.5989 86.4946 0 
182 85.5989 94.3642 0 
183 85.5989 102.234 0 
184 85.5989 110.103 0 
185 85.5989 117.973 0 
186 85.5989 125.843 0 
187 85.5989 133.712 0 
188 85.5989 141.582 0 
189 85.5989 149.452 0 
190 85.5989 157.321 0 
191 85.5989 165.191 0 
192 85.5989 173.061 0 
193 85.5989 180.93 0 
194 85.5989 188.8 0 
195 85.5989 196.669 0 
196 85.5989 204.539 0 
197 86.6771 190.118 0 
198 100.661 215.61 0 
199 68.8648 235.598 0 
200 81.9834 238.397 0 
201 81.4832 248.977 0 
202 90.2293 248.776 0 
203 92.8518 265.968 0 
204 93.2827 259.926 0 
205 92.4619 280.884 0 
206 96.2442 282.592 0 
207 74.0436 273.496 0 
208 80.2578 300.054 0 
209 97.3524 311.145 0 
210 86.6806 310.579 0 
211 84.0411 330.453 0 
212 67.9097 328.634 0 
213 81.9072 341.787 0 
214 80.2293 349.905 0 
215 99.5869 348.298 0 
216 102.174 361.6 0 
217 81.9385 383.441 0 
218 83.1986 371.102 0 
219 76.7632 379.038 0 
220 96.9164 390.828 0 
221 65.868 402.844 0 
222 85.5989 409.15 0 
223 93.4685 7.79822 0 
224 86.112 1.54483 0 
225 82.9239 26.9561 0 
226 90.4664 17.1312 0 
227 91.2542 32.4235 0 
228 95.455 46.981 0 
229 112.324 55.0396 0 
230 95.2646 57.73 0 
231 104.66 73.8725 0 
232 112.179 71.6166 0 
233 102.073 85.8721 0 
234 81.3821 114.99 0 
235 95.662 118.097 0 
236 96.5065 102.234 0 
237 93.6842 123.999 0 
238 95.4512 126.61 0 
239 90.9047 135.62 0 
240 107.676 141.819 0 
241 95.3601 164.91 0 
242 105.174 159.456 0 
243 100.982 155.433 0 
244 104.311 176.628 0 
245 93.849 173.322 0 
246 98.7506 195.987 0 
247 100.489 180.395 0 
248 101.731 202.586 0 
249 90.7976 210.057 0 
250 92.4268 217.457 0 
251 92.8731 237.346 0 
252 85.7213 237.473 0 
253 85.0524 241.21 0 
254 106.399 257.985 0 
255 91.7727 259.66 0 
256 88.8121 276.968 0 
257 111.873 296.721 0 
258 96.5669 263.4 0 
259 90.7387 296.262 0 
260 95.7972 296.581 0 
261 101.651 307.753 0 
262 115.561 305.644 0 
263 91.8021 331.442 0 
264 97.3396 330.719 0 
265 87.3286 341.453 0 
266 97.1503 337.146 0 
267 100.192 351.647 0 
268 102.023 360.396 0 
269 84.2367 362.966 0 
270 96.0019 374.851 0 
271 108.255 392.289 0 
272 84.0693 398.268 0 
273 88.6712 404.083 0 
274 93.4685 409.15 0 
275 101.338 7.79822 0 
276 76.5032 12.2582 0 
277 115.377 14.1899 0 
278 102.001 33.8667 0 
279 94.3477 38.0736 0 
280 104.595 51.6488 0 
281 98.6982 51.6139 0 
282 121.547 51.6531 0 
283 98.456 65.6248 0 
284 105.748 75.2564 0 
285 93.5852 88.7923 0 
286 113.465 80.0511 0 
287 97.2565 103.637 0 
288 100.882 115.862 0 
289 103.721 118.548 0 
290 128.465 114.327 0 
291 107.643 123.881 0 
292 108.581 139.756 0 
293 112.267 142.748 0 
294 98.6368 179.136 0 
295 95.1362 155.06 0 
296 106.669 175.022 0 
297 110.978 172.765 0 
298 104.514 197.351 0 
299 111.157 206.078 0 
300 84.8687 215.511 0 
301 99.6246 220.582 0 
302 87.7609 217.567 0 
303 81.566 231.029 0 
304 107.795 249.996 0 
305 120.119 247.279 0 
306 98.038 262.15 0 
307 116.338 265.68 0 
308 100.046 261.108 0 
309 103.709 266.377 0 
310 103.648 275.411 0 
311 85.5027 279.839 0 
312 93.8316 293.332 0 
313 115.245 297.988 0 
314 101.937 305.421 0 
315 93.4971 330.222 0 
316 96.397 327.598 0 
317 101.817 327.134 0 
318 78.1193 342.863 0 
319 101.09 338.163 0 
320 96.6729 373.524 0 
321 94.299 373.764 0 
322 90.179 371.024 0 
323 118.603 388.225 0 
324 122.399 401.027 0 
325 101.743 390.904 0 
326 101.338 409.15 0 
327 109.208 7.79822 0 
328 101.03 9.10105 0 
329 107.64 24.1647 0 
330 102.713 34.3761 0 
331 114.153 41.2011 0 
332 109.84 39.8475 0 
333 125.124 58.0901 0 
334 118.94 74.8054 0 
335 108.5 77.009 0 
336 101.874 89.2851 0 
337 104.046 90.1748 0 
338 108.443 108.833 0 
339 100.163 103.04 0 
340 104.577 112.523 0 
341 121.794 115.979 0 
342 111.393 138.741 0 
343 114.818 126.302 0 
344 115.26 127.272 0 
345 96.5066 163.559 0 
346 111.229 172.225 0 
347 111.639 164.582 0 
348 113.416 179.737 0 
349 93.4379 192.122 0 
350 112.768 190.787 0 
351 115.13 186.28 0 
352 106.581 184.769 0 
353 99.9576 205.502 0 
354 102.983 216.075 0 
355 104.401 224.72 0 
356 125.365 236.421 0 
357 106.522 230.569 0 
358 93.444 248.004 0 
359 113.997 251.353 0 
360 105.74 250.43 0 
361 126.142 288.528 0 
362 102.031 266.97 0 
363 101.655 283.164 0 
364 96.4751 293.166 0 
365 110.608 316.618 0 
366 111.517 307.66 0 
367 99.642 309.656 0 
368 117.477 340.759 0 
369 131.038 348.964 0 
370 94.1773 342.103 0 
371 105.22 334.102 0 
372 112.762 351.836 0 
373 120.845 360.725 0 
374 106.694 383.993 0 
375 94.2854 385.213 0 
376 106.926 385.786 0 
377 104.295 398.698 0 
378 109.208 409.15 0 
379 117.077 7.79822 0 
380 118.179 18.7027 0 
381 121.912 21.7755 0 
382 116.311 42.3962 0 
383 129.652 49.4147 0 
384 129.829 57.2842 0 
385 129.463 46.864 0 
386 121.982 78.2729 0 
387 126.583 54.0734 0 
388 115.688 82.0047 0 
389 121.121 97.4755 0 
390 109.704 107.326 0 
391 108.873 104.416 0 
392 114.837 100.076 0 
393 115.821 118.022 0 
394 129.314 126.989 0 
395 123.473 127.928 0 
396 133.931 145.099 0 
397 129.566 148.656 0 
398 120.086 165.123 0 
399 128.79 140.709 0 
400 124.132 161.971 0 
401 126.342 185.027 0 
402 111.004 202.434 0 
403 118.531 180.666 0 
404 104.77 211.467 0 
405 112.754 243.873 0 
406 121.665 214.037 0 
407 127.528 230.209 0 
408 111.123 234.557 0 
409 108.929 251.637 0 
410 97.7914 253.248 0 
411 103.554 268.872 0 
412 113.785 263.925 0 
413 107.232 267.13 0 
414 116.074 289.288 0 
415 121.706 282.357 0 
416 120.057 299.775 0 
417 121.869 318.052 0 
418 97.2623 313.927 0 
419 107.469 323.549 0 
420 121.131 322.861 0 
421 113.723 345.796 0 
422 112.328 348.854 0 
423 125.887 340.851 0 
424 91.885 351.421 0 
425 93.1649 377.544 0 
426 117.226 389.56 0 
427 124.338 389.203 0 
428 129.021 389.596 0 
429 117.513 399.76 0 
430 117.077 409.15 0 
431 124.947 7.79822 0 
432 117.368 7.07299 0 
433 123.27 23.324 0 
434 127.067 41.396 0 
435 128.622 43.0057 0 
436 124.048 47.0501 0 
437 107.464 67.3797 0 
438 122.156 63.7894 0 
439 110.242 80.9896 0 
440 131.714 74.9627 0 
441 115.573 100.086 0 
442 125.387 98.3575 0 
443 126.585 93.7472 0 
444 125.052 107.188 0 
445 123.103 114.015 0 
446 134.862 128.011 0 
447 137.53 138.78 0 
448 129.575 139.886 0 
449 110.021 162.289 0 
450 135.087 169.448 0 
451 111.992 161.828 0 
452 130.195 187.776 0 
453 128.655 174.563 0 
454 134.653 183.619 0 
455 119.999 203.837 0 
456 120.68 212.325 0 
457 133.358 205.502 0 
458 117.382 211.166 0 
459 120.448 236.789 0 
460 129.23 235.24 0 
461 121.798 250.327 0 
462 142.774 261.166 0 
463 135.323 262.133 0 
464 124.182 273.086 0 
465 139.018 279.6 0 
466 113.376 271.513 0 
467 120.127 287.047 0 
468 134.909 308.101 0 
469 139.717 315.266 0 
470 126.605 328.221 0 
471 131.363 327.756 0 
472 138.215 342.01 0 
473 123.492 334.401 0 
474 114.7 351.513 0 
475 121.037 361.264 0 
476 125.606 347.456 0 
477 132.375 365.876 0 
478 101.819 383.552 0 
479 117.675 384.336 0 
480 121.378 390.501 0 
481 121.85 395.652 0 
482 124.947 409.15 0 
483 132.817 7.79822 0 
484 125.199 13.2281 0 
485 148.049 11.8062 0 
486 154.586 26.0525 0 
487 131.055 19.4906 0 
488 129.804 36.6957 0 
489 121.691 51.2616 0 
490 138.345 72.2902 0 
491 145.063 72.5312 0 
492 133.799 75.0982 0 
493 130.989 82.3311 0 
494 117.671 96.454 0 
495 132.84 105.572 0 
496 141.268 114.882 0 
497 132.912 115.67 0 
498 134.56 136.481 0 
499 134.149 146.015 0 
500 136.111 167.148 0 
501 146.063 162.267 0 
502 125.141 157.088 0 
503 128.838 173.694 0 
504 116.11 176.226 0 
505 137.287 168.31 0 
506 136.149 182.291 0 
507 137.976 188.014 0 
508 151.867 209.717 0 
509 138.035 221.687 0 
510 129.209 233.897 0 
511 133.393 239.626 0 
512 132.817 236.018 0 
513 132.817 243.887 0 
514 132.817 251.757 0 
515 132.817 259.626 0 
516 132.817 267.496 0 
517 132.817 275.366 0 
518 132.817 283.235 0 
519 132.817 291.105 0 
520 131.4 288.079 0 
521 128.058 305.784 0 
522 123.72 309.174 0 
523 122.413 323.303 0 
524 132.817 330.453 0 
525 132.817 338.323 0 
526 132.817 346.192 0 
527 132.817 354.062 0 
528 132.817 361.932 0 
529 132.817 369.801 0 
530 131.241 376.684 0 
531 117.619 381.327 0 
532 126.785 400.487 0 
533 136.679 401.283 0 
534 132.817 409.15 0 
535 140.686 7.79822 0 
536 137.88 10.4979 0 
537 150.046 19.3084 0 
538 139.418 22.3255 0 
539 126 22.9296 0 
540 149.763 46.0315 0 
541 148.163 56.5354 0 
542 137.189 58.7625 0 
543 153.788 73.6165 0 
544 140.048 89.4092 0 
545 139.847 79.1103 0 
546 139.597 92.6829 0 
547 142.107 92.5365 0 
548 139.116 115.066 0 
549 121.436 110.43 0 
550 123.873 134.6 0 
551 141.259 128.441 0 
552 145.962 147.296 0 
553 141.912 142.317 0 
554 125.577 158.553 0 
555 143.955 162.05 0 
556 133.838 185.644 0 
557 138.955 168.437 0 
558 125.646 181.73 0 
559 147.652 210.846 0 
560 153.938 198.82 0 
561 131.826 233.564 0 
562 138.379 212.186 0 
563 141.731 211.913 0 
564 140.686 236.018 0 
565 140.686 291.105 0 
566 141.7 310.683 0 
567 141.759 304.044 0 
568 125.389 295.997 0 
569 140.619 321.328 0 
570 140.686 330.453 0 
571 140.686 369.801 0 
572 131.08 371.97 0 
573 137.171 371.477 0 
574 142.822 384.881 0 
575 124.858 402.253 0 
576 140.686 409.15 0 
577 148.556 7.79822 0 
578 153.273 11.717 0 
579 153.64 21.7397 0 
580 158.343 33.5009 0 
581 157.712 44.2533 0 
582 139.389 50.7149 0 
583 148.481 73.5903 0 
584 129.084 69.9939 0 
585 167.11 57.7251 0 
586 158.582 72.8605 0 
587 152.748 80.1149 0 
588 149.2 81.0076 0 
589 145.61 95.804 0 
590 148.573 95.5779 0 
591 156.755 109.778 0 
592 148.237 130.315 0 
593 145.934 131.262 0 
594 131.678 139.446 0 
595 144.872 147.033 0 
596 147.347 138.116 0 
597 159.621 163.753 0 
598 142.389 173.705 0 
599 150.076 169.897 0 
600 138.468 191.974 0 
601 153.667 185.675 0 
602 133.911 219.562 0 
603 147.697 219.375 0 
604 150.241 214.54 0 
605 156.501 223.178 0 
606 148.556 236.018 0 
607 148.556 243.887 0 
608 148.556 251.757 0 
609 148.556 291.105 0 
610 154.572 301.288 0 
611 146.492 309.593 0 
612 143.34 332.26 0 
613 146.858 293.034 0 
614 148.556 330.453 0 
615 148.556 369.801 0 
616 161.402 388.242 0 
617 162.903 373.143 0 
618 151.388 390.923 0 
619 152.198 393.975 0 
620 148.556 409.15 0 
621 156.426 7.79822 0 
622 170.992 1.46313 0 
623 154.477 7.88624 0 
624 159.434 33.3522 0 
625 158.804 23.0377 0 
626 160.928 59.3782 0 
627 151.292 45.8223 0 
628 146.354 64.7979 0 
629 155.237 71.2374 0 
630 158.186 80.5326 0 
631 150.137 78.1594 0 
632 159.073 105.778 0 
633 159.666 111.857 0 
634 143.454 115.153 0 
635 166.551 116.196 0 
636 174.002 125.37 0 
637 154.538 127.33 0 
638 162.53 154.782 0 
639 161.768 146.156 0 
640 154.971 161.039 0 
641 154.163 171.205 0 
642 150.79 164.117 0 
643 160.503 174.888 0 
644 165.901 180.146 0 
645 163.931 181.347 0 
646 139.853 208.126 0 
647 151.514 205.375 0 
648 152.925 223.407 0 
649 166.025 236.541 0 
650 165.475 230.141 0 
651 159.823 247.863 0 
652 156.426 251.757 0 
653 156.426 291.105 0 
654 168.438 295.331 0 
655 159.662 298.706 0 
656 154.506 322.428 0 
657 149.562 310.319 0 
658 156.426 330.453 0 
659 156.426 369.801 0 
660 152.509 380.222 0 
661 139.027 384.056 0 
662 154.169 391.076 0 
663 158.985 415.373 0 
664 156.426 409.15 0 
665 164.295 7.79822 0 
666 164.295 15.6679 0 
667 164.295 23.5375 0 
668 164.295 31.4071 0 
669 164.295 39.2767 0 
670 164.295 47.1464 0 
671 164.295 55.016 0 
672 164.295 62.8857 0 
673 164.295 70.7553 0 
674 164.295 78.6249 0 
675 164.295 86.4946 0 
676 164.295 94.3642 0 
677 157.198 107.897 0 
678 160.246 106.516 0 
679 167.732 123.937 0 
680 172.64 130.447 0 
681 159.409 125.473 0 
682 151.335 124.981 0 
683 155.341 141.131 0 
684 169.088 170.564 0 
685 175.104 154.236 0 
686 167.38 161.061 0 
687 163.147 176.937 0 
688 174.806 187.831 0 
689 180.972 191.611 0 
690 168.474 196.3 0 
691 162.067 200.325 0 
692 179.972 206.09 0 
693 161.067 222.463 0 
694 169.365 228.499 0 
695 171.563 245.955 0 
696 164.295 251.757 0 
697 164.295 259.626 0 
698 164.295 267.496 0 
699 164.295 275.366 0 
700 164.295 283.235 0 
701 164.295 291.105 0 
702 161.398 291.471 0 
703 166.878 284.446 0 
704 162.902 321.646 0 
705 164.783 332.007 0 
706 164.295 330.453 0 
707 164.295 369.801 0 
708 169.81 366.582 0 
709 155.715 382.492 0 
710 154.343 398.421 0 
711 169.522 389.31 0 
712 164.295 409.15 0 
713 172.165 94.3642 0 
714 166.917 105.803 0 
715 181.457 116.59 0 
716 176.971 120.844 0 
717 164.781 121.111 0 
718 162.615 149.948 0 
719 165.676 138.789 0 
720 184.136 152.666 0 
721 172.165 157.321 0 
722 172.165 165.191 0 
723 172.165 173.061 0 
724 172.165 180.93 0 
725 172.165 188.8 0 
726 172.165 196.669 0 
727 171.863 190.946 0 
728 174.929 221.862 0 
729 185.85 221.092 0 
730 179.898 231.766 0 
731 175.1 244.906 0 
732 160.443 230.332 0 
733 159.868 249.538 0 
734 163.724 261.681 0 
735 171.087 274.989 0 
736 178.796 270.97 0 
737 172.238 291.231 0 
738 190.782 286.708 0 
739 183.959 294.727 0 
740 170.494 310.007 0 
741 179.216 302.518 0 
742 173.96 322.36 0 
743 172.165 330.453 0 
744 172.165 338.323 0 
745 172.165 346.192 0 
746 172.165 354.062 0 
747 172.165 361.932 0 
748 172.165 369.801 0 
749 172.984 384.614 0 
750 155.801 375.664 0 
751 186.972 388.456 0 
752 177.383 406.663 0 
753 172.165 409.15 0 
754 180.035 94.3642 0 
755 183.46 90.3406 0 
756 189.715 122.794 0 
757 187.339 117.815 0 
758 186.403 137.376 0 
759 180.127 138.856 0 
760 173.503 137.934 0 
761 190.728 149.23 0 
762 180.035 157.321 0 
763 180.035 196.669 0 
764 191.561 205.282 0 
765 173.756 229.805 0 
766 165.611 216.701 0 
767 175.023 215.43 0 
768 179.285 231.017 0 
769 194.662 226.362 0 
770 187.237 252.789 0 
771 177.189 250.154 0 
772 183.799 281.972 0 
773 167.357 267.768 0 
774 190.606 274.324 0 
775 187.691 289.269 0 
776 186.855 286.435 0 
777 190.552 300.946 0 
778 200.84 321.182 0 
779 163.982 326.59 0 
780 182.827 328.52 0 
781 173.238 345.998 0 
782 178.701 349.438 0 
783 177.259 357.974 0 
784 188.986 355.692 0 
785 191.471 378.207 0 
786 167.518 383.614 0 
787 184.49 389.208 0 
788 177.948 391.811 0 
789 184.167 407.033 0 
790 180.035 409.15 0 
791 187.904 94.3642 0 
792 178.25 97.1054 0 
793 185.953 95.7847 0 
794 181.491 124.66 0 
795 184.456 125.505 0 
796 188.756 132.16 0 
797 198.913 138.633 0 
798 196.736 135.183 0 
799 187.904 157.321 0 
800 187.904 196.669 0 
801 194.785 202.581 0 
802 181.76 234.088 0 
803 201.219 223.763 0 
804 185.105 240.026 0 
805 191.171 233.537 0 
806 189.868 247.51 0 
807 188.512 236.795 0 
808 196.196 273.796 0 
809 193.061 275.94 0 
810 189.535 280.442 0 
811 185.608 282.892 0 
812 173.46 300.333 0 
813 195.623 299.544 0 
814 199.796 295.453 0 
815 186.627 316.994 0 
816 195.893 312.102 0 
817 185.266 327.647 0 
818 188.784 347.585 0 
819 197.431 332.754 0 
820 167.03 360.484 0 
821 166.734 378.953 0 
822 182.884 379.56 0 
823 184.934 371.942 0 
824 191.223 387.031 0 
825 191.163 402.508 0 
826 190.239 403.855 0 
827 187.904 409.15 0 
828 195.774 15.6679 0 
829 195.774 23.5375 0 
830 195.774 31.4071 0 
831 195.774 39.2767 0 
832 195.774 47.1464 0 
833 195.774 55.016 0 
834 195.774 62.8857 0 
835 195.774 70.7553 0 
836 195.774 78.6249 0 
837 195.774 86.4946 0 
838 195.774 94.3642 0 
839 194.41 89.8851 0 
840 194.025 111.147 0 
841 192.441 135.99 0 
842 178.99 124.985 0 
843 183.952 137.331 0 
844 204.714 154.614 0 
845 190.288 137.612 0 
846 195.774 157.321 0 
847 195.774 196.669 0 
848 206.054 216.789 0 
849 186.632 215.382 0 
850 200.107 224.636 0 
851 185.016 226.2 0 
852 183.103 232.771 0 
853 218.529 245.813 0 
854 198.932 244.106 0 
855 195.437 262.661 0 
856 188.062 257.728 0 
857 194.544 281.133 0 
858 185.731 266.448 0 
859 192.103 296.26 0 
860 182.494 312.774 0 
861 171.202 291.553 0 
862 178.319 318.218 0 
863 189.865 324.382 0 
864 183.939 336.257 0 
865 196.776 353.804 0 
866 204.517 349.872 0 
867 180.634 351.146 0 
868 192.461 357.255 0 
869 193.891 366.043 0 
870 189.658 397.092 0 
871 219.71 389.556 0 
872 198.278 396.29 0 
873 180.305 383.137 0 
874 195.774 409.15 0 
875 203.643 15.6679 0 
876 200.631 18.5541 0 
877 203.912 34.895 0 
878 213.276 45.4148 0 
879 201.361 42.8951 0 
880 209.078 58.6406 0 
881 209.733 56.8775 0 
882 200.821 65.168 0 
883 189.552 84.7473 0 
884 195.302 90.1999 0 
885 199.143 98.4354 0 
886 206.034 105.605 0 
887 202.767 99.4198 0 
888 207.399 126.621 0 
889 199.348 114.999 0 
890 202.11 132.414 0 
891 191.747 142.781 0 
892 192.225 144.808 0 
893 203.643 157.321 0 
894 203.643 196.669 0 
895 188.36 211.978 0 
896 208.51 234.027 0 
897 208.899 205.365 0 
898 216.202 247.996 0 
899 205.003 235.275 0 
900 214.191 248.094 0 
901 200.227 251.968 0 
902 191.992 261.488 0 
903 207.389 269.901 0 
904 194.056 275.072 0 
905 217.594 281.962 0 
906 191.617 293.902 0 
907 207.878 311.155 0 
908 216.843 299.689 0 
909 209.891 318.114 0 
910 198.376 322.66 0 
911 218.195 341.665 0 
912 207.09 349.337 0 
913 210.405 349.987 0 
914 196.534 355.74 0 
915 197.613 343.597 0 
916 221.074 374.669 0 
917 201.239 398.28 0 
918 197.598 370.168 0 
919 206.896 382.716 0 
920 201.126 408.184 0 
921 203.643 409.15 0 
922 211.513 15.6679 0 
923 221.237 33.3587 0 
924 219.737 30.7237 0 
925 217.955 27.7443 0 
926 212.572 34.4503 0 
927 223.51 47.4207 0 
928 207.721 60.3806 0 
929 198.661 72.8944 0 
930 208.718 62.7033 0 
931 215.998 75.1227 0 
932 221.694 89.144 0 
933 198.259 99.3982 0 
934 206.601 108.349 0 
935 207.86 107.507 0 
936 227.24 131.292 0 
937 216.575 119.224 0 
938 216.805 149.839 0 
939 209.251 154.634 0 
940 211.513 157.321 0 
941 211.513 165.191 0 
942 211.513 173.061 0 
943 211.513 180.93 0 
944 211.513 188.8 0 
945 211.513 196.669 0 
946 212.28 186.803 0 
947 211.755 215.095 0 
948 216.322 222.408 0 
949 213.168 218.722 0 
950 211.149 235.916 0 
951 213.289 234.987 0 
952 218.04 249.101 0 
953 205.354 265.642 0 
954 193.604 268.676 0 
955 194.071 279.975 0 
956 221.977 276.017 0 
957 212.144 285.982 0 
958 211.513 298.975 0 
959 211.513 306.844 0 
960 211.513 314.714 0 
961 211.513 322.583 0 
962 211.513 330.453 0 
963 211.513 338.323 0 
964 211.513 346.192 0 
965 211.513 354.062 0 
966 211.513 361.932 0 
967 211.513 369.801 0 
968 211.513 377.671 0 
969 211.513 385.541 0 
970 211.513 393.41 0 
971 211.513 401.28 0 
972 211.513 409.15 0 
973 219.383 15.6679 0 
974 210.538 27.3705 0 
975 219.569 43.1823 0 
976 230.643 47.3561 0 
977 231.146 58.9551 0 
978 227.648 44.2482 0 
979 233.066 51.8591 0 
980 228.097 59.5595 0 
981 225.351 71.5678 0 
982 221.076 80.3822 0 
983 225.094 95.5734 0 
984 215.926 101.948 0 
985 219.27 109.32 0 
986 204.276 112.793 0 
987 203.359 130.279 0 
988 203.737 123.125 0 
989 217.11 127.629 0 
990 218.418 152.569 0 
991 209.409 172.677 0 
992 208.125 179.873 0 
993 215.981 169.149 0 
994 224.6 187.67 0 
995 226.427 170.911 0 
996 222.403 177.43 0 
997 218.757 204.004 0 
998 207.779 196.062 0 
999 212.99 209.307 0 
1000 217.91 235.805 0 
1001 205.094 236.517 0 
1002 205.668 244.543 0 
1003 225.285 255.139 0 
1004 223.932 253.738 0 
1005 212.867 278.918 0 
1006 209.726 270.268 0 
1007 203.167 294.331 0 
1008 218.032 275.27 0 
1009 219.383 298.975 0 
1010 227.252 15.6679 0 
1011 219.504 26.8891 0 
1012 231.556 29.8482 0 
1013 230.744 31.5771 0 
1014 233.974 43.7211 0 
1015 235.979 60.4441 0 
1016 233.14 62.8932 0 
1017 225.761 52.6143 0 
1018 216.386 68.9077 0 
1019 232.236 85.0603 0 
1020 221.225 93.4351 0 
1021 205.82 94.9865 0 
1022 229.07 103.057 0 
1023 231.036 110.267 0 
1024 232.864 114.452 0 
1025 243.279 112.067 0 
1026 226.463 155.082 0 
1027 223.564 162.507 0 
1028 226.347 148.389 0 
1029 224.085 163.427 0 
1030 219.259 173.751 0 
1031 235.036 193.917 0 
1032 229.289 185.258 0 
1033 224.735 196.281 0 
1034 231.224 218.014 0 
1035 205.125 201.51 0 
1036 232.357 220.868 0 
1037 230.917 225.684 0 
1038 232.868 222.386 0 
1039 224.07 241.515 0 
1040 218.989 245.477 0 
1041 230.097 245.271 0 
1042 218.957 267.496 0 
1043 229.269 273.305 0 
1044 237.491 278.591 0 
1045 229.358 292.035 0 
1046 227.252 298.975 0 
1047 235.122 15.6679 0 
1048 235.17 10.5342 0 
1049 232.23 40.4154 0 
1050 241.233 41.4323 0 
1051 244.727 58.4607 0 
1052 224.69 38.3265 0 
1053 223.049 64.9401 0 
1054 227.605 61.1653 0 
1055 227.069 78.3263 0 
1056 230.876 85.6051 0 
1057 244.834 97.9064 0 
1058 237.12 94.9907 0 
1059 216.346 108.001 0 
1060 246.062 115.099 0 
1061 232.448 125.679 0 
1062 233.327 142.364 0 
1063 225.559 142.501 0 
1064 226.869 146.566 0 
1065 229.623 148.254 0 
1066 236.518 166.885 0 
1067 234.655 175.5 0 
1068 229.97 183.847 0 
1069 243.226 180.66 0 
1070 222.761 180.282 0 
1071 232.809 202.428 0 
1072 246.414 206.585 0 
1073 243.577 223.551 0 
1074 228.988 234.936 0 
1075 225.523 237.516 0 
1076 238.784 256.975 0 
1077 241.709 231.969 0 
1078 233.201 259.803 0 
1079 238.568 244.1 0 
1080 241.587 265.515 0 
1081 230.313 279.666 0 
1082 240.593 285.387 0 
1083 235.122 298.975 0 
1084 242.992 15.6679 0 
1085 231.516 16.0057 0 
1086 238.988 36.4713 0 
1087 250.421 52.3254 0 
1088 251.459 63.0422 0 
1089 239.589 72.4489 0 
1090 251.779 69.2148 0 
1091 241.681 73.1561 0 
1092 237.107 81.8922 0 
1093 228.897 82.4894 0 
1094 239.813 104.784 0 
1095 242.188 99.8498 0 
1096 244.309 113.292 0 
1097 233.653 111.122 0 
1098 242.053 137.394 0 
1099 241.603 136.774 0 
1100 243.26 141.692 0 
1101 262.671 137.93 0 
1102 238.644 166.405 0 
1103 242.516 162.734 0 
1104 242.124 169.133 0 
1105 237.404 177.762 0 
1106 234.174 183.207 0 
1107 238.962 199.995 0 
1108 241.55 211.177 0 
1109 233.958 220.299 0 
1110 240.059 221.548 0 
1111 223.895 229.575 0 
1112 241.368 233.107 0 
1113 239.363 232.06 0 
1114 224.231 244.014 0 
1115 242.551 257.122 0 
1116 239.43 248.401 0 
1117 237.285 282.498 0 
1118 256.491 280.748 0 
1119 240.592 303.488 0 
1120 242.992 298.975 0 
1121 250.861 15.6679 0 
1122 248.39 21.6909 0 
1123 256.553 32.3516 0 
1124 258.039 50.0005 0 
1125 238.996 54.0273 0 
1126 257.588 52.2838 0 
1127 254.635 55.8277 0 
1128 249.649 83.5517 0 
1129 241.339 70.2397 0 
1130 248.115 93.8386 0 
1131 252.559 104.255 0 
1132 252.083 93.0943 0 
1133 245.566 114.236 0 
1134 237.656 122.468 0 
1135 241.811 138.551 0 
1136 240.767 131.403 0 
1137 244.37 143.06 0 
1138 258.168 164.908 0 
1139 241.678 156.554 0 
1140 250.227 155.44 0 
1141 251.909 179.3 0 
1142 246.794 185.741 0 
1143 252.599 186.811 0 
1144 263.806 192.075 0 
1145 253.105 195.815 0 
1146 248.168 198.316 0 
1147 243.417 218.413 0 
1148 249.212 227.199 0 
1149 257.703 226.47 0 
1150 249.07 235.288 0 
1151 258.828 262.636 0 
1152 239.602 262.27 0 
1153 239.713 276.942 0 
1154 232.838 282.971 0 
1155 246.45 285.524 0 
1156 243.369 287.486 0 
1157 250.861 298.975 0 
1158 258.731 15.6679 0 
1159 255.38 18.1733 0 
1160 268.849 42.2934 0 
1161 267.037 28.0845 0 
1162 268.027 51.9539 0 
1163 273.383 57.1605 0 
1164 277.903 46.3774 0 
1165 255.113 65.5538 0 
1166 255.25 79.5839 0 
1167 250.351 55.2903 0 
1168 262.864 101.26 0 
1169 253.866 108.644 0 
1170 248.173 98.2879 0 
1171 262.78 131.517 0 
1172 267.19 126.631 0 
1173 246.073 135.942 0 
1174 249.562 136.598 0 
1175 263.743 140.262 0 
1176 269.219 181.612 0 
1177 252.894 156.57 0 
1178 262.654 167.383 0 
1179 277.847 199.521 0 
1180 259.214 203.749 0 
1181 261.856 192.841 0 
1182 255.365 198.434 0 
1183 263.347 193.571 0 
1184 257.75 204.625 0 
1185 263.927 224.988 0 
1186 256.201 250.233 0 
1187 247.188 224.132 0 
1188 250.236 245.541 0 
1189 246.593 254.794 0 
1190 251.207 272.126 0 
1191 258.246 275.163 0 
1192 263.369 291.1 0 
1193 262.317 285.763 0 
1194 258.731 298.975 0 
1195 266.6 15.6679 0 
1196 266.6 23.5375 0 
1197 266.6 31.4071 0 
1198 266.6 39.2767 0 
1199 266.6 47.1464 0 
1200 266.6 55.016 0 
1201 266.6 62.8857 0 
1202 266.6 70.7553 0 
1203 266.6 78.6249 0 
1204 266.6 86.4946 0 
1205 266.6 94.3642 0 
1206 266.6 102.234 0 
1207 266.6 110.103 0 
1208 266.6 117.973 0 
1209 266.6 125.843 0 
1210 266.6 133.712 0 
1211 266.6 141.582 0 
1212 266.6 149.452 0 
1213 266.6 157.321 0 
1214 266.6 165.191 0 
1215 266.6 173.061 0 
1216 266.6 180.93 0 
1217 266.6 188.8 0 
1218 266.6 196.669 0 
1219 266.6 204.539 0 
1220 266.6 212.409 0 
1221 266.6 220.278 0 
1222 268.457 230.368 0 
1223 269.647 246.719 0 
1224 271.025 260.87 0 
1225 261.88 244.371 0 
1226 261.275 253.773 0 
1227 252.157 259.708 0 
1228 262.119 285.099 0 
1229 270.424 272.098 0 
1230 271.983 293.207 0 
1231 266.6 298.975 0 
1232 274.47 220.278 0 
1233 262.453 224.989 0 
1234 281.737 230.87 0 
1235 273.711 255.036 0 
1236 284.792 256.434 0 
1237 268.379 246.679 0 
1238 282.628 271.468 0 
1239 281.13 283.546 0 
1240 273.266 274.492 0 
1241 289.283 299.509 0 
1242 274.47 298.975 0 
1243 282.34 220.278 0 
1244 289.653 225.629 0 
1245 298.424 238.472 0 
1246 285.871 238.818 0 
1247 296.858 258.997 0 
1248 293.307 247.929 0 
1249 271.875 247.877 0 
1250 295.155 256.14 0 
1251 281.232 291.23 0 
1252 289.069 287.561 0 
1253 282.34 298.975 0 
1254 290.209 220.278 0 
1255 285.843 226.162 0 
1256 280.063 246.132 0 
1257 280.326 255.305 0 
1258 278.269 245.974 0 
1259 307.712 281.995 0 
1260 286.098 263.618 0 
1261 302.599 273.391 0 
1262 288.35 285.209 0 
1263 283.554 307.963 0 
1264 290.209 298.975 0 
1265 298.079 220.278 0 
1266 301.461 229.791 0 
1267 294.703 232.569 0 
1268 281.12 255.255 0 
1269 314.389 229.131 0 
1270 304.212 257.711 0 
1271 298.016 265.728 0 
1272 312.87 277.144 0 
1273 290.81 290.968 0 
1274 304.239 274.338 0 
1275 298.079 298.975 0 
1276 305.949 220.278 0 
1277 303.774 223.213 0 
1278 291.309 239.678 0 
1279 303.606 244.779 0 
1280 300.711 255.582 0 
1281 308.337 254.516 0 
1282 304.074 272.601 0 
1283 323.379 253.803 0 
1284 300.823 275.732 0 
1285 312.967 285.845 0 
1286 305.949 298.975 0 
1287 313.818 220.278 0 
1288 310.851 225.722 0 
1289 314.059 243.091 0 
1290 302.859 238.502 0 
1291 311.977 250.53 0 
1292 315.202 293.382 0 
1293 311.085 269.232 0 
1294 305.48 268.792 0 
1295 306.429 274.858 0 
1296 318.973 310.417 0 
1297 313.818 298.975 0 
1298 321.688 220.278 0 
1299 338.854 213.851 0 
1300 323.562 229.58 0 
1301 329.986 252.962 0 
1302 323.06 247.948 0 
1303 306.976 250.952 0 
1304 315.067 270.066 0 
1305 330.903 273.399 0 
1306 321.422 285.896 0 
1307 340.871 287.296 0 
1308 321.688 298.975 0 
1309 329.557 220.278 0 
1310 338.673 218.631 0 
1311 330.975 227.362 0 
1312 326.029 244.313 0 
1313 339.42 254.165 0 
1314 323.746 258.637 0 
1315 325.183 280.932 0 
1316 333.242 277.981 0 
1317 340.303 278.137 0 
1318 319.611 281.614 0 
1319 329.557 298.975 0 
1320 337.427 220.278 0 
1321 337.427 228.148 0 
1322 337.427 236.018 0 
1323 337.427 243.887 0 
1324 337.427 251.757 0 
1325 337.427 259.626 0 
1326 337.427 267.496 0 
1327 337.427 275.366 0 
1328 337.427 283.235 0 
1329 337.427 291.105 0 
1330 337.427 298.975 0 
