0 -16.7063 204.539 0 
1 -16.7063 212.409 0 
2 -16.7063 220.278 0 
3 -16.7063 228.148 0 
4 -16.7063 236.018 0 
5 -16.7063 243.887 0 
6 -16.7063 251.757 0 
7 -16.7063 259.626 0 
8 -16.7063 267.496 0 
9 -16.7063 275.366 0 
10 -16.7063 283.235 0 
11 -16.7063 291.105 0 
12 -8.83668 204.539 0 
13 160.36 208.474 0 
14 160.36 208.474 0 
15 160.36 208.474 0 
16 160.36 208.474 0 
17 160.36 208.474 0 
18 160.36 208.474 0 
19 160.36 208.474 0 
20 160.36 208.474 0 
21 160.36 208.474 0 
22 160.36 208.474 0 
23 -8.83668 291.105 0 
24 -0.967051 204.539 0 
25 160.36 208.474 0 
26 160.36 208.474 0 
27 160.36 208.474 0 
28 160.36 208.474 0 
29 160.36 208.474 0 
30 160.36 208.474 0 
31 160.36 208.474 0 
32 160.36 208.474 0 
33 160.36 208.474 0 
34 160.36 208.474 0 
35 -0.967051 291.105 0 
36 6.90258 204.539 0 
37 160.36 208.474 0 
38 160.36 208.474 0 
39 160.36 208.474 0 
40 160.36 208.474 0 
41 160.36 208.474 0 
42 160.36 208.474 0 
43 160.36 208.474 0 
44 160.36 208.474 0 
45 160.36 208.474 0 
46 160.36 208.474 0 
47 6.90258 291.105 0 
48 14.7722 204.539 0 
49 160.36 208.474 0 
50 160.36 208.474 0 
51 160.36 208.474 0 
52 160.36 208.474 0 
53 160.36 208.474 0 
54 160.36 208.474 0 
55 160.36 208.474 0 
56 160.36 208.474 0 
57 160.36 208.474 0 
58 160.36 208.474 0 
59 14.7722 291.105 0 
60 22.6418 204.539 0 
61 160.36 208.474 0 
62 160.36 208.474 0 
63 160.36 208.474 0 
64 160.36 208.474 0 
65 160.36 208.474 0 
66 160.36 208.474 0 
67 160.36 208.474 0 
68 160.36 208.474 0 
69 160.36 208.474 0 
70 160.36 208.474 0 
71 22.6418 291.105 0 
72 30.5115 204.539 0 
73 160.36 208.474 0 
74 160.36 208.474 0 
75 160.36 208.474 0 
76 160.36 208.474 0 
77 160.36 208.474 0 
78 160.36 208.474 0 
79 160.36 208.474 0 
80 160.36 208.474 0 
81 160.36 208.474 0 
82 160.36 208.474 0 
83 30.5115 291.105 0 
84 38.3811 204.539 0 
85 160.36 208.474 0 
86 160.36 208.474 0 
87 160.36 208.474 0 
88 160.36 208.474 0 
89 160.36 208.474 0 
90 160.36 208.474 0 
91 160.36 208.474 0 
92 160.36 208.474 0 
93 160.36 208.474 0 
94 160.36 208.474 0 
95 38.3811 291.105 0 
96 46.2507 204.539 0 
97 160.36 208.474 0 
98 160.36 208.474 0 
99 160.36 208.474 0 
100 160.36 208.474 0 
101 160.36 208.474 0 
102 160.36 208.474 0 
103 160.36 208.474 0 
104 160.36 208.474 0 
105 160.36 208.474 0 
106 160.36 208.474 0 
107 46.2507 291.105 0 
108 54.1204 204.539 0 
109 160.36 208.474 0 
110 160.36 208.474 0 
111 160.36 208.474 0 
112 160.36 208.474 0 
113 160.36 208.474 0 
114 160.36 208.474 0 
115 160.36 208.474 0 
116 160.36 208.474 0 
117 160.36 208.474 0 
118 160.36 208.474 0 
119 54.1204 291.105 0 
120 61.99 204.539 0 
121 160.36 208.474 0 
122 160.36 208.474 0 
123 160.36 208.474 0 
124 160.36 208.474 0 
125 160.36 208.474 0 
126 160.36 208.474 0 
127 160.36 208.474 0 
128 160.36 208.474 0 
129 160.36 208.474 0 
130 160.36 208.474 0 
131 61.99 291.105 0 
132 69.8596 204.539 0 
133 160.36 208.474 0 
134 160.36 208.474 0 
135 160.36 208.474 0 
136 160.36 208.474 0 
137 160.36 208.474 0 
138 160.36 208.474 0 
139 160.36 208.474 0 
140 160.36 208.474 0 
141 160.36 208.474 0 
142 160.36 208.474 0 
143 69.8596 291.105 0 
144 77.7293 204.539 0 
145 160.36 208.474 0 
146 160.36 208.474 0 
147 160.36 208.474 0 
148 160.36 208.474 0 
149 160.36 208.474 0 
150 160.36 208.474 0 
151 160.36 208.474 0 
152 160.36 208.474 0 
153 160.36 208.474 0 
154 160.36 208.474 0 
155 77.7293 291.105 0 
156 77.7293 298.975 0 
157 77.7293 306.844 0 
158 77.7293 314.714 0 
159 77.7293 322.583 0 
160 77.7293 330.453 0 
161 77.7293 338.323 0 
162 77.7293 346.192 0 
163 77.7293 354.062 0 
164 77.7293 361.932 0 
165 77.7293 369.801 0 
166 77.7293 377.671 0 
167 77.7293 385.541 0 
168 77.7293 393.41 0 
169 77.7293 401.28 0 
170 77.7293 409.15 0 
171 85.5989 7.79822 0 
172 85.5989 15.6679 0 
173 85.5989 23.5375 0 
174 85.5989 31.4071 0 
175 85.5989 39.2767 0 
176 85.5989 47.1464 0 
177 85.5989 55.016 0 
178 85.5989 62.8857 0 
179 85.5989 70.7553 0 
180 85.5989 78.6249 0 
181 85.5989 86.4946 0 
182 85.5989 94.3642 0 
183 85.5989 102.234 0 
184 85.5989 110.103 0 
185 85.5989 117.973 0 
186 85.5989 125.843 0 
187 85.5989 133.712 0 
188 85.5989 141.582 0 
189 85.5989 149.452 0 
190 85.5989 157.321 0 
191 85.5989 165.191 0 
192 85.5989 173.061 0 
193 85.5989 180.93 0 
194 85.5989 188.8 0 
195 85.5989 196.669 0 
196 85.5989 204.539 0 
197 160.36 208.474 0 
198 160.36 208.474 0 
199 160.36 208.474 0 
200 160.36 208.474 0 
201 160.36 208.474 0 
202 160.36 208.474 0 
203 160.36 208.474 0 
204 160.36 208.474 0 
205 160.36 208.474 0 
206 160.36 208.474 0 
207 160.36 208.474 0 
208 160.36 208.474 0 
209 160.36 208.474 0 
210 160.36 208.474 0 
211 160.36 208.474 0 
212 160.36 208.474 0 
213 160.36 208.474 0 
214 160.36 208.474 0 
215 160.36 208.474 0 
216 160.36 208.474 0 
217 160.36 208.474 0 
218 160.36 208.474 0 
219 160.36 208.474 0 
220 160.36 208.474 0 
221 160.36 208.474 0 
222 85.5989 409.15 0 
223 93.4685 7.79822 0 
224 160.36 208.474 0 
225 160.36 208.474 0 
226 160.36 208.474 0 
227 160.36 208.474 0 
228 160.36 208.474 0 
229 160.36 208.474 0 
230 160.36 208.474 0 
231 160.36 208.474 0 
232 160.36 208.474 0 
233 160.36 208.474 0 
234 160.36 208.474 0 
235 160.36 208.474 0 
236 160.36 208.474 0 
237 160.36 208.474 0 
238 160.36 208.474 0 
239 160.36 208.474 0 
240 160.36 208.474 0 
241 160.36 208.474 0 
242 160.36 208.474 0 
243 160.36 208.474 0 
244 160.36 208.474 0 
245 160.36 208.474 0 
246 160.36 208.474 0 
247 160.36 208.474 0 
248 160.36 208.474 0 
249 160.36 208.474 0 
250 160.36 208.474 0 
251 160.36 208.474 0 
252 160.36 208.474 0 
253 160.36 208.474 0 
254 160.36 208.474 0 
255 160.36 208.474 0 
256 160.36 208.474 0 
257 160.36 208.474 0 
258 160.36 208.474 0 
259 160.36 208.474 0 
260 160.36 208.474 0 
261 160.36 208.474 0 
262 160.36 208.474 0 
263 160.36 208.474 0 
264 160.36 208.474 0 
265 160.36 208.474 0 
266 160.36 208.474 0 
267 160.36 208.474 0 
268 160.36 208.474 0 
269 160.36 208.474 0 
270 160.36 208.474 0 
271 160.36 208.474 0 
272 160.36 208.474 0 
273 160.36 208.474 0 
274 93.4685 409.15 0 
275 101.338 7.79822 0 
276 160.36 208.474 0 
277 160.36 208.474 0 
278 160.36 208.474 0 
279 160.36 208.474 0 
280 160.36 208.474 0 
281 160.36 208.474 0 
282 160.36 208.474 0 
283 160.36 208.474 0 
284 160.36 208.474 0 
285 160.36 208.474 0 
286 160.36 208.474 0 
287 160.36 208.474 0 
288 160.36 208.474 0 
289 160.36 208.474 0 
290 160.36 208.474 0 
291 160.36 208.474 0 
292 160.36 208.474 0 
293 160.36 208.474 0 
294 160.36 208.474 0 
295 160.36 208.474 0 
296 160.36 208.474 0 
297 160.36 208.474 0 
298 160.36 208.474 0 
299 160.36 208.474 0 
300 160.36 208.474 0 
301 160.36 208.474 0 
302 160.36 208.474 0 
303 160.36 208.474 0 
304 160.36 208.474 0 
305 160.36 208.474 0 
306 160.36 208.474 0 
307 160.36 208.474 0 
308 160.36 208.474 0 
309 160.36 208.474 0 
310 160.36 208.474 0 
311 160.36 208.474 0 
312 160.36 208.474 0 
313 160.36 208.474 0 
314 160.36 208.474 0 
315 160.36 208.474 0 
316 160.36 208.474 0 
317 160.36 208.474 0 
318 160.36 208.474 0 
319 160.36 208.474 0 
320 160.36 208.474 0 
321 160.36 208.474 0 
322 160.36 208.474 0 
323 160.36 208.474 0 
324 160.36 208.474 0 
325 160.36 208.474 0 
326 101.338 409.15 0 
327 109.208 7.79822 0 
328 160.36 208.474 0 
329 160.36 208.474 0 
330 160.36 208.474 0 
331 160.36 208.474 0 
332 160.36 208.474 0 
333 160.36 208.474 0 
334 160.36 208.474 0 
335 160.36 208.474 0 
336 160.36 208.474 0 
337 160.36 208.474 0 
338 160.36 208.474 0 
339 160.36 208.474 0 
340 160.36 208.474 0 
341 160.36 208.474 0 
342 160.36 208.474 0 
343 160.36 208.474 0 
344 160.36 208.474 0 
345 160.36 208.474 0 
346 160.36 208.474 0 
347 160.36 208.474 0 
348 160.36 208.474 0 
349 160.36 208.474 0 
350 160.36 208.474 0 
351 160.36 208.474 0 
352 160.36 208.474 0 
353 160.36 208.474 0 
354 160.36 208.474 0 
355 160.36 208.474 0 
356 160.36 208.474 0 
357 160.36 208.474 0 
358 160.36 208.474 0 
359 160.36 208.474 0 
360 160.36 208.474 0 
361 160.36 208.474 0 
362 160.36 208.474 0 
363 160.36 208.474 0 
364 160.36 208.474 0 
365 160.36 208.474 0 
366 160.36 208.474 0 
367 160.36 208.474 0 
368 160.36 208.474 0 
369 160.36 208.474 0 
370 160.36 208.474 0 
371 160.36 208.474 0 
372 160.36 208.474 0 
373 160.36 208.474 0 
374 160.36 208.474 0 
375 160.36 208.474 0 
376 160.36 208.474 0 
377 160.36 208.474 0 
378 109.208 409.15 0 
379 117.077 7.79822 0 
380 160.36 208.474 0 
381 160.36 208.474 0 
382 160.36 208.474 0 
383 160.36 208.474 0 
384 160.36 208.474 0 
385 160.36 208.474 0 
386 160.36 208.474 0 
387 160.36 208.474 0 
388 160.36 208.474 0 
389 160.36 208.474 0 
390 160.36 208.474 0 
391 160.36 208.474 0 
392 160.36 208.474 0 
393 160.36 208.474 0 
394 160.36 208.474 0 
395 160.36 208.474 0 
396 160.36 208.474 0 
397 160.36 208.474 0 
398 160.36 208.474 0 
399 160.36 208.474 0 
400 160.36 208.474 0 
401 160.36 208.474 0 
402 160.36 208.474 0 
403 160.36 208.474 0 
404 160.36 208.474 0 
405 160.36 208.474 0 
406 160.36 208.474 0 
407 160.36 208.474 0 
408 160.36 208.474 0 
409 160.36 208.474 0 
410 160.36 208.474 0 
411 160.36 208.474 0 
412 160.36 208.474 0 
413 160.36 208.474 0 
414 160.36 208.474 0 
415 160.36 208.474 0 
416 160.36 208.474 0 
417 160.36 208.474 0 
418 160.36 208.474 0 
419 160.36 208.474 0 
420 160.36 208.474 0 
421 160.36 208.474 0 
422 160.36 208.474 0 
423 160.36 208.474 0 
424 160.36 208.474 0 
425 160.36 208.474 0 
426 160.36 208.474 0 
427 160.36 208.474 0 
428 160.36 208.474 0 
429 160.36 208.474 0 
430 117.077 409.15 0 
431 124.947 7.79822 0 
432 160.36 208.474 0 
433 160.36 208.474 0 
434 160.36 208.474 0 
435 160.36 208.474 0 
436 160.36 208.474 0 
437 160.36 208.474 0 
438 160.36 208.474 0 
439 160.36 208.474 0 
440 160.36 208.474 0 
441 160.36 208.474 0 
442 160.36 208.474 0 
443 160.36 208.474 0 
444 160.36 208.474 0 
445 160.36 208.474 0 
446 160.36 208.474 0 
447 160.36 208.474 0 
448 160.36 208.474 0 
449 160.36 208.474 0 
450 160.36 208.474 0 
451 160.36 208.474 0 
452 160.36 208.474 0 
453 160.36 208.474 0 
454 160.36 208.474 0 
455 160.36 208.474 0 
456 160.36 208.474 0 
457 160.36 208.474 0 
458 160.36 208.474 0 
459 160.36 208.474 0 
460 160.36 208.474 0 
461 160.36 208.474 0 
462 160.36 208.474 0 
463 160.36 208.474 0 
464 160.36 208.474 0 
465 160.36 208.474 0 
466 160.36 208.474 0 
467 160.36 208.474 0 
468 160.36 208.474 0 
469 160.36 208.474 0 
470 160.36 208.474 0 
471 160.36 208.474 0 
472 160.36 208.474 0 
473 160.36 208.474 0 
474 160.36 208.474 0 
475 160.36 208.474 0 
476 160.36 208.474 0 
477 160.36 208.474 0 
478 160.36 208.474 0 
479 160.36 208.474 0 
480 160.36 208.474 0 
481 160.36 208.474 0 
482 124.947 409.15 0 
483 132.817 7.79822 0 
484 160.36 208.474 0 
485 160.36 208.474 0 
486 160.36 208.474 0 
487 160.36 208.474 0 
488 160.36 208.474 0 
489 160.36 208.474 0 
490 160.36 208.474 0 
491 160.36 208.474 0 
492 160.36 208.474 0 
493 160.36 208.474 0 
494 160.36 208.474 0 
495 160.36 208.474 0 
496 160.36 208.474 0 
497 160.36 208.474 0 
498 160.36 208.474 0 
499 160.36 208.474 0 
500 160.36 208.474 0 
501 160.36 208.474 0 
502 160.36 208.474 0 
503 160.36 208.474 0 
504 160.36 208.474 0 
505 160.36 208.474 0 
506 160.36 208.474 0 
507 160.36 208.474 0 
508 160.36 208.474 0 
509 160.36 208.474 0 
510 160.36 208.474 0 
511 160.36 208.474 0 
512 132.817 236.018 0 
513 132.817 243.887 0 
514 132.817 251.757 0 
515 132.817 259.626 0 
516 132.817 267.496 0 
517 132.817 275.366 0 
518 132.817 283.235 0 
519 132.817 291.105 0 
520 160.36 208.474 0 
521 160.36 208.474 0 
522 160.36 208.474 0 
523 160.36 208.474 0 
524 132.817 330.453 0 
525 132.817 338.323 0 
526 132.817 346.192 0 
527 132.817 354.062 0 
528 132.817 361.932 0 
529 132.817 369.801 0 
530 160.36 208.474 0 
531 160.36 208.474 0 
532 160.36 208.474 0 
533 160.36 208.474 0 
534 132.817 409.15 0 
535 140.686 7.79822 0 
536 160.36 208.474 0 
537 160.36 208.474 0 
538 160.36 208.474 0 
539 160.36 208.474 0 
540 160.36 208.474 0 
541 160.36 208.474 0 
542 160.36 208.474 0 
543 160.36 208.474 0 
544 160.36 208.474 0 
545 160.36 208.474 0 
546 160.36 208.474 0 
547 160.36 208.474 0 
548 160.36 208.474 0 
549 160.36 208.474 0 
550 160.36 208.474 0 
551 160.36 208.474 0 
552 160.36 208.474 0 
553 160.36 208.474 0 
554 160.36 208.474 0 
555 160.36 208.474 0 
556 160.36 208.474 0 
557 160.36 208.474 0 
558 160.36 208.474 0 
559 160.36 208.474 0 
560 160.36 208.474 0 
561 160.36 208.474 0 
562 160.36 208.474 0 
563 160.36 208.474 0 
564 140.686 236.018 0 
565 140.686 291.105 0 
566 160.36 208.474 0 
567 160.36 208.474 0 
568 160.36 208.474 0 
569 160.36 208.474 0 
570 140.686 330.453 0 
571 140.686 369.801 0 
572 160.36 208.474 0 
573 160.36 208.474 0 
574 160.36 208.474 0 
575 160.36 208.474 0 
576 140.686 409.15 0 
577 148.556 7.79822 0 
578 160.36 208.474 0 
579 160.36 208.474 0 
580 160.36 208.474 0 
581 160.36 208.474 0 
582 160.36 208.474 0 
583 160.36 208.474 0 
584 160.36 208.474 0 
585 160.36 208.474 0 
586 160.36 208.474 0 
587 160.36 208.474 0 
588 160.36 208.474 0 
589 160.36 208.474 0 
590 160.36 208.474 0 
591 160.36 208.474 0 
592 160.36 208.474 0 
593 160.36 208.474 0 
594 160.36 208.474 0 
595 160.36 208.474 0 
596 160.36 208.474 0 
597 160.36 208.474 0 
598 160.36 208.474 0 
599 160.36 208.474 0 
600 160.36 208.474 0 
601 160.36 208.474 0 
602 160.36 208.474 0 
603 160.36 208.474 0 
604 160.36 208.474 0 
605 160.36 208.474 0 
606 148.556 236.018 0 
607 148.556 243.887 0 
608 148.556 251.757 0 
609 148.556 291.105 0 
610 160.36 208.474 0 
611 160.36 208.474 0 
612 160.36 208.474 0 
613 160.36 208.474 0 
614 148.556 330.453 0 
615 148.556 369.801 0 
616 160.36 208.474 0 
617 160.36 208.474 0 
618 160.36 208.474 0 
619 160.36 208.474 0 
620 148.556 409.15 0 
621 156.426 7.79822 0 
622 160.36 208.474 0 
623 160.36 208.474 0 
624 160.36 208.474 0 
625 160.36 208.474 0 
626 160.36 208.474 0 
627 160.36 208.474 0 
628 160.36 208.474 0 
629 160.36 208.474 0 
630 160.36 208.474 0 
631 160.36 208.474 0 
632 160.36 208.474 0 
633 160.36 208.474 0 
634 160.36 208.474 0 
635 160.36 208.474 0 
636 160.36 208.474 0 
637 160.36 208.474 0 
638 160.36 208.474 0 
639 160.36 208.474 0 
640 160.36 208.474 0 
641 160.36 208.474 0 
642 160.36 208.474 0 
643 160.36 208.474 0 
644 160.36 208.474 0 
645 160.36 208.474 0 
646 160.36 208.474 0 
647 160.36 208.474 0 
648 160.36 208.474 0 
649 160.36 208.474 0 
650 160.36 208.474 0 
651 160.36 208.474 0 
652 156.426 251.757 0 
653 156.426 291.105 0 
654 160.36 208.474 0 
655 160.36 208.474 0 
656 160.36 208.474 0 
657 160.36 208.474 0 
658 156.426 330.453 0 
659 156.426 369.801 0 
660 160.36 208.474 0 
661 160.36 208.474 0 
662 160.36 208.474 0 
663 160.36 208.474 0 
664 156.426 409.15 0 
665 164.295 7.79822 0 
666 164.295 15.6679 0 
667 164.295 23.5375 0 
668 164.295 31.4071 0 
669 164.295 39.2767 0 
670 164.295 47.1464 0 
671 164.295 55.016 0 
672 164.295 62.8857 0 
673 164.295 70.7553 0 
674 164.295 78.6249 0 
675 164.295 86.4946 0 
676 164.295 94.3642 0 
677 160.36 208.474 0 
678 160.36 208.474 0 
679 160.36 208.474 0 
680 160.36 208.474 0 
681 160.36 208.474 0 
682 160.36 208.474 0 
683 160.36 208.474 0 
684 160.36 208.474 0 
685 160.36 208.474 0 
686 160.36 208.474 0 
687 160.36 208.474 0 
688 160.36 208.474 0 
689 160.36 208.474 0 
690 160.36 208.474 0 
691 160.36 208.474 0 
692 160.36 208.474 0 
693 160.36 208.474 0 
694 160.36 208.474 0 
695 160.36 208.474 0 
696 164.295 251.757 0 
697 164.295 259.626 0 
698 164.295 267.496 0 
699 164.295 275.366 0 
700 164.295 283.235 0 
701 164.295 291.105 0 
702 160.36 208.474 0 
703 160.36 208.474 0 
704 160.36 208.474 0 
705 160.36 208.474 0 
706 164.295 330.453 0 
707 164.295 369.801 0 
708 160.36 208.474 0 
709 160.36 208.474 0 
710 160.36 208.474 0 
711 160.36 208.474 0 
712 164.295 409.15 0 
713 172.165 94.3642 0 
714 160.36 208.474 0 
715 160.36 208.474 0 
716 160.36 208.474 0 
717 160.36 208.474 0 
718 160.36 208.474 0 
719 160.36 208.474 0 
720 160.36 208.474 0 
721 172.165 157.321 0 
722 172.165 165.191 0 
723 172.165 173.061 0 
724 172.165 180.93 0 
725 172.165 188.8 0 
726 172.165 196.669 0 
727 160.36 208.474 0 
728 160.36 208.474 0 
729 160.36 208.474 0 
730 160.36 208.474 0 
731 160.36 208.474 0 
732 160.36 208.474 0 
733 160.36 208.474 0 
734 160.36 208.474 0 
735 160.36 208.474 0 
736 160.36 208.474 0 
737 160.36 208.474 0 
738 160.36 208.474 0 
739 160.36 208.474 0 
740 160.36 208.474 0 
741 160.36 208.474 0 
742 160.36 208.474 0 
743 172.165 330.453 0 
744 172.165 338.323 0 
745 172.165 346.192 0 
746 172.165 354.062 0 
747 172.165 361.932 0 
748 172.165 369.801 0 
749 160.36 208.474 0 
750 160.36 208.474 0 
751 160.36 208.474 0 
752 160.36 208.474 0 
753 172.165 409.15 0 
754 180.035 94.3642 0 
755 160.36 208.474 0 
756 160.36 208.474 0 
757 160.36 208.474 0 
758 160.36 208.474 0 
759 160.36 208.474 0 
760 160.36 208.474 0 
761 160.36 208.474 0 
762 180.035 157.321 0 
763 180.035 196.669 0 
764 160.36 208.474 0 
765 160.36 208.474 0 
766 160.36 208.474 0 
767 160.36 208.474 0 
768 160.36 208.474 0 
769 160.36 208.474 0 
770 160.36 208.474 0 
771 160.36 208.474 0 
772 160.36 208.474 0 
773 160.36 208.474 0 
774 160.36 208.474 0 
775 160.36 208.474 0 
776 160.36 208.474 0 
777 160.36 208.474 0 
778 160.36 208.474 0 
779 160.36 208.474 0 
780 160.36 208.474 0 
781 160.36 208.474 0 
782 160.36 208.474 0 
783 160.36 208.474 0 
784 160.36 208.474 0 
785 160.36 208.474 0 
786 160.36 208.474 0 
787 160.36 208.474 0 
788 160.36 208.474 0 
789 160.36 208.474 0 
790 180.035 409.15 0 
791 187.904 94.3642 0 
792 160.36 208.474 0 
793 160.36 208.474 0 
794 160.36 208.474 0 
795 160.36 208.474 0 
796 160.36 208.474 0 
797 160.36 208.474 0 
798 160.36 208.474 0 
799 187.904 157.321 0 
800 187.904 196.669 0 
801 160.36 208.474 0 
802 160.36 208.474 0 
803 160.36 208.474 0 
804 160.36 208.474 0 
805 160.36 208.474 0 
806 160.36 208.474 0 
807 160.36 208.474 0 
808 160.36 208.474 0 
809 160.36 208.474 0 
810 160.36 208.474 0 
811 160.36 208.474 0 
812 160.36 208.474 0 
813 160.36 208.474 0 
814 160.36 208.474 0 
815 160.36 208.474 0 
816 160.36 208.474 0 
817 160.36 208.474 0 
818 160.36 208.474 0 
819 160.36 208.474 0 
820 160.36 208.474 0 
821 160.36 208.474 0 
822 160.36 208.474 0 
823 160.36 208.474 0 
824 160.36 208.474 0 
825 160.36 208.474 0 
826 160.36 208.474 0 
827 187.904 409.15 0 
828 195.774 15.6679 0 
829 195.774 23.5375 0 
830 195.774 31.4071 0 
831 195.774 39.2767 0 
832 195.774 47.1464 0 
833 195.774 55.016 0 
834 195.774 62.8857 0 
835 195.774 70.7553 0 
836 195.774 78.6249 0 
837 195.774 86.4946 0 
838 195.774 94.3642 0 
839 160.36 208.474 0 
840 160.36 208.474 0 
841 160.36 208.474 0 
842 160.36 208.474 0 
843 160.36 208.474 0 
844 160.36 208.474 0 
845 160.36 208.474 0 
846 195.774 157.321 0 
847 195.774 196.669 0 
848 160.36 208.474 0 
849 160.36 208.474 0 
850 160.36 208.474 0 
851 160.36 208.474 0 
852 160.36 208.474 0 
853 160.36 208.474 0 
854 160.36 208.474 0 
855 160.36 208.474 0 
856 160.36 208.474 0 
857 160.36 208.474 0 
858 160.36 208.474 0 
859 160.36 208.474 0 
860 160.36 208.474 0 
861 160.36 208.474 0 
862 160.36 208.474 0 
863 160.36 208.474 0 
864 160.36 208.474 0 
865 160.36 208.474 0 
866 160.36 208.474 0 
867 160.36 208.474 0 
868 160.36 208.474 0 
869 160.36 208.474 0 
870 160.36 208.474 0 
871 160.36 208.474 0 
872 160.36 208.474 0 
873 160.36 208.474 0 
874 195.774 409.15 0 
875 203.643 15.6679 0 
876 160.36 208.474 0 
877 160.36 208.474 0 
878 160.36 208.474 0 
879 160.36 208.474 0 
880 160.36 208.474 0 
881 160.36 208.474 0 
882 160.36 208.474 0 
883 160.36 208.474 0 
884 160.36 208.474 0 
885 160.36 208.474 0 
886 160.36 208.474 0 
887 160.36 208.474 0 
888 160.36 208.474 0 
889 160.36 208.474 0 
890 160.36 208.474 0 
891 160.36 208.474 0 
892 160.36 208.474 0 
893 203.643 157.321 0 
894 203.643 196.669 0 
895 160.36 208.474 0 
896 160.36 208.474 0 
897 160.36 208.474 0 
898 160.36 208.474 0 
899 160.36 208.474 0 
900 160.36 208.474 0 
901 160.36 208.474 0 
902 160.36 208.474 0 
903 160.36 208.474 0 
904 160.36 208.474 0 
905 160.36 208.474 0 
906 160.36 208.474 0 
907 160.36 208.474 0 
908 160.36 208.474 0 
909 160.36 208.474 0 
910 160.36 208.474 0 
911 160.36 208.474 0 
912 160.36 208.474 0 
913 160.36 208.474 0 
914 160.36 208.474 0 
915 160.36 208.474 0 
916 160.36 208.474 0 
917 160.36 208.474 0 
918 160.36 208.474 0 
919 160.36 208.474 0 
920 160.36 208.474 0 
921 203.643 409.15 0 
922 211.513 15.6679 0 
923 160.36 208.474 0 
924 160.36 208.474 0 
925 160.36 208.474 0 
926 160.36 208.474 0 
927 160.36 208.474 0 
928 160.36 208.474 0 
929 160.36 208.474 0 
930 160.36 208.474 0 
931 160.36 208.474 0 
932 160.36 208.474 0 
933 160.36 208.474 0 
934 160.36 208.474 0 
935 160.36 208.474 0 
936 160.36 208.474 0 
937 160.36 208.474 0 
938 160.36 208.474 0 
939 160.36 208.474 0 
940 211.513 157.321 0 
941 211.513 165.191 0 
942 211.513 173.061 0 
943 211.513 180.93 0 
944 211.513 188.8 0 
945 211.513 196.669 0 
946 160.36 208.474 0 
947 160.36 208.474 0 
948 160.36 208.474 0 
949 160.36 208.474 0 
950 160.36 208.474 0 
951 160.36 208.474 0 
952 160.36 208.474 0 
953 160.36 208.474 0 
954 160.36 208.474 0 
955 160.36 208.474 0 
956 160.36 208.474 0 
957 160.36 208.474 0 
958 211.513 298.975 0 
959 211.513 306.844 0 
960 211.513 314.714 0 
961 211.513 322.583 0 
962 211.513 330.453 0 
963 211.513 338.323 0 
964 211.513 346.192 0 
965 211.513 354.062 0 
966 211.513 361.932 0 
967 211.513 369.801 0 
968 211.513 377.671 0 
969 211.513 385.541 0 
970 211.513 393.41 0 
971 211.513 401.28 0 
972 211.513 409.15 0 
973 219.383 15.6679 0 
974 160.36 208.474 0 
975 160.36 208.474 0 
976 160.36 208.474 0 
977 160.36 208.474 0 
978 160.36 208.474 0 
979 160.36 208.474 0 
980 160.36 208.474 0 
981 160.36 208.474 0 
982 160.36 208.474 0 
983 160.36 208.474 0 
984 160.36 208.474 0 
985 160.36 208.474 0 
986 160.36 208.474 0 
987 160.36 208.474 0 
988 160.36 208.474 0 
989 160.36 208.474 0 
990 160.36 208.474 0 
991 160.36 208.474 0 
992 160.36 208.474 0 
993 160.36 208.474 0 
994 160.36 208.474 0 
995 160.36 208.474 0 
996 160.36 208.474 0 
997 160.36 208.474 0 
998 160.36 208.474 0 
999 160.36 208.474 0 
1000 160.36 208.474 0 
1001 160.36 208.474 0 
1002 160.36 208.474 0 
1003 160.36 208.474 0 
1004 160.36 208.474 0 
1005 160.36 208.474 0 
1006 160.36 208.474 0 
1007 160.36 208.474 0 
1008 160.36 208.474 0 
1009 219.383 298.975 0 
1010 227.252 15.6679 0 
1011 160.36 208.474 0 
1012 160.36 208.474 0 
1013 160.36 208.474 0 
1014 160.36 208.474 0 
1015 160.36 208.474 0 
1016 160.36 208.474 0 
1017 160.36 208.474 0 
1018 160.36 208.474 0 
1019 160.36 208.474 0 
1020 160.36 208.474 0 
1021 160.36 208.474 0 
1022 160.36 208.474 0 
1023 160.36 208.474 0 
1024 160.36 208.474 0 
1025 160.36 208.474 0 
1026 160.36 208.474 0 
1027 160.36 208.474 0 
1028 160.36 208.474 0 
1029 160.36 208.474 0 
1030 160.36 208.474 0 
1031 160.36 208.474 0 
1032 160.36 208.474 0 
1033 160.36 208.474 0 
1034 160.36 208.474 0 
1035 160.36 208.474 0 
1036 160.36 208.474 0 
1037 160.36 208.474 0 
1038 160.36 208.474 0 
1039 160.36 208.474 0 
1040 160.36 208.474 0 
1041 160.36 208.474 0 
1042 160.36 208.474 0 
1043 160.36 208.474 0 
1044 160.36 208.474 0 
1045 160.36 208.474 0 
1046 227.252 298.975 0 
1047 235.122 15.6679 0 
1048 160.36 208.474 0 
1049 160.36 208.474 0 
1050 160.36 208.474 0 
1051 160.36 208.474 0 
1052 160.36 208.474 0 
1053 160.36 208.474 0 
1054 160.36 208.474 0 
1055 160.36 208.474 0 
1056 160.36 208.474 0 
1057 160.36 208.474 0 
1058 160.36 208.474 0 
1059 160.36 208.474 0 
1060 160.36 208.474 0 
1061 160.36 208.474 0 
1062 160.36 208.474 0 
1063 160.36 208.474 0 
1064 160.36 208.474 0 
1065 160.36 208.474 0 
1066 160.36 208.474 0 
1067 160.36 208.474 0 
1068 160.36 208.474 0 
1069 160.36 208.474 0 
1070 160.36 208.474 0 
1071 160.36 208.474 0 
1072 160.36 208.474 0 
1073 160.36 208.474 0 
1074 160.36 208.474 0 
1075 160.36 208.474 0 
1076 160.36 208.474 0 
1077 160.36 208.474 0 
1078 160.36 208.474 0 
1079 160.36 208.474 0 
1080 160.36 208.474 0 
1081 160.36 208.474 0 
1082 160.36 208.474 0 
1083 235.122 298.975 0 
1084 242.992 15.6679 0 
1085 160.36 208.474 0 
1086 160.36 208.474 0 
1087 160.36 208.474 0 
1088 160.36 208.474 0 
1089 160.36 208.474 0 
1090 160.36 208.474 0 
1091 160.36 208.474 0 
1092 160.36 208.474 0 
1093 160.36 208.474 0 
1094 160.36 208.474 0 
1095 160.36 208.474 0 
1096 160.36 208.474 0 
1097 160.36 208.474 0 
1098 160.36 208.474 0 
1099 160.36 208.474 0 
1100 160.36 208.474 0 
1101 160.36 208.474 0 
1102 160.36 208.474 0 
1103 160.36 208.474 0 
1104 160.36 208.474 0 
1105 160.36 208.474 0 
1106 160.36 208.474 0 
1107 160.36 208.474 0 
1108 160.36 208.474 0 
1109 160.36 208.474 0 
1110 160.36 208.474 0 
1111 160.36 208.474 0 
1112 160.36 208.474 0 
1113 160.36 208.474 0 
1114 160.36 208.474 0 
1115 160.36 208.474 0 
1116 160.36 208.474 0 
1117 160.36 208.474 0 
1118 160.36 208.474 0 
1119 160.36 208.474 0 
1120 242.992 298.975 0 
1121 250.861 15.6679 0 
1122 160.36 208.474 0 
1123 160.36 208.474 0 
1124 160.36 208.474 0 
1125 160.36 208.474 0 
1126 160.36 208.474 0 
1127 160.36 208.474 0 
1128 160.36 208.474 0 
1129 160.36 208.474 0 
1130 160.36 208.474 0 
1131 160.36 208.474 0 
1132 160.36 208.474 0 
1133 160.36 208.474 0 
1134 160.36 208.474 0 
1135 160.36 208.474 0 
1136 160.36 208.474 0 
1137 160.36 208.474 0 
1138 160.36 208.474 0 
1139 160.36 208.474 0 
1140 160.36 208.474 0 
1141 160.36 208.474 0 
1142 160.36 208.474 0 
1143 160.36 208.474 0 
1144 160.36 208.474 0 
1145 160.36 208.474 0 
1146 160.36 208.474 0 
1147 160.36 208.474 0 
1148 160.36 208.474 0 
1149 160.36 208.474 0 
1150 160.36 208.474 0 
1151 160.36 208.474 0 
1152 160.36 208.474 0 
1153 160.36 208.474 0 
1154 160.36 208.474 0 
1155 160.36 208.474 0 
1156 160.36 208.474 0 
1157 250.861 298.975 0 
1158 258.731 15.6679 0 
1159 160.36 208.474 0 
1160 160.36 208.474 0 
1161 160.36 208.474 0 
1162 160.36 208.474 0 
1163 160.36 208.474 0 
1164 160.36 208.474 0 
1165 160.36 208.474 0 
1166 160.36 208.474 0 
1167 160.36 208.474 0 
1168 160.36 208.474 0 
1169 160.36 208.474 0 
1170 160.36 208.474 0 
1171 160.36 208.474 0 
1172 160.36 208.474 0 
1173 160.36 208.474 0 
1174 160.36 208.474 0 
1175 160.36 208.474 0 
1176 160.36 208.474 0 
1177 160.36 208.474 0 
1178 160.36 208.474 0 
1179 160.36 208.474 0 
1180 160.36 208.474 0 
1181 160.36 208.474 0 
1182 160.36 208.474 0 
1183 160.36 208.474 0 
1184 160.36 208.474 0 
1185 160.36 208.474 0 
1186 160.36 208.474 0 
1187 160.36 208.474 0 
1188 160.36 208.474 0 
1189 160.36 208.474 0 
1190 160.36 208.474 0 
1191 160.36 208.474 0 
1192 160.36 208.474 0 
1193 160.36 208.474 0 
1194 258.731 298.975 0 
1195 266.6 15.6679 0 
1196 266.6 23.5375 0 
1197 266.6 31.4071 0 
1198 266.6 39.2767 0 
1199 266.6 47.1464 0 
1200 266.6 55.016 0 
1201 266.6 62.8857 0 
1202 266.6 70.7553 0 
1203 266.6 78.6249 0 
1204 266.6 86.4946 0 
1205 266.6 94.3642 0 
1206 266.6 102.234 0 
1207 266.6 110.103 0 
1208 266.6 117.973 0 
1209 266.6 125.843 0 
1210 266.6 133.712 0 
1211 266.6 141.582 0 
1212 266.6 149.452 0 
1213 266.6 157.321 0 
1214 266.6 165.191 0 
1215 266.6 173.061 0 
1216 266.6 180.93 0 
1217 266.6 188.8 0 
1218 266.6 196.669 0 
1219 266.6 204.539 0 
1220 266.6 212.409 0 
1221 266.6 220.278 0 
1222 160.36 208.474 0 
1223 160.36 208.474 0 
1224 160.36 208.474 0 
1225 160.36 208.474 0 
1226 160.36 208.474 0 
1227 160.36 208.474 0 
1228 160.36 208.474 0 
1229 160.36 208.474 0 
1230 160.36 208.474 0 
1231 266.6 298.975 0 
1232 274.47 220.278 0 
1233 160.36 208.474 0 
1234 160.36 208.474 0 
1235 160.36 208.474 0 
1236 160.36 208.474 0 
1237 160.36 208.474 0 
1238 160.36 208.474 0 
1239 160.36 208.474 0 
1240 160.36 208.474 0 
1241 160.36 208.474 0 
1242 274.47 298.975 0 
1243 282.34 220.278 0 
1244 160.36 208.474 0 
1245 160.36 208.474 0 
1246 160.36 208.474 0 
1247 160.36 208.474 0 
1248 160.36 208.474 0 
1249 160.36 208.474 0 
1250 160.36 208.474 0 
1251 160.36 208.474 0 
1252 160.36 208.474 0 
1253 282.34 298.975 0 
1254 290.209 220.278 0 
1255 160.36 208.474 0 
1256 160.36 208.474 0 
1257 160.36 208.474 0 
1258 160.36 208.474 0 
1259 160.36 208.474 0 
1260 160.36 208.474 0 
1261 160.36 208.474 0 
1262 160.36 208.474 0 
1263 160.36 208.474 0 
1264 290.209 298.975 0 
1265 298.079 220.278 0 
1266 160.36 208.474 0 
1267 160.36 208.474 0 
1268 160.36 208.474 0 
1269 160.36 208.474 0 
1270 160.36 208.474 0 
1271 160.36 208.474 0 
1272 160.36 208.474 0 
1273 160.36 208.474 0 
1274 160.36 208.474 0 
1275 298.079 298.975 0 
1276 305.949 220.278 0 
1277 160.36 208.474 0 
1278 160.36 208.474 0 
1279 160.36 208.474 0 
1280 160.36 208.474 0 
1281 160.36 208.474 0 
1282 160.36 208.474 0 
1283 160.36 208.474 0 
1284 160.36 208.474 0 
1285 160.36 208.474 0 
1286 305.949 298.975 0 
1287 313.818 220.278 0 
1288 160.36 208.474 0 
1289 160.36 208.474 0 
1290 160.36 208.474 0 
1291 160.36 208.474 0 
1292 160.36 208.474 0 
1293 160.36 208.474 0 
1294 160.36 208.474 0 
1295 160.36 208.474 0 
1296 160.36 208.474 0 
1297 313.818 298.975 0 
1298 321.688 220.278 0 
1299 160.36 208.474 0 
1300 160.36 208.474 0 
1301 160.36 208.474 0 
1302 160.36 208.474 0 
1303 160.36 208.474 0 
1304 160.36 208.474 0 
1305 160.36 208.474 0 
1306 160.36 208.474 0 
1307 160.36 208.474 0 
1308 321.688 298.975 0 
1309 329.557 220.278 0 
1310 160.36 208.474 0 
1311 160.36 208.474 0 
1312 160.36 208.474 0 
1313 160.36 208.474 0 
1314 160.36 208.474 0 
1315 160.36 208.474 0 
1316 160.36 208.474 0 
1317 160.36 208.474 0 
1318 160.36 208.474 0 
1319 329.557 298.975 0 
1320 337.427 220.278 0 
1321 337.427 228.148 0 
1322 337.427 236.018 0 
1323 337.427 243.887 0 
1324 337.427 251.757 0 
1325 337.427 259.626 0 
1326 337.427 267.496 0 
1327 337.427 275.366 0 
1328 337.427 283.235 0 
1329 337.427 291.105 0 
1330 337.427 298.975 0 
