0 -16.7063 204.539 0 
1 -16.7063 212.409 0 
2 -16.7063 220.278 0 
3 -16.7063 228.148 0 
4 -16.7063 236.018 0 
5 -16.7063 243.887 0 
6 -16.7063 251.757 0 
7 -16.7063 259.626 0 
8 -16.7063 267.496 0 
9 -16.7063 275.366 0 
10 -16.7063 283.235 0 
11 -16.7063 291.105 0 
12 -8.83668 204.539 0 
13 -9.67762 212.125 0 
14 -9.59826 220.013 0 
15 -9.44513 228.19 0 
16 -9.37299 236.385 0 
17 -9.2908 244.642 0 
18 -9.15515 252.968 0 
19 -9.0406 261.203 0 
20 -8.94889 269.431 0 
21 -8.92856 277.393 0 
22 -9.29252 284.91 0 
23 -8.83668 291.105 0 
24 -0.967053 204.539 0 
25 -1.57821 212.443 0 
26 -1.64576 220.263 0 
27 -1.54269 228.322 0 
28 -1.44823 236.507 0 
29 -1.34524 244.775 0 
30 -1.21304 253.074 0 
31 -1.06255 261.308 0 
32 -0.936977 269.388 0 
33 -0.901488 277.178 0 
34 -1.03761 284.577 0 
35 -0.967052 291.105 0 
36 6.90258 204.539 0 
37 6.65681 212.515 0 
38 6.57916 220.429 0 
39 6.60682 228.448 0 
40 6.67031 236.562 0 
41 6.75816 244.737 0 
42 6.87206 252.918 0 
43 6.9996 261.03 0 
44 7.10487 268.994 0 
45 7.13637 276.72 0 
46 7.04849 284.124 0 
47 6.90258 291.105 0 
48 14.7722 204.539 0 
49 14.702 212.56 0 
50 14.6811 220.532 0 
51 14.7101 228.534 0 
52 14.7665 236.58 0 
53 14.8425 244.653 0 
54 14.9349 252.718 0 
55 15.0286 260.717 0 
56 15.0955 268.597 0 
57 15.096 276.305 0 
58 14.9935 283.811 0 
59 14.7722 291.105 0 
60 22.6418 204.539 0 
61 22.6291 212.595 0 
62 22.6631 220.592 0 
63 22.7177 228.573 0 
64 22.7825 236.56 0 
65 22.8536 244.549 0 
66 22.9274 252.519 0 
67 22.9918 260.436 0 
68 23.0232 268.27 0 
69 22.9925 275.989 0 
70 22.8719 283.592 0 
71 22.6418 291.105 0 
72 30.5115 204.539 0 
73 30.5161 212.605 0 
74 30.5784 220.601 0 
75 30.6524 228.56 0 
76 30.7261 236.499 0 
77 30.7956 244.425 0 
78 30.8571 252.329 0 
79 30.8996 260.196 0 
80 30.906 268.01 0 
81 30.8555 275.762 0 
82 30.7292 283.453 0 
83 30.5115 291.105 0 
84 38.3811 204.539 0 
85 38.3943 212.593 0 
86 38.4665 220.57 0 
87 38.5476 228.501 0 
88 38.6231 236.403 0 
89 38.6886 244.282 0 
90 38.74 252.145 0 
91 38.7681 259.984 0 
92 38.7599 267.796 0 
93 38.7016 275.581 0 
94 38.5803 283.347 0 
95 38.3811 291.105 0 
96 46.2507 204.539 0 
97 46.2781 212.555 0 
98 46.3497 220.512 0 
99 46.4246 228.416 0 
100 46.4932 236.286 0 
101 46.5493 244.132 0 
102 46.59 251.965 0 
103 46.6083 259.788 0 
104 46.5946 267.604 0 
105 46.5362 275.422 0 
106 46.4232 283.252 0 
107 46.2507 291.105 0 
108 54.1204 204.539 0 
109 54.1719 212.537 0 
110 54.235 220.462 0 
111 54.294 228.331 0 
112 54.3453 236.169 0 
113 54.3871 243.987 0 
114 54.4165 251.795 0 
115 54.4299 259.602 0 
116 54.4184 267.421 0 
117 54.3709 275.267 0 
118 54.2729 283.16 0 
119 54.1204 291.105 0 
120 61.99 204.539 0 
121 62.0722 212.54 0 
122 62.1231 220.432 0 
123 62.157 228.264 0 
124 62.1847 236.068 0 
125 62.2072 243.857 0 
126 62.2236 251.642 0 
127 62.2314 259.425 0 
128 62.2287 267.227 0 
129 62.2073 275.076 0 
130 62.1444 283.02 0 
131 61.99 291.105 0 
132 69.8596 204.539 0 
133 70.0211 212.579 0 
134 70.0302 220.429 0 
135 70.0238 228.222 0 
136 70.0214 235.996 0 
137 70.02 243.762 0 
138 70.0168 251.522 0 
139 70.0118 259.272 0 
140 70.0074 267.025 0 
141 70.0096 274.808 0 
142 70.0103 282.71 0 
143 69.8596 291.105 0 
144 77.7293 204.539 0 
145 77.913 212.684 0 
146 77.9351 220.483 0 
147 77.9112 228.22 0 
148 77.8751 235.963 0 
149 77.8424 243.711 0 
150 77.8104 251.451 0 
151 77.7746 259.173 0 
152 77.7305 266.879 0 
153 77.6796 274.595 0 
154 77.6364 282.45 0 
155 77.7293 291.105 0 
156 77.7293 298.975 0 
157 77.7293 306.844 0 
158 77.7293 314.714 0 
159 77.7293 322.583 0 
160 77.7293 330.453 0 
161 77.7293 338.323 0 
162 77.7293 346.192 0 
163 77.7293 354.062 0 
164 77.7293 361.932 0 
165 77.7293 369.801 0 
166 77.7293 377.671 0 
167 77.7293 385.541 0 
168 77.7293 393.41 0 
169 77.7293 401.28 0 
170 77.7293 409.15 0 
171 85.5989 7.79822 0 
172 85.5989 15.6679 0 
173 85.5989 23.5375 0 
174 85.5989 31.4071 0 
175 85.5989 39.2767 0 
176 85.5989 47.1464 0 
177 85.5989 55.016 0 
178 85.5989 62.8857 0 
179 85.5989 70.7553 0 
180 85.5989 78.6249 0 
181 85.5989 86.4946 0 
182 85.5989 94.3642 0 
183 85.5989 102.234 0 
184 85.5989 110.103 0 
185 85.5989 117.973 0 
186 85.5989 125.843 0 
187 85.5989 133.712 0 
188 85.5989 141.582 0 
189 85.5989 149.452 0 
190 85.5989 157.321 0 
191 85.5989 165.191 0 
192 85.5989 173.061 0 
193 85.5989 180.93 0 
194 85.5989 188.8 0 
195 85.5989 196.669 0 
196 85.5989 204.539 0 
197 87.0004 212.531 0 
198 86.2254 220.406 0 
199 85.9147 228.185 0 
200 85.7719 235.946 0 
201 85.6894 243.695 0 
202 85.6262 251.431 0 
203 85.5589 259.143 0 
204 85.469 266.822 0 
205 85.3317 274.462 0 
206 85.1306 282.053 0 
207 84.9379 289.629 0 
208 84.8576 297.006 0 
209 85.6853 306.085 0 
210 85.4837 314.567 0 
211 85.5228 322.671 0 
212 85.5946 330.564 0 
213 85.6109 338.441 0 
214 85.5756 346.314 0 
215 85.4953 354.215 0 
216 85.3469 362.179 0 
217 85.1233 370.228 0 
218 84.845 378.401 0 
219 84.5466 386.645 0 
220 84.3458 394.96 0 
221 84.4834 402.926 0 
222 85.5989 409.15 0 
223 93.4685 7.79822 0 
224 92.9219 14.7509 0 
225 93.0935 22.7537 0 
226 93.2248 30.822 0 
227 93.3297 38.8417 0 
228 93.3945 46.8348 0 
229 93.4336 54.7873 0 
230 93.4453 62.7098 0 
231 93.439 70.6155 0 
232 93.4235 78.5185 0 
233 93.4128 86.4096 0 
234 93.4041 94.2915 0 
235 93.4041 102.162 0 
236 93.4027 110.024 0 
237 93.3994 117.885 0 
238 93.395 125.749 0 
239 93.3821 133.623 0 
240 93.3931 141.509 0 
241 93.4158 149.397 0 
242 93.4255 157.28 0 
243 93.427 165.173 0 
244 93.4434 173.077 0 
245 93.4665 180.984 0 
246 93.4893 188.902 0 
247 93.5332 196.854 0 
248 93.698 204.793 0 
249 94.2219 212.82 0 
250 94.0419 220.441 0 
251 93.7802 228.199 0 
252 93.6267 235.957 0 
253 93.5355 243.708 0 
254 93.4673 251.449 0 
255 93.3943 259.171 0 
256 93.2999 266.868 0 
257 93.171 274.547 0 
258 93.0071 282.235 0 
259 92.8654 289.973 0 
260 92.9035 297.776 0 
261 93.4489 306.083 0 
262 93.3002 314.455 0 
263 93.3194 322.615 0 
264 93.4304 330.575 0 
265 93.4923 338.479 0 
266 93.4675 346.383 0 
267 93.3426 354.331 0 
268 93.1031 362.358 0 
269 92.775 370.488 0 
270 92.41 378.712 0 
271 92.1011 386.956 0 
272 91.923 395.061 0 
273 92.0236 402.781 0 
274 93.4685 409.15 0 
275 101.338 7.79822 0 
276 101.383 14.7135 0 
277 101.221 22.5794 0 
278 101.279 30.6537 0 
279 101.338 38.699 0 
280 101.373 46.7051 0 
281 101.382 54.6728 0 
282 101.368 62.6148 0 
283 101.338 70.5381 0 
284 101.3 78.45 0 
285 101.266 86.3465 0 
286 101.238 94.2271 0 
287 101.221 102.093 0 
288 101.209 109.949 0 
289 101.201 117.806 0 
290 101.196 125.669 0 
291 101.194 133.545 0 
292 101.207 141.435 0 
293 101.23 149.335 0 
294 101.247 157.24 0 
295 101.26 165.154 0 
296 101.283 173.082 0 
297 101.313 181.018 0 
298 101.35 188.965 0 
299 101.405 196.929 0 
300 101.525 204.881 0 
301 101.696 212.817 0 
302 101.635 220.557 0 
303 101.503 228.269 0 
304 101.413 235.997 0 
305 101.361 243.739 0 
306 101.318 251.488 0 
307 101.265 259.23 0 
308 101.188 266.97 0 
309 101.08 274.715 0 
310 100.945 282.497 0 
311 100.83 290.351 0 
312 100.857 298.313 0 
313 101.106 306.33 0 
314 101.076 314.506 0 
315 101.128 322.582 0 
316 101.262 330.543 0 
317 101.371 338.469 0 
318 101.384 346.423 0 
319 101.266 354.443 0 
320 100.994 362.519 0 
321 100.631 370.678 0 
322 100.261 378.871 0 
323 100 387.026 0 
324 99.9 395.01 0 
325 100.167 402.594 0 
326 101.338 409.15 0 
327 109.208 7.79822 0 
328 109.593 14.7998 0 
329 109.547 22.5983 0 
330 109.483 30.6243 0 
331 109.45 38.66 0 
332 109.419 46.6597 0 
333 109.377 54.6277 0 
334 109.323 62.5728 0 
335 109.259 70.4997 0 
336 109.193 78.4098 0 
337 109.131 86.3011 0 
338 109.08 94.1729 0 
339 109.043 102.029 0 
340 109.019 109.877 0 
341 109.007 117.728 0 
342 109.005 125.589 0 
343 109.011 133.464 0 
344 109.026 141.357 0 
345 109.048 149.268 0 
346 109.068 157.19 0 
347 109.088 165.128 0 
348 109.114 173.079 0 
349 109.148 181.037 0 
350 109.186 189.002 0 
351 109.233 196.974 0 
352 109.292 204.936 0 
353 109.324 212.859 0 
354 109.26 220.664 0 
355 109.17 228.378 0 
356 109.151 236.056 0 
357 109.169 243.778 0 
358 109.176 251.535 0 
359 109.159 259.305 0 
360 109.11 267.09 0 
361 109.019 274.894 0 
362 108.898 282.737 0 
363 108.781 290.629 0 
364 108.756 298.563 0 
365 108.844 306.533 0 
366 108.85 314.606 0 
367 108.918 322.613 0 
368 109.087 330.515 0 
369 109.243 338.435 0 
370 109.322 346.448 0 
371 109.252 354.589 0 
372 108.988 362.691 0 
373 108.623 370.832 0 
374 108.267 378.939 0 
375 108.066 386.975 0 
376 108.07 394.84 0 
377 108.377 402.333 0 
378 109.208 409.15 0 
379 117.077 7.79822 0 
380 117.847 14.7938 0 
381 117.849 22.6106 0 
382 117.714 30.6371 0 
383 117.588 38.6656 0 
384 117.481 46.6603 0 
385 117.379 54.625 0 
386 117.278 62.5676 0 
387 117.18 70.4904 0 
388 117.084 78.3929 0 
389 116.995 86.273 0 
390 116.919 94.1299 0 
391 116.863 101.97 0 
392 116.828 109.805 0 
393 116.813 117.647 0 
394 116.813 125.502 0 
395 116.824 133.375 0 
396 116.843 141.269 0 
397 116.863 149.189 0 
398 116.885 157.13 0 
399 116.906 165.092 0 
400 116.935 173.067 0 
401 116.97 181.047 0 
402 117.008 189.03 0 
403 117.042 197.011 0 
404 117.059 204.986 0 
405 117.03 212.937 0 
406 116.925 220.808 0 
407 116.805 228.548 0 
408 116.868 236.123 0 
409 116.977 243.813 0 
410 117.043 251.586 0 
411 117.071 259.386 0 
412 117.053 267.218 0 
413 116.97 275.061 0 
414 116.851 282.937 0 
415 116.71 290.822 0 
416 116.647 298.662 0 
417 116.658 306.654 0 
418 116.65 314.71 0 
419 116.694 322.732 0 
420 116.91 330.508 0 
421 117.102 338.381 0 
422 117.264 346.469 0 
423 117.237 354.799 0 
424 117.051 362.871 0 
425 116.704 370.924 0 
426 116.329 378.897 0 
427 116.202 386.809 0 
428 116.257 394.629 0 
429 116.551 402.14 0 
430 117.077 409.15 0 
431 124.947 7.79822 0 
432 126.144 14.7032 0 
433 126.145 22.6092 0 
434 125.928 30.6634 0 
435 125.712 38.698 0 
436 125.527 46.6916 0 
437 125.365 54.6531 0 
438 125.221 62.59 0 
439 125.088 70.5046 0 
440 124.965 78.396 0 
441 124.85 86.2606 0 
442 124.749 94.0964 0 
443 124.675 101.913 0 
444 124.631 109.728 0 
445 124.615 117.557 0 
446 124.62 125.404 0 
447 124.636 133.271 0 
448 124.657 141.165 0 
449 124.679 149.091 0 
450 124.698 157.052 0 
451 124.719 165.044 0 
452 124.748 173.049 0 
453 124.785 181.058 0 
454 124.826 189.06 0 
455 124.852 197.053 0 
456 124.855 205.035 0 
457 124.803 213.017 0 
458 124.651 220.991 0 
459 124.398 228.839 0 
460 124.634 236.166 0 
461 124.825 243.841 0 
462 124.925 251.652 0 
463 124.987 259.481 0 
464 124.992 267.361 0 
465 124.911 275.216 0 
466 124.811 283.106 0 
467 124.613 290.966 0 
468 124.577 298.589 0 
469 124.517 306.708 0 
470 124.485 314.779 0 
471 124.436 323.025 0 
472 124.791 330.535 0 
473 124.933 338.31 0 
474 125.17 346.426 0 
475 125.132 354.912 0 
476 125.171 362.921 0 
477 124.872 370.8 0 
478 124.339 378.691 0 
479 124.346 386.472 0 
480 124.406 394.385 0 
481 124.681 402.039 0 
482 124.947 409.15 0 
483 132.817 7.79822 0 
484 134.43 14.7734 0 
485 134.389 22.6568 0 
486 134.081 30.7196 0 
487 133.779 38.7576 0 
488 133.523 46.7497 0 
489 133.313 54.7057 0 
490 133.134 62.6339 0 
491 132.977 70.5379 0 
492 132.832 78.4169 0 
493 132.693 86.2641 0 
494 132.566 94.0699 0 
495 132.472 101.85 0 
496 132.421 109.64 0 
497 132.408 117.454 0 
498 132.42 125.291 0 
499 132.444 133.147 0 
500 132.469 141.032 0 
501 132.49 148.96 0 
502 132.507 156.946 0 
503 132.525 164.982 0 
504 132.554 173.03 0 
505 132.594 181.078 0 
506 132.643 189.108 0 
507 132.674 197.108 0 
508 132.684 205.078 0 
509 132.658 213.044 0 
510 132.52 221.052 0 
511 132.011 229.313 0 
512 132.817 236.018 0 
513 132.817 243.887 0 
514 132.817 251.757 0 
515 132.817 259.626 0 
516 132.817 267.496 0 
517 132.817 275.366 0 
518 132.817 283.235 0 
519 132.817 291.105 0 
520 132.541 298.331 0 
521 132.384 306.883 0 
522 132.355 314.932 0 
523 132.175 323.541 0 
524 132.817 330.453 0 
525 132.817 338.323 0 
526 132.817 346.192 0 
527 132.817 354.062 0 
528 132.817 361.932 0 
529 132.817 369.801 0 
530 132.158 378.285 0 
531 132.44 385.907 0 
532 132.512 393.971 0 
533 132.745 401.872 0 
534 132.817 409.15 0 
535 140.686 7.79822 0 
536 142.562 14.776 0 
537 142.477 22.7291 0 
538 142.1 30.8039 0 
539 141.734 38.8439 0 
540 141.435 46.8318 0 
541 141.196 54.7779 0 
542 141.003 62.694 0 
543 140.837 70.5857 0 
544 140.684 78.4532 0 
545 140.526 86.2848 0 
546 140.368 94.0475 0 
547 140.251 101.769 0 
548 140.194 109.532 0 
549 140.191 117.335 0 
550 140.214 125.159 0 
551 140.248 132.997 0 
552 140.279 140.858 0 
553 140.301 148.774 0 
554 140.313 156.789 0 
555 140.322 164.9 0 
556 140.355 173.012 0 
557 140.396 181.121 0 
558 140.469 189.201 0 
559 140.506 197.205 0 
560 140.537 205.128 0 
561 140.59 213.001 0 
562 140.679 220.847 0 
563 140.791 228.611 0 
564 140.686 236.018 0 
565 140.686 291.105 0 
566 140.375 298.661 0 
567 140.474 306.809 0 
568 140.5 314.901 0 
569 140.48 322.996 0 
570 140.686 330.453 0 
571 140.686 369.801 0 
572 140.111 377.627 0 
573 140.404 385.707 0 
574 140.58 393.734 0 
575 140.694 401.611 0 
576 140.686 409.15 0 
577 148.556 7.79822 0 
578 150.503 14.8611 0 
579 150.307 22.8117 0 
580 149.898 30.9087 0 
581 149.525 38.955 0 
582 149.224 46.9328 0 
583 148.994 54.8632 0 
584 148.818 62.7625 0 
585 148.673 70.6419 0 
586 148.534 78.5035 0 
587 148.367 86.3313 0 
588 148.168 94.0259 0 
589 148.014 101.637 0 
590 147.956 109.387 0 
591 147.97 117.196 0 
592 148.013 125.011 0 
593 148.056 132.819 0 
594 148.09 140.627 0 
595 148.116 148.491 0 
596 148.126 156.535 0 
597 148.121 164.797 0 
598 148.169 172.995 0 
599 148.204 181.203 0 
600 148.312 189.385 0 
601 148.345 197.38 0 
602 148.363 205.214 0 
603 148.41 212.942 0 
604 148.481 220.607 0 
605 148.551 228.215 0 
606 148.556 236.018 0 
607 148.556 243.887 0 
608 148.556 251.757 0 
609 148.556 291.105 0 
610 148.577 298.925 0 
611 148.697 306.936 0 
612 148.776 314.897 0 
613 148.774 322.8 0 
614 148.556 330.453 0 
615 148.556 369.801 0 
616 148.327 377.603 0 
617 148.45 385.63 0 
618 148.587 393.62 0 
619 148.642 401.491 0 
620 148.556 409.15 0 
621 156.426 7.79822 0 
622 157.883 14.6638 0 
623 157.715 22.8599 0 
624 157.37 31.0531 0 
625 157.078 39.0994 0 
626 156.853 47.0449 0 
627 156.695 54.9501 0 
628 156.58 62.8317 0 
629 156.489 70.701 0 
630 156.397 78.5652 0 
631 156.252 86.4214 0 
632 156.038 94.0156 0 
633 155.771 101.4 0 
634 155.716 109.214 0 
635 155.765 117.055 0 
636 155.834 124.87 0 
637 155.884 132.639 0 
638 155.902 140.355 0 
639 155.935 148.057 0 
640 155.973 156.056 0 
641 155.946 164.702 0 
642 156.038 172.97 0 
643 156.048 181.321 0 
644 156.168 189.755 0 
645 156.175 197.66 0 
646 156.129 205.348 0 
647 156.111 212.953 0 
648 156.073 220.55 0 
649 155.951 228.228 0 
650 155.793 236.155 0 
651 155.647 244.444 0 
652 156.426 251.757 0 
653 156.426 291.105 0 
654 156.949 299.212 0 
655 156.981 307.122 0 
656 156.992 314.91 0 
657 156.974 322.638 0 
658 156.426 330.453 0 
659 156.426 369.801 0 
660 156.446 377.67 0 
661 156.544 385.651 0 
662 156.632 393.61 0 
663 156.621 401.464 0 
664 156.426 409.15 0 
665 164.295 7.79822 0 
666 164.295 15.6679 0 
667 164.295 23.5375 0 
668 164.295 31.4071 0 
669 164.295 39.2767 0 
670 164.295 47.1464 0 
671 164.295 55.016 0 
672 164.295 62.8857 0 
673 164.295 70.7553 0 
674 164.295 78.6249 0 
675 164.295 86.4946 0 
676 164.295 94.3642 0 
677 163.523 101.088 0 
678 163.496 109.091 0 
679 163.606 116.985 0 
680 163.717 124.806 0 
681 163.779 132.563 0 
682 163.76 140.223 0 
683 163.621 147.688 0 
684 163.901 155.015 0 
685 163.889 164.715 0 
686 164.024 172.94 0 
687 164.007 181.346 0 
688 163.981 190.266 0 
689 164.008 197.928 0 
690 163.866 205.327 0 
691 163.848 212.773 0 
692 163.92 220.328 0 
693 164.048 228.022 0 
694 164.241 235.878 0 
695 164.575 243.856 0 
696 164.295 251.757 0 
697 164.295 259.626 0 
698 164.295 267.496 0 
699 164.295 275.366 0 
700 164.295 283.235 0 
701 164.295 291.105 0 
702 164.641 299.774 0 
703 164.689 307.415 0 
704 164.679 315.027 0 
705 164.648 322.72 0 
706 164.295 330.453 0 
707 164.295 369.801 0 
708 164.593 377.694 0 
709 164.713 385.684 0 
710 164.769 393.638 0 
711 164.68 401.478 0 
712 164.295 409.15 0 
713 172.165 94.3642 0 
714 170.912 101.086 0 
715 171.222 109.247 0 
716 171.507 117.107 0 
717 171.697 124.918 0 
718 171.82 132.754 0 
719 171.9 140.653 0 
720 171.967 148.731 0 
721 172.165 157.321 0 
722 172.165 165.191 0 
723 172.165 173.061 0 
724 172.165 180.93 0 
725 172.165 188.8 0 
726 172.165 196.669 0 
727 171.586 204.608 0 
728 171.627 212.228 0 
729 171.84 219.851 0 
730 172.12 227.52 0 
731 172.441 235.185 0 
732 172.746 242.695 0 
733 172.766 249.886 0 
734 172.747 257.376 0 
735 172.514 266.456 0 
736 172.343 275.335 0 
737 172.952 283.876 0 
738 172.56 291.394 0 
739 172.518 299.441 0 
740 172.541 307.266 0 
741 172.534 315.012 0 
742 172.487 322.794 0 
743 172.165 330.453 0 
744 172.165 338.323 0 
745 172.165 346.192 0 
746 172.165 354.062 0 
747 172.165 361.932 0 
748 172.165 369.801 0 
749 172.71 377.7 0 
750 172.947 385.703 0 
751 173.001 393.657 0 
752 172.83 401.478 0 
753 172.165 409.15 0 
754 180.035 94.3642 0 
755 179.336 101.643 0 
756 179.177 109.633 0 
757 179.462 117.315 0 
758 179.709 125.097 0 
759 179.849 132.993 0 
760 179.897 140.978 0 
761 179.919 149.079 0 
762 180.035 157.321 0 
763 180.035 196.669 0 
764 179.518 204.089 0 
765 179.599 211.749 0 
766 179.854 219.482 0 
767 180.138 227.238 0 
768 180.405 234.957 0 
769 180.593 242.589 0 
770 180.611 250.18 0 
771 180.712 257.988 0 
772 180.684 266.371 0 
773 180.392 275.137 0 
774 180.645 283.524 0 
775 180.596 291.393 0 
776 180.494 299.272 0 
777 180.452 307.129 0 
778 180.405 314.943 0 
779 180.327 322.739 0 
780 180.162 330.434 0 
781 179.991 338.118 0 
782 179.71 346.079 0 
783 180.02 354.017 0 
784 180.24 361.906 0 
785 180.655 369.878 0 
786 181 377.735 0 
787 181.227 385.712 0 
788 181.261 393.666 0 
789 180.958 401.437 0 
790 180.035 409.15 0 
791 187.904 94.3642 0 
792 188.516 101.863 0 
793 188.123 109.655 0 
794 188.033 117.487 0 
795 188.052 125.328 0 
796 188.098 133.228 0 
797 188.131 141.195 0 
798 188.102 149.239 0 
799 187.904 157.321 0 
800 187.904 196.669 0 
801 187.406 203.944 0 
802 187.651 211.605 0 
803 187.888 219.432 0 
804 188.085 227.291 0 
805 188.245 235.109 0 
806 188.332 242.879 0 
807 188.345 250.664 0 
808 188.412 258.62 0 
809 188.402 266.705 0 
810 188.25 275.105 0 
811 188.327 283.296 0 
812 188.362 291.239 0 
813 188.37 299.115 0 
814 188.356 307.025 0 
815 188.274 314.882 0 
816 188.17 322.698 0 
817 188.043 330.451 0 
818 187.925 338.191 0 
819 187.864 346.061 0 
820 188.04 353.957 0 
821 188.306 361.852 0 
822 188.692 369.798 0 
823 189.087 377.739 0 
824 189.392 385.737 0 
825 189.486 393.696 0 
826 189.15 401.454 0 
827 187.904 409.15 0 
828 195.774 15.6679 0 
829 195.774 23.5375 0 
830 195.774 31.4071 0 
831 195.774 39.2767 0 
832 195.774 47.1464 0 
833 195.774 55.016 0 
834 195.774 62.8857 0 
835 195.774 70.7553 0 
836 195.774 78.6249 0 
837 195.774 86.4946 0 
838 195.774 94.3642 0 
839 196.07 101.633 0 
840 196.452 109.744 0 
841 196.298 117.668 0 
842 196.244 125.536 0 
843 196.282 133.411 0 
844 196.373 141.337 0 
845 196.382 149.334 0 
846 195.774 157.321 0 
847 195.774 196.669 0 
848 195.854 203.925 0 
849 195.836 211.733 0 
850 195.885 219.642 0 
851 195.949 227.558 0 
852 196.004 235.435 0 
853 196.023 243.276 0 
854 196.016 251.134 0 
855 196.034 259.081 0 
856 196.032 267.053 0 
857 195.98 275.192 0 
858 196.01 283.232 0 
859 196.068 291.126 0 
860 196.182 298.974 0 
861 196.252 306.941 0 
862 196.127 314.833 0 
863 196.011 322.671 0 
864 195.907 330.463 0 
865 195.841 338.244 0 
866 195.85 346.069 0 
867 195.984 353.927 0 
868 196.214 361.806 0 
869 196.535 369.727 0 
870 196.91 377.683 0 
871 197.25 385.725 0 
872 197.485 393.815 0 
873 197.201 401.598 0 
874 195.774 409.15 0 
875 203.643 15.6679 0 
876 202.166 22.5085 0 
877 202.451 30.7389 0 
878 202.735 38.9103 0 
879 202.947 46.9519 0 
880 203.087 54.9294 0 
881 203.208 62.8756 0 
882 203.294 70.7953 0 
883 203.316 78.725 0 
884 203.384 86.6558 0 
885 203.494 94.6315 0 
886 203.936 102.185 0 
887 204.199 109.985 0 
888 204.232 117.82 0 
889 204.241 125.669 0 
890 204.32 133.536 0 
891 204.531 141.457 0 
892 204.87 149.437 0 
893 203.643 157.321 0 
894 203.643 196.669 0 
895 204.453 204.093 0 
896 204.068 211.959 0 
897 203.842 219.937 0 
898 203.746 227.895 0 
899 203.706 235.8 0 
900 203.679 243.666 0 
901 203.658 251.532 0 
902 203.663 259.431 0 
903 203.678 267.342 0 
904 203.685 275.323 0 
905 203.711 283.264 0 
906 203.753 291.119 0 
907 203.94 298.852 0 
908 204.058 306.911 0 
909 203.906 314.786 0 
910 203.809 322.642 0 
911 203.74 330.465 0 
912 203.71 338.279 0 
913 203.726 346.105 0 
914 203.812 353.95 0 
915 203.956 361.81 0 
916 204.162 369.7 0 
917 204.428 377.62 0 
918 204.666 385.638 0 
919 204.861 393.751 0 
920 204.884 401.963 0 
921 203.643 409.15 0 
922 211.513 15.6679 0 
923 209.569 22.7573 0 
924 209.531 30.4842 0 
925 210.008 38.62 0 
926 210.349 46.7362 0 
927 210.606 54.7732 0 
928 210.811 62.778 0 
929 210.98 70.7587 0 
930 211.121 78.7315 0 
931 211.283 86.6911 0 
932 211.513 94.5972 0 
933 211.822 102.333 0 
934 212.021 110.084 0 
935 212.107 117.871 0 
936 212.168 125.693 0 
937 212.287 133.548 0 
938 212.53 141.448 0 
939 212.843 149.403 0 
940 211.513 157.321 0 
941 211.513 165.191 0 
942 211.513 173.061 0 
943 211.513 180.93 0 
944 211.513 188.8 0 
945 211.513 196.669 0 
946 212.6 203.941 0 
947 212.093 212.154 0 
948 211.669 220.247 0 
949 211.457 228.245 0 
950 211.355 236.159 0 
951 211.306 244.021 0 
952 211.294 251.865 0 
953 211.314 259.715 0 
954 211.357 267.572 0 
955 211.404 275.458 0 
956 211.454 283.341 0 
957 211.494 291.217 0 
958 211.513 298.975 0 
959 211.513 306.844 0 
960 211.513 314.714 0 
961 211.513 322.583 0 
962 211.513 330.453 0 
963 211.513 338.323 0 
964 211.513 346.192 0 
965 211.513 354.062 0 
966 211.513 361.932 0 
967 211.513 369.801 0 
968 211.513 377.671 0 
969 211.513 385.541 0 
970 211.513 393.41 0 
971 211.513 401.28 0 
972 211.513 409.15 0 
973 219.383 15.6679 0 
974 217.276 22.9819 0 
975 217.22 30.5998 0 
976 217.625 38.5617 0 
977 218.009 46.5951 0 
978 218.316 54.6295 0 
979 218.571 62.6488 0 
980 218.795 70.6579 0 
981 218.999 78.6566 0 
982 219.215 86.6208 0 
983 219.456 94.5225 0 
984 219.701 102.325 0 
985 219.877 110.088 0 
986 219.975 117.862 0 
987 220.047 125.667 0 
988 220.154 133.511 0 
989 220.326 141.392 0 
990 220.465 149.267 0 
991 219.901 156.856 0 
992 219.497 164.72 0 
993 219.097 173.021 0 
994 219.315 181.258 0 
995 219.53 189.536 0 
996 220.127 197.938 0 
997 220.466 204.715 0 
998 219.825 212.606 0 
999 219.344 220.65 0 
1000 219.079 228.623 0 
1001 218.955 236.507 0 
1002 218.915 244.337 0 
1003 218.93 252.146 0 
1004 218.986 259.951 0 
1005 219.063 267.76 0 
1006 219.15 275.58 0 
1007 219.235 283.391 0 
1008 219.312 291.181 0 
1009 219.383 298.975 0 
1010 227.252 15.6679 0 
1011 225.26 23.1588 0 
1012 225.204 30.7238 0 
1013 225.564 38.5816 0 
1014 225.913 46.5349 0 
1015 226.208 54.5188 0 
1016 226.463 62.5259 0 
1017 226.698 70.5376 0 
1018 226.924 78.5391 0 
1019 227.147 86.5117 0 
1020 227.371 94.4275 0 
1021 227.577 102.266 0 
1022 227.73 110.054 0 
1023 227.824 117.832 0 
1024 227.887 125.633 0 
1025 227.956 133.464 0 
1026 228.044 141.32 0 
1027 228.052 149.134 0 
1028 227.783 156.766 0 
1029 227.383 164.632 0 
1030 226.932 173.014 0 
1031 227.139 181.359 0 
1032 227.439 189.723 0 
1033 227.893 197.941 0 
1034 227.997 205.377 0 
1035 227.425 213.18 0 
1036 226.903 221.123 0 
1037 226.625 229.011 0 
1038 226.515 236.83 0 
1039 226.509 244.61 0 
1040 226.572 252.378 0 
1041 226.675 260.143 0 
1042 226.796 267.913 0 
1043 226.922 275.688 0 
1044 227.043 283.46 0 
1045 227.154 291.223 0 
1046 227.252 298.975 0 
1047 235.122 15.6679 0 
1048 233.325 23.155 0 
1049 233.386 30.773 0 
1050 233.711 38.5997 0 
1051 234.003 46.5013 0 
1052 234.247 54.4452 0 
1053 234.469 62.4232 0 
1054 234.677 70.4248 0 
1055 234.882 78.4277 0 
1056 235.083 86.4052 0 
1057 235.275 94.3352 0 
1058 235.445 102.204 0 
1059 235.572 110.018 0 
1060 235.651 117.811 0 
1061 235.698 125.61 0 
1062 235.733 133.431 0 
1063 235.761 141.267 0 
1064 235.709 149.071 0 
1065 235.61 156.804 0 
1066 235.255 164.678 0 
1067 234.886 172.97 0 
1068 235.005 181.346 0 
1069 235.279 189.716 0 
1070 235.566 197.924 0 
1071 235.495 205.751 0 
1072 234.87 213.749 0 
1073 234.362 221.606 0 
1074 234.108 229.365 0 
1075 234.048 237.101 0 
1076 234.107 244.829 0 
1077 234.233 252.56 0 
1078 234.39 260.294 0 
1079 234.557 268.034 0 
1080 234.718 275.78 0 
1081 234.869 283.525 0 
1082 235.005 291.265 0 
1083 235.122 298.975 0 
1084 242.992 15.6679 0 
1085 241.674 23.0028 0 
1086 241.741 30.722 0 
1087 241.99 38.5805 0 
1088 242.205 46.4732 0 
1089 242.385 54.3972 0 
1090 242.549 62.3575 0 
1091 242.707 70.3482 0 
1092 242.865 78.3461 0 
1093 243.022 86.328 0 
1094 243.17 94.2682 0 
1095 243.296 102.158 0 
1096 243.39 109.999 0 
1097 243.448 117.808 0 
1098 243.48 125.614 0 
1099 243.496 133.427 0 
1100 243.506 141.252 0 
1101 243.477 149.041 0 
1102 243.375 156.814 0 
1103 243.099 164.743 0 
1104 242.854 172.935 0 
1105 242.92 181.264 0 
1106 243.128 189.588 0 
1107 243.281 197.859 0 
1108 243.032 205.98 0 
1109 242.133 214.344 0 
1110 241.721 222.013 0 
1111 241.562 229.621 0 
1112 241.59 237.285 0 
1113 241.732 244.981 0 
1114 241.926 252.687 0 
1115 242.139 260.398 0 
1116 242.344 268.117 0 
1117 242.535 275.843 0 
1118 242.71 283.57 0 
1119 242.864 291.288 0 
1120 242.992 298.975 0 
1121 250.861 15.6679 0 
1122 250.074 22.8304 0 
1123 250.138 30.613 0 
1124 250.311 38.5238 0 
1125 250.458 46.4495 0 
1126 250.563 54.3924 0 
1127 250.657 62.3541 0 
1128 250.755 70.3332 0 
1129 250.854 78.3199 0 
1130 250.952 86.2954 0 
1131 251.045 94.2403 0 
1132 251.123 102.145 0 
1133 251.177 110.005 0 
1134 251.209 117.835 0 
1135 251.225 125.647 0 
1136 251.234 133.463 0 
1137 251.242 141.291 0 
1138 251.234 149.107 0 
1139 250.999 156.89 0 
1140 250.912 164.827 0 
1141 250.793 172.921 0 
1142 250.842 181.147 0 
1143 251.009 189.379 0 
1144 251.09 197.665 0 
1145 250.747 206.021 0 
1146 249.2 214.947 0 
1147 249.089 222.189 0 
1148 249.073 229.68 0 
1149 249.216 237.349 0 
1150 249.432 245.053 0 
1151 249.684 252.752 0 
1152 249.93 260.451 0 
1153 250.161 268.159 0 
1154 250.373 275.875 0 
1155 250.562 283.592 0 
1156 250.727 291.301 0 
1157 250.861 298.975 0 
1158 258.731 15.6679 0 
1159 258.59 22.7047 0 
1160 258.526 30.554 0 
1161 258.644 38.5425 0 
1162 258.707 46.5096 0 
1163 258.735 54.5016 0 
1164 258.741 62.4682 0 
1165 258.763 70.432 0 
1166 258.807 78.3868 0 
1167 258.84 86.3353 0 
1168 258.877 94.2633 0 
1169 258.911 102.162 0 
1170 258.926 110.044 0 
1171 258.929 117.893 0 
1172 258.933 125.725 0 
1173 258.94 133.557 0 
1174 258.951 141.392 0 
1175 258.979 149.252 0 
1176 258.991 157.146 0 
1177 258.805 164.988 0 
1178 258.715 172.948 0 
1179 258.743 181.016 0 
1180 258.88 189.086 0 
1181 258.988 197.263 0 
1182 258.83 205.657 0 
1183 256.427 215.046 0 
1184 256.757 221.801 0 
1185 256.9 229.464 0 
1186 257.048 237.287 0 
1187 257.273 245.051 0 
1188 257.52 252.766 0 
1189 257.769 260.464 0 
1190 258.006 268.167 0 
1191 258.226 275.88 0 
1192 258.424 283.597 0 
1193 258.594 291.305 0 
1194 258.731 298.975 0 
1195 266.6 15.6679 0 
1196 266.6 23.5375 0 
1197 266.6 31.4071 0 
1198 266.6 39.2767 0 
1199 266.6 47.1464 0 
1200 266.6 55.016 0 
1201 266.6 62.8857 0 
1202 266.6 70.7553 0 
1203 266.6 78.6249 0 
1204 266.6 86.4946 0 
1205 266.6 94.3642 0 
1206 266.6 102.234 0 
1207 266.6 110.103 0 
1208 266.6 117.973 0 
1209 266.6 125.843 0 
1210 266.6 133.712 0 
1211 266.6 141.582 0 
1212 266.6 149.452 0 
1213 266.6 157.321 0 
1214 266.6 165.191 0 
1215 266.6 173.061 0 
1216 266.6 180.93 0 
1217 266.6 188.8 0 
1218 266.6 196.669 0 
1219 266.6 204.539 0 
1220 266.6 212.409 0 
1221 266.6 220.278 0 
1222 265.512 228.956 0 
1223 265.225 237.148 0 
1224 265.253 245.012 0 
1225 265.421 252.746 0 
1226 265.639 260.446 0 
1227 265.868 268.154 0 
1228 266.088 275.871 0 
1229 266.289 283.595 0 
1230 266.46 291.309 0 
1231 266.6 298.975 0 
1232 274.47 220.278 0 
1233 273.443 229.231 0 
1234 273.181 237.278 0 
1235 273.178 245.023 0 
1236 273.316 252.718 0 
1237 273.52 260.417 0 
1238 273.742 268.134 0 
1239 273.96 275.865 0 
1240 274.159 283.597 0 
1241 274.331 291.319 0 
1242 274.47 298.975 0 
1243 282.34 220.278 0 
1244 281.149 229.119 0 
1245 280.948 237.115 0 
1246 281.033 244.893 0 
1247 281.209 252.632 0 
1248 281.419 260.374 0 
1249 281.638 268.125 0 
1250 281.848 275.875 0 
1251 282.037 283.612 0 
1252 282.199 291.32 0 
1253 282.34 298.975 0 
1254 290.209 220.278 0 
1255 289.471 228.67 0 
1256 289.144 236.759 0 
1257 289.101 244.662 0 
1258 289.207 252.501 0 
1259 289.383 260.321 0 
1260 289.582 268.133 0 
1261 289.776 275.921 0 
1262 289.95 283.666 0 
1263 290.091 291.354 0 
1264 290.209 298.975 0 
1265 298.079 220.278 0 
1266 297.514 228.446 0 
1267 297.225 236.464 0 
1268 297.164 244.413 0 
1269 297.249 252.342 0 
1270 297.411 260.264 0 
1271 297.596 268.164 0 
1272 297.773 276.014 0 
1273 297.92 283.78 0 
1274 298.025 291.441 0 
1275 298.079 298.975 0 
1276 305.949 220.278 0 
1277 305.49 228.187 0 
1278 305.26 236.102 0 
1279 305.239 244.076 0 
1280 305.351 252.111 0 
1281 305.524 260.168 0 
1282 305.71 268.202 0 
1283 305.876 276.149 0 
1284 305.992 283.952 0 
1285 306.031 291.568 0 
1286 305.949 298.975 0 
1287 313.818 220.278 0 
1288 313.492 227.786 0 
1289 313.347 235.572 0 
1290 313.397 243.582 0 
1291 313.557 251.75 0 
1292 313.756 259.985 0 
1293 313.945 268.199 0 
1294 314.101 276.304 0 
1295 314.182 284.177 0 
1296 314.108 291.711 0 
1297 313.818 298.975 0 
1298 321.688 220.278 0 
1299 321.711 227.218 0 
1300 321.582 234.884 0 
1301 321.691 242.95 0 
1302 321.886 251.267 0 
1303 322.093 259.686 0 
1304 322.263 268.085 0 
1305 322.394 276.377 0 
1306 322.442 284.492 0 
1307 322.433 291.853 0 
1308 321.688 298.975 0 
1309 329.557 220.278 0 
1310 330.201 226.682 0 
1311 329.907 234.319 0 
1312 330.05 242.51 0 
1313 330.14 250.904 0 
1314 330.297 259.36 0 
1315 330.351 267.826 0 
1316 330.398 276.152 0 
1317 330.393 284.38 0 
1318 330.062 292.622 0 
1319 329.557 298.975 0 
1320 337.427 220.278 0 
1321 337.427 228.148 0 
1322 337.427 236.018 0 
1323 337.427 243.887 0 
1324 337.427 251.757 0 
1325 337.427 259.626 0 
1326 337.427 267.496 0 
1327 337.427 275.366 0 
1328 337.427 283.235 0 
1329 337.427 291.105 0 
1330 337.427 298.975 0 
