0 -0.537032 3.72623 0 
1 -0.537361 3.78306 0 
2 -0.537314 3.84041 0 
3 -0.537238 3.89757 0 
4 -0.537197 3.95485 0 
5 -0.537212 4.01214 0 
6 -0.537226 4.06938 0 
7 -0.537213 4.12663 0 
8 -0.53722 4.18389 0 
9 -0.537237 4.24122 0 
10 -0.53731 4.29841 0 
11 -0.537406 4.35584 0 
12 -0.537724 4.41301 0 
13 -0.539719 4.47331 0 
14 -0.533497 4.52024 0 
15 -0.47978 3.72586 0 
16 -0.479659 3.77709 0 
17 -0.480356 3.83763 0 
18 -0.479186 3.89834 0 
19 -0.478558 3.95739 0 
20 -0.478373 4.01578 0 
21 -0.478588 4.07422 0 
22 -0.478921 4.13284 0 
23 -0.479257 4.19158 0 
24 -0.479504 4.25041 0 
25 -0.479912 4.30889 0 
26 -0.48071 4.3668 0 
27 -0.481368 4.42361 0 
28 -0.47998 4.47526 0 
29 -0.479957 4.52994 0 
30 -0.422671 3.7259 0 
31 -0.42072 3.78196 0 
32 -0.419709 3.84016 0 
33 -0.418995 3.89991 0 
34 -0.418801 3.95954 0 
35 -0.419016 4.0188 0 
36 -0.41948 4.07794 0 
37 -0.420063 4.13707 0 
38 -0.420638 4.19614 0 
39 -0.421171 4.255 0 
40 -0.421708 4.31334 0 
41 -0.422337 4.37083 0 
42 -0.42284 4.42697 0 
43 -0.423 4.4802 0 
44 -0.422804 4.52774 0 
45 -0.365368 3.72594 0 
46 -0.362004 3.78435 0 
47 -0.360357 3.84286 0 
48 -0.359656 3.90212 0 
49 -0.359604 3.96163 0 
50 -0.359989 4.02107 0 
51 -0.360619 4.08037 0 
52 -0.361355 4.1395 0 
53 -0.362099 4.19838 0 
54 -0.362789 4.25684 0 
55 -0.363419 4.31461 0 
56 -0.364029 4.37138 0 
57 -0.364572 4.42659 0 
58 -0.3651 4.47926 0 
59 -0.365312 4.52748 0 
60 -0.308107 3.72594 0 
61 -0.304277 3.78509 0 
62 -0.302179 3.84422 0 
63 -0.301302 3.90358 0 
64 -0.301221 3.96304 0 
65 -0.301645 4.02242 0 
66 -0.302353 4.08162 0 
67 -0.303181 4.14054 0 
68 -0.304023 4.19907 0 
69 -0.304811 4.25704 0 
70 -0.305528 4.31425 0 
71 -0.306176 4.37035 0 
72 -0.306787 4.42497 0 
73 -0.30742 4.47751 0 
74 -0.308098 4.52742 0 
75 -0.250846 3.72591 0 
76 -0.246591 3.78523 0 
77 -0.244488 3.84472 0 
78 -0.24363 3.90422 0 
79 -0.243577 3.96367 0 
80 -0.244032 4.02294 0 
81 -0.244768 4.08194 0 
82 -0.245628 4.14059 0 
83 -0.246511 4.19876 0 
84 -0.247342 4.25631 0 
85 -0.248104 4.31305 0 
86 -0.248795 4.36876 0 
87 -0.249444 4.42318 0 
88 -0.250097 4.47605 0 
89 -0.250849 4.52741 0 
90 -0.193601 3.72589 0 
91 -0.189413 3.78501 0 
92 -0.187382 3.84471 0 
93 -0.1866 3.90431 0 
94 -0.186606 3.96371 0 
95 -0.187062 4.02283 0 
96 -0.18778 4.08162 0 
97 -0.188621 4.14 0 
98 -0.189482 4.19784 0 
99 -0.190304 4.25508 0 
100 -0.191075 4.31156 0 
101 -0.191765 4.3671 0 
102 -0.192404 4.42156 0 
103 -0.193011 4.47492 0 
104 -0.193596 4.52741 0 
105 -0.136364 3.72587 0 
106 -0.13252 3.78475 0 
107 -0.130761 3.84455 0 
108 -0.130113 3.90413 0 
109 -0.130141 3.9634 0 
110 -0.13058 4.02234 0 
111 -0.131238 4.08088 0 
112 -0.132003 4.13901 0 
113 -0.132797 4.19665 0 
114 -0.133562 4.25367 0 
115 -0.134275 4.31002 0 
116 -0.134918 4.36557 0 
117 -0.135482 4.42026 0 
118 -0.13597 4.47413 0 
119 -0.136357 4.52741 0 
120 -0.0791193 3.72587 0 
121 -0.0758218 3.78489 0 
122 -0.0744374 3.84445 0 
123 -0.0739705 3.90383 0 
124 -0.0740154 3.96288 0 
125 -0.0743942 4.02158 0 
126 -0.0749575 4.0799 0 
127 -0.0756101 4.13782 0 
128 -0.0762909 4.1953 0 
129 -0.076955 4.25222 0 
130 -0.0775682 4.30855 0 
131 -0.0781255 4.36423 0 
132 -0.0785879 4.4192 0 
133 -0.07894 4.47353 0 
134 -0.0791097 4.52741 0 
135 -0.0218803 3.72586 0 
136 -0.0194329 3.78475 0 
137 -0.0183391 3.8442 0 
138 -0.0179668 3.90333 0 
139 -0.0180159 3.96216 0 
140 -0.018321 4.02066 0 
141 -0.0187579 4.07878 0 
142 -0.0192887 4.13655 0 
143 -0.0198318 4.19391 0 
144 -0.0203691 4.25082 0 
145 -0.020872 4.30724 0 
146 -0.0213114 4.36309 0 
147 -0.0216644 4.41839 0 
148 -0.0218695 4.47313 0 
149 -0.0218705 4.52741 0 
150 0.0353702 3.72587 0 
151 0.0370176 3.78476 0 
152 0.0378137 3.84385 0 
153 0.0380619 3.90277 0 
154 0.0380413 3.96135 0 
155 0.0378125 4.01961 0 
156 0.0374772 4.07761 0 
157 0.0370817 4.13526 0 
158 0.0366754 4.19257 0 
159 0.0362687 4.24951 0 
160 0.0358838 4.30605 0 
161 0.0355467 4.36215 0 
162 0.0352817 4.41781 0 
163 0.0351591 4.47296 0 
164 0.0353875 4.52739 0 
165 0.092618 3.72586 0 
166 0.0935535 3.78458 0 
167 0.0940732 3.84341 0 
168 0.0942791 3.90203 0 
169 0.0942582 3.96043 0 
170 0.094099 4.01855 0 
171 0.0938706 4.07641 0 
172 0.0935886 4.13399 0 
173 0.0933059 4.19129 0 
174 0.0930199 4.24829 0 
175 0.0927523 4.30495 0 
176 0.0925041 4.36132 0 
177 0.0922747 4.41736 0 
178 0.0921494 4.47301 0 
179 0.0926659 4.52739 0 
180 0.14987 3.72586 0 
181 0.150332 3.7843 0 
182 0.150663 3.84285 0 
183 0.150741 3.90129 0 
184 0.150732 3.95952 0 
185 0.150599 4.01748 0 
186 0.150438 4.07525 0 
187 0.15026 4.13279 0 
188 0.150084 4.19008 0 
189 0.149915 4.24713 0 
190 0.149765 4.30393 0 
191 0.149653 4.36047 0 
192 0.149595 4.41677 0 
193 0.149669 4.47274 0 
194 0.149899 4.52743 0 
195 0.207118 3.72586 0 
196 0.207321 3.78404 0 
197 0.207439 3.84234 0 
198 0.207474 3.90059 0 
199 0.207404 3.95865 0 
200 0.20731 4.01651 0 
201 0.207208 4.07421 0 
202 0.207095 4.13169 0 
203 0.207001 4.18899 0 
204 0.206929 4.24608 0 
205 0.206893 4.30294 0 
206 0.206908 4.35961 0 
207 0.207007 4.41607 0 
208 0.207196 4.47222 0 
209 0.20714 4.52745 0 
210 0.264366 3.72586 0 
211 0.264381 3.78378 0 
212 0.264398 3.84188 0 
213 0.264355 3.89993 0 
214 0.264276 3.95786 0 
215 0.264199 4.01565 0 
216 0.264124 4.07328 0 
217 0.26407 4.13075 0 
218 0.264032 4.18803 0 
219 0.264024 4.24512 0 
220 0.264064 4.30205 0 
221 0.264151 4.3588 0 
222 0.264291 4.41538 0 
223 0.26441 4.47173 0 
224 0.264364 4.52742 0 
225 0.321609 3.72587 0 
226 0.321538 3.78353 0 
227 0.32149 3.84147 0 
228 0.32137 3.89937 0 
229 0.321298 3.95722 0 
230 0.321234 4.01493 0 
231 0.321187 4.07251 0 
232 0.321152 4.12994 0 
233 0.321143 4.18721 0 
234 0.321171 4.24431 0 
235 0.321248 4.30127 0 
236 0.321368 4.35809 0 
237 0.321516 4.41474 0 
238 0.321641 4.47122 0 
239 0.321623 4.52741 0 
240 0.378863 3.72588 0 
241 0.378723 3.78333 0 
242 0.378608 3.84115 0 
243 0.378503 3.89897 0 
244 0.378425 3.95672 0 
245 0.378376 4.01437 0 
246 0.37833 4.07189 0 
247 0.378305 4.12928 0 
248 0.378308 4.18653 0 
249 0.378348 4.24365 0 
250 0.378433 4.30064 0 
251 0.37856 4.35751 0 
252 0.378705 4.41425 0 
253 0.378828 4.47086 0 
254 0.378877 4.5274 0 
255 0.436123 3.72588 0 
256 0.435924 3.78336 0 
257 0.435809 3.84103 0 
258 0.435713 3.89871 0 
259 0.435643 3.95636 0 
260 0.435577 4.01392 0 
261 0.435532 4.07139 0 
262 0.4355 4.12875 0 
263 0.435501 4.18598 0 
264 0.435541 4.24311 0 
265 0.435622 4.30014 0 
266 0.435744 4.35707 0 
267 0.435889 4.41391 0 
268 0.436032 4.47066 0 
269 0.436134 4.5274 0 
270 0.493382 3.72588 0 
271 0.493198 3.78338 0 
272 0.493073 3.84094 0 
273 0.492979 3.89852 0 
274 0.492888 3.95607 0 
275 0.492817 4.01357 0 
276 0.492758 4.07099 0 
277 0.492727 4.12832 0 
278 0.492719 4.18555 0 
279 0.492744 4.24271 0 
280 0.492816 4.29978 0 
281 0.492925 4.35677 0 
282 0.493073 4.41369 0 
283 0.493241 4.47056 0 
284 0.493384 4.52741 0 
285 0.550637 3.72587 0 
286 0.550482 3.78336 0 
287 0.550355 3.84086 0 
288 0.550246 3.89837 0 
289 0.550151 3.95585 0 
290 0.550068 4.01329 0 
291 0.550003 4.07066 0 
292 0.549963 4.12799 0 
293 0.549951 4.18524 0 
294 0.549963 4.24241 0 
295 0.550015 4.29953 0 
296 0.550106 4.35658 0 
297 0.550243 4.41358 0 
298 0.550423 4.47054 0 
299 0.550628 4.52741 0 
300 0.607887 3.72587 0 
301 0.607746 3.78333 0 
302 0.607628 3.84079 0 
303 0.607515 3.89824 0 
304 0.607421 3.95567 0 
305 0.607332 4.01306 0 
306 0.607265 4.07042 0 
307 0.607219 4.12774 0 
308 0.607194 4.18499 0 
309 0.607192 4.2422 0 
310 0.607225 4.29936 0 
311 0.607296 4.35647 0 
312 0.60741 4.41355 0 
313 0.607591 4.47058 0 
314 0.607889 4.52738 0 
315 0.66514 3.72587 0 
316 0.665015 3.78329 0 
317 0.664897 3.84071 0 
318 0.66479 3.89812 0 
319 0.664689 3.95551 0 
320 0.664602 4.01289 0 
321 0.664533 4.07023 0 
322 0.664484 4.12755 0 
323 0.66445 4.18481 0 
324 0.664436 4.24204 0 
325 0.664457 4.29923 0 
326 0.664512 4.35639 0 
327 0.664621 4.41351 0 
328 0.66481 4.47057 0 
329 0.665155 4.5274 0 
330 0.722396 3.72587 0 
331 0.722284 3.78325 0 
332 0.722169 3.84065 0 
333 0.722068 3.89803 0 
334 0.721962 3.9554 0 
335 0.721881 4.01275 0 
336 0.721808 4.0701 0 
337 0.721759 4.1274 0 
338 0.721719 4.18467 0 
339 0.721693 4.24191 0 
340 0.721715 4.29913 0 
341 0.721763 4.35632 0 
342 0.721867 4.41347 0 
343 0.722067 4.47054 0 
344 0.722407 4.5274 0 
345 0.779647 3.72586 0 
346 0.779546 3.78321 0 
347 0.779442 3.84058 0 
348 0.77934 3.89795 0 
349 0.779241 3.9553 0 
350 0.779152 4.01264 0 
351 0.779087 4.06997 0 
352 0.779028 4.12728 0 
353 0.77899 4.18455 0 
354 0.778978 4.2418 0 
355 0.778995 4.29902 0 
356 0.779053 4.35623 0 
357 0.779164 4.41341 0 
358 0.77935 4.47049 0 
359 0.779657 4.52741 0 
360 0.836894 3.72586 0 
361 0.836802 3.78319 0 
362 0.836703 3.84054 0 
363 0.836609 3.89788 0 
364 0.836513 3.95521 0 
365 0.836433 4.01254 0 
366 0.836365 4.06986 0 
367 0.83631 4.12716 0 
368 0.836273 4.18443 0 
369 0.836253 4.24169 0 
370 0.836281 4.29893 0 
371 0.836352 4.35614 0 
372 0.836477 4.41331 0 
373 0.836659 4.47043 0 
374 0.836903 4.52742 0 
375 0.894148 3.72587 0 
376 0.894068 3.78318 0 
377 0.893976 3.8405 0 
378 0.893875 3.89783 0 
379 0.893782 3.95516 0 
380 0.893701 4.01247 0 
381 0.893627 4.06978 0 
382 0.893581 4.12707 0 
383 0.893544 4.18434 0 
384 0.893542 4.24161 0 
385 0.89357 4.29883 0 
386 0.893653 4.35605 0 
387 0.893786 4.41325 0 
388 0.893964 4.47038 0 
389 0.89415 4.52742 0 
390 0.9514 3.72587 0 
391 0.951318 3.78316 0 
392 0.951236 3.84047 0 
393 0.951138 3.89779 0 
394 0.951051 3.9551 0 
395 0.950967 4.01241 0 
396 0.950893 4.06971 0 
397 0.950842 4.12699 0 
398 0.950812 4.18426 0 
399 0.950809 4.24152 0 
400 0.950857 4.29876 0 
401 0.95094 4.35598 0 
402 0.951067 4.41317 0 
403 0.951234 4.47032 0 
404 0.951401 4.52741 0 
405 1.00865 3.72587 0 
406 1.00857 3.78315 0 
407 1.00849 3.84045 0 
408 1.00839 3.89775 0 
409 1.0083 3.95506 0 
410 1.00821 4.01237 0 
411 1.00814 4.06965 0 
412 1.00809 4.12693 0 
413 1.00806 4.18421 0 
414 1.00807 4.24146 0 
415 1.0081 4.29869 0 
416 1.00819 4.35591 0 
417 1.00833 4.41312 0 
418 1.00848 4.47029 0 
419 1.00865 4.52741 0 
420 1.06591 3.72586 0 
421 1.06583 3.78314 0 
422 1.06574 3.84043 0 
423 1.06564 3.89773 0 
424 1.06554 3.95504 0 
425 1.06545 4.01233 0 
426 1.06537 4.06961 0 
427 1.06532 4.12688 0 
428 1.06529 4.18415 0 
429 1.0653 4.2414 0 
430 1.06534 4.29863 0 
431 1.06543 4.35586 0 
432 1.06556 4.41308 0 
433 1.06573 4.47026 0 
434 1.06591 4.5274 0 
435 1.12316 3.72586 0 
436 1.12308 3.78314 0 
437 1.12298 3.84042 0 
438 1.12287 3.89772 0 
439 1.12277 3.95501 0 
440 1.12267 4.0123 0 
441 1.12259 4.06957 0 
442 1.12253 4.12684 0 
443 1.1225 4.1841 0 
444 1.12251 4.24136 0 
445 1.12255 4.29859 0 
446 1.12264 4.35582 0 
447 1.12277 4.41305 0 
448 1.12294 4.47025 0 
449 1.12316 4.5274 0 
450 1.18041 3.72587 0 
451 1.18032 3.78313 0 
452 1.18021 3.84042 0 
453 1.18008 3.89771 0 
454 1.17997 3.95499 0 
455 1.17986 4.01226 0 
456 1.17978 4.06954 0 
457 1.17972 4.1268 0 
458 1.17969 4.18406 0 
459 1.17969 4.24131 0 
460 1.17975 4.29855 0 
461 1.17984 4.35579 0 
462 1.17998 4.41301 0 
463 1.18017 4.47021 0 
464 1.18041 4.52741 0 
465 1.23766 3.72587 0 
466 1.23755 3.78314 0 
467 1.23742 3.84041 0 
468 1.23728 3.89768 0 
469 1.23715 3.95495 0 
470 1.23704 4.01221 0 
471 1.23695 4.06949 0 
472 1.23689 4.12677 0 
473 1.23686 4.18403 0 
474 1.23686 4.24128 0 
475 1.2369 4.29852 0 
476 1.23701 4.35576 0 
477 1.23717 4.41298 0 
478 1.23739 4.4702 0 
479 1.23766 4.52741 0 
480 1.29491 3.72586 0 
481 1.29477 3.78313 0 
482 1.29461 3.84039 0 
483 1.29445 3.89765 0 
484 1.29431 3.95491 0 
485 1.2942 4.01217 0 
486 1.2941 4.06945 0 
487 1.29405 4.12671 0 
488 1.29401 4.18399 0 
489 1.294 4.24125 0 
490 1.29404 4.2985 0 
491 1.29413 4.35573 0 
492 1.29431 4.41296 0 
493 1.29458 4.47017 0 
494 1.29491 4.52741 0 
495 1.35217 3.72587 0 
496 1.35198 3.78308 0 
497 1.35177 3.84033 0 
498 1.35159 3.89759 0 
499 1.35145 3.95484 0 
500 1.35134 4.0121 0 
501 1.35125 4.06938 0 
502 1.35118 4.12667 0 
503 1.35114 4.18394 0 
504 1.35112 4.24121 0 
505 1.35115 4.29848 0 
506 1.35122 4.35573 0 
507 1.35139 4.41296 0 
508 1.3517 4.47017 0 
509 1.35217 4.5274 0 
510 1.40943 3.72588 0 
511 1.40915 3.78303 0 
512 1.40888 3.84026 0 
513 1.40869 3.89751 0 
514 1.40856 3.95476 0 
515 1.40846 4.01203 0 
516 1.40838 4.06931 0 
517 1.40832 4.12659 0 
518 1.40827 4.18389 0 
519 1.40823 4.24118 0 
520 1.40823 4.29847 0 
521 1.40827 4.35573 0 
522 1.40841 4.41298 0 
523 1.40874 4.47019 0 
524 1.40942 4.5274 0 
525 1.46667 3.72586 0 
526 1.4662 3.78291 0 
527 1.46593 3.84014 0 
528 1.46577 3.89739 0 
529 1.46566 3.95466 0 
530 1.46558 4.01194 0 
531 1.46552 4.06922 0 
532 1.46546 4.12652 0 
533 1.4654 4.18383 0 
534 1.46534 4.24115 0 
535 1.4653 4.29845 0 
536 1.46529 4.35575 0 
537 1.46534 4.41301 0 
538 1.46565 4.47021 0 
539 1.46668 4.52741 0 
540 1.52394 3.72587 0 
541 1.52335 3.78284 0 
542 1.52298 3.83998 0 
543 1.52284 3.89726 0 
544 1.52277 3.95454 0 
545 1.52271 4.01183 0 
546 1.52266 4.06913 0 
547 1.52261 4.12643 0 
548 1.52254 4.18376 0 
549 1.52247 4.2411 0 
550 1.52239 4.29844 0 
551 1.52231 4.35575 0 
552 1.52223 4.41305 0 
553 1.5223 4.4702 0 
554 1.52393 4.52742 0 
555 1.58146 1.43607 0 
556 1.58097 1.49335 0 
557 1.58105 1.54997 0 
558 1.58115 1.60751 0 
559 1.58116 1.66476 0 
560 1.58118 1.722 0 
561 1.58119 1.77927 0 
562 1.58119 1.83653 0 
563 1.5812 1.89379 0 
564 1.58119 1.95105 0 
565 1.58119 2.0083 0 
566 1.58119 2.06556 0 
567 1.58119 2.12281 0 
568 1.58118 2.18006 0 
569 1.58118 2.2373 0 
570 1.58119 2.29455 0 
571 1.58119 2.35181 0 
572 1.58119 2.40906 0 
573 1.58122 2.46632 0 
574 1.5812 2.52358 0 
575 1.5812 2.58084 0 
576 1.58119 2.63808 0 
577 1.58119 2.69533 0 
578 1.58119 2.75258 0 
579 1.58119 2.80984 0 
580 1.5812 2.86709 0 
581 1.5812 2.92434 0 
582 1.5812 2.98159 0 
583 1.5812 3.03885 0 
584 1.5812 3.0961 0 
585 1.58119 3.15335 0 
586 1.58118 3.2106 0 
587 1.58119 3.26784 0 
588 1.5812 3.32511 0 
589 1.5812 3.38236 0 
590 1.58119 3.43961 0 
591 1.58118 3.49686 0 
592 1.58117 3.55411 0 
593 1.58122 3.61134 0 
594 1.58123 3.66865 0 
595 1.58113 3.72584 0 
596 1.58003 3.78258 0 
597 1.57995 3.83988 0 
598 1.57993 3.89711 0 
599 1.5799 3.9544 0 
600 1.57987 4.0117 0 
601 1.57982 4.06902 0 
602 1.57977 4.12634 0 
603 1.5797 4.18367 0 
604 1.57963 4.24101 0 
605 1.57955 4.29837 0 
606 1.57943 4.35574 0 
607 1.57922 4.41315 0 
608 1.57881 4.47061 0 
609 1.58111 4.52743 0 
610 1.58121 4.58463 0 
611 1.5812 4.64193 0 
612 1.58117 4.69917 0 
613 1.58117 4.75641 0 
614 1.58118 4.81366 0 
615 1.58118 4.87091 0 
616 1.58119 4.92815 0 
617 1.5812 4.9854 0 
618 1.58121 5.04267 0 
619 1.58121 5.09992 0 
620 1.58123 5.15717 0 
621 1.58121 5.21443 0 
622 1.58121 5.27169 0 
623 1.5812 5.32893 0 
624 1.58121 5.38617 0 
625 1.58125 5.44344 0 
626 1.58122 5.50071 0 
627 1.58121 5.55795 0 
628 1.58122 5.6152 0 
629 1.58121 5.67246 0 
630 1.58121 5.72971 0 
631 1.58119 5.78696 0 
632 1.58121 5.84422 0 
633 1.58119 5.90147 0 
634 1.58119 5.95873 0 
635 1.58118 6.01598 0 
636 1.58118 6.07324 0 
637 1.58117 6.13051 0 
638 1.58114 6.18773 0 
639 1.58113 6.24499 0 
640 1.58103 6.30248 0 
641 1.57995 6.35939 0 
642 1.58407 6.41519 0 
643 1.6385 1.43565 0 
644 1.63439 1.48659 0 
645 1.64072 1.54477 0 
646 1.64013 1.60421 0 
647 1.63961 1.66285 0 
648 1.63921 1.72099 0 
649 1.63889 1.77862 0 
650 1.63864 1.83616 0 
651 1.63851 1.89359 0 
652 1.63847 1.95094 0 
653 1.63842 2.00824 0 
654 1.63838 2.06551 0 
655 1.63835 2.12275 0 
656 1.63832 2.17996 0 
657 1.63827 2.23716 0 
658 1.6382 2.29437 0 
659 1.63813 2.35161 0 
660 1.63806 2.40888 0 
661 1.63797 2.4662 0 
662 1.63809 2.52356 0 
663 1.63821 2.58086 0 
664 1.63831 2.63811 0 
665 1.63839 2.69536 0 
666 1.63845 2.75259 0 
667 1.63846 2.80978 0 
668 1.63845 2.86703 0 
669 1.63843 2.9243 0 
670 1.63843 2.98158 0 
671 1.63841 3.03887 0 
672 1.63841 3.09616 0 
673 1.63839 3.15341 0 
674 1.63835 3.21065 0 
675 1.63824 3.26788 0 
676 1.63811 3.32516 0 
677 1.63808 3.38246 0 
678 1.63804 3.43975 0 
679 1.63801 3.49702 0 
680 1.63795 3.55436 0 
681 1.63773 3.61208 0 
682 1.63784 3.66988 0 
683 1.63644 3.72647 0 
684 1.63675 3.78267 0 
685 1.63702 3.83979 0 
686 1.63707 3.89699 0 
687 1.63706 3.95426 0 
688 1.63704 4.01156 0 
689 1.637 4.06887 0 
690 1.63694 4.12621 0 
691 1.63689 4.18356 0 
692 1.63682 4.24091 0 
693 1.63675 4.29829 0 
694 1.6367 4.35567 0 
695 1.63665 4.4131 0 
696 1.63673 4.4706 0 
697 1.63676 4.52847 0 
698 1.63689 4.5853 0 
699 1.63772 4.64185 0 
700 1.63792 4.69886 0 
701 1.63803 4.75607 0 
702 1.63806 4.81327 0 
703 1.63801 4.87048 0 
704 1.6379 4.9277 0 
705 1.63781 4.98498 0 
706 1.6378 5.04231 0 
707 1.63789 5.09966 0 
708 1.63795 5.15703 0 
709 1.63824 5.21438 0 
710 1.63851 5.27158 0 
711 1.6387 5.32872 0 
712 1.63871 5.38591 0 
713 1.63859 5.44328 0 
714 1.63892 5.5009 0 
715 1.63919 5.55822 0 
716 1.63935 5.61552 0 
717 1.63944 5.67285 0 
718 1.63946 5.73017 0 
719 1.63939 5.78745 0 
720 1.63926 5.84472 0 
721 1.63912 5.90212 0 
722 1.63896 5.95952 0 
723 1.63878 6.01699 0 
724 1.63864 6.07464 0 
725 1.63838 6.1327 0 
726 1.63794 6.19094 0 
727 1.63803 6.24969 0 
728 1.63869 6.30794 0 
729 1.64069 6.36481 0 
730 1.63689 6.41785 0 
731 1.69566 1.43571 0 
732 1.69304 1.48826 0 
733 1.69589 1.54511 0 
734 1.69671 1.60414 0 
735 1.69668 1.66267 0 
736 1.69642 1.72075 0 
737 1.69613 1.77845 0 
738 1.69589 1.83601 0 
739 1.69573 1.89346 0 
740 1.69564 1.95084 0 
741 1.69556 2.00816 0 
742 1.69551 2.06544 0 
743 1.69545 2.12269 0 
744 1.6954 2.1799 0 
745 1.69533 2.23709 0 
746 1.69525 2.29427 0 
747 1.69517 2.35151 0 
748 1.69509 2.40877 0 
749 1.69507 2.46609 0 
750 1.69518 2.52345 0 
751 1.69532 2.58078 0 
752 1.69546 2.63806 0 
753 1.69558 2.69532 0 
754 1.69566 2.75255 0 
755 1.6957 2.80977 0 
756 1.69569 2.86701 0 
757 1.69569 2.92428 0 
758 1.69568 2.98158 0 
759 1.69566 3.03888 0 
760 1.69563 3.09618 0 
761 1.69558 3.15346 0 
762 1.69548 3.21072 0 
763 1.69532 3.26797 0 
764 1.69515 3.32526 0 
765 1.69503 3.38254 0 
766 1.69496 3.43982 0 
767 1.69488 3.49708 0 
768 1.69479 3.55443 0 
769 1.69464 3.6119 0 
770 1.6946 3.66924 0 
771 1.6942 3.72607 0 
772 1.69427 3.78276 0 
773 1.69428 3.83971 0 
774 1.69428 3.89687 0 
775 1.69426 3.9541 0 
776 1.69422 4.01139 0 
777 1.69418 4.06871 0 
778 1.69414 4.12606 0 
779 1.69408 4.18341 0 
780 1.69402 4.24076 0 
781 1.69397 4.29815 0 
782 1.69395 4.35554 0 
783 1.69398 4.41294 0 
784 1.69405 4.47037 0 
785 1.69413 4.52781 0 
786 1.69431 4.58477 0 
787 1.69469 4.6416 0 
788 1.69489 4.69863 0 
789 1.69499 4.75576 0 
790 1.69502 4.81294 0 
791 1.69496 4.87012 0 
792 1.69485 4.92735 0 
793 1.69476 4.98462 0 
794 1.69475 5.04197 0 
795 1.69486 5.09935 0 
796 1.69502 5.15674 0 
797 1.69538 5.2141 0 
798 1.69575 5.27134 0 
799 1.69606 5.32853 0 
800 1.69621 5.38578 0 
801 1.69632 5.44322 0 
802 1.69674 5.50085 0 
803 1.69713 5.55833 0 
804 1.69742 5.61574 0 
805 1.6976 5.67314 0 
806 1.69765 5.73051 0 
807 1.69755 5.78786 0 
808 1.69734 5.84522 0 
809 1.69709 5.90264 0 
810 1.69683 5.9601 0 
811 1.69655 6.01765 0 
812 1.6963 6.07537 0 
813 1.69605 6.13334 0 
814 1.69586 6.19148 0 
815 1.696 6.24964 0 
816 1.6964 6.30731 0 
817 1.69683 6.36378 0 
818 1.69572 6.41679 0 
819 1.75294 1.43573 0 
820 1.75187 1.49 0 
821 1.75274 1.54695 0 
822 1.75333 1.60504 0 
823 1.75346 1.66306 0 
824 1.75335 1.72087 0 
825 1.75316 1.77847 0 
826 1.753 1.83597 0 
827 1.75285 1.8934 0 
828 1.75274 1.95077 0 
829 1.75264 2.0081 0 
830 1.75257 2.06539 0 
831 1.7525 2.12265 0 
832 1.75243 2.17986 0 
833 1.75236 2.23705 0 
834 1.75229 2.29424 0 
835 1.75223 2.35144 0 
836 1.75221 2.40868 0 
837 1.75224 2.46599 0 
838 1.75236 2.52333 0 
839 1.7525 2.58067 0 
840 1.75265 2.63798 0 
841 1.75277 2.69526 0 
842 1.75287 2.75251 0 
843 1.75292 2.80975 0 
844 1.75294 2.867 0 
845 1.75294 2.92428 0 
846 1.75294 2.98158 0 
847 1.75291 3.03889 0 
848 1.75287 3.09621 0 
849 1.75278 3.15352 0 
850 1.75265 3.2108 0 
851 1.75244 3.26807 0 
852 1.75223 3.32536 0 
853 1.75206 3.38262 0 
854 1.75192 3.43985 0 
855 1.75181 3.49708 0 
856 1.75172 3.55432 0 
857 1.75164 3.61159 0 
858 1.75162 3.66873 0 
859 1.75154 3.72568 0 
860 1.75153 3.78255 0 
861 1.75152 3.83956 0 
862 1.75149 3.8967 0 
863 1.75146 3.95393 0 
864 1.75142 4.01121 0 
865 1.75137 4.06854 0 
866 1.75132 4.12588 0 
867 1.75126 4.18324 0 
868 1.75121 4.2406 0 
869 1.75117 4.29797 0 
870 1.75117 4.35535 0 
871 1.75121 4.41271 0 
872 1.7513 4.47005 0 
873 1.75141 4.52732 0 
874 1.75158 4.58437 0 
875 1.75179 4.64133 0 
876 1.75196 4.69837 0 
877 1.75205 4.75549 0 
878 1.75208 4.81264 0 
879 1.75203 4.86983 0 
880 1.75196 4.92706 0 
881 1.7519 4.98434 0 
882 1.7519 5.04167 0 
883 1.75202 5.09905 0 
884 1.75224 5.15643 0 
885 1.7526 5.21378 0 
886 1.753 5.27107 0 
887 1.75339 5.32833 0 
888 1.75371 5.38566 0 
889 1.75404 5.44314 0 
890 1.75453 5.50076 0 
891 1.75503 5.55834 0 
892 1.75545 5.61588 0 
893 1.75571 5.67337 0 
894 1.75581 5.73078 0 
895 1.75569 5.7882 0 
896 1.75543 5.84563 0 
897 1.75509 5.90307 0 
898 1.75472 5.96053 0 
899 1.75436 6.01806 0 
900 1.75405 6.07569 0 
901 1.7538 6.13342 0 
902 1.75367 6.19119 0 
903 1.75372 6.24885 0 
904 1.75386 6.30614 0 
905 1.75381 6.36257 0 
906 1.75295 6.41674 0 
907 1.81016 1.43577 0 
908 1.80958 1.49129 0 
909 1.80976 1.54834 0 
910 1.81009 1.60588 0 
911 1.81024 1.6635 0 
912 1.81022 1.72106 0 
913 1.81013 1.77855 0 
914 1.81001 1.83598 0 
915 1.80989 1.89338 0 
916 1.80978 1.95074 0 
917 1.80968 2.00808 0 
918 1.80958 2.06537 0 
919 1.8095 2.12262 0 
920 1.80943 2.17985 0 
921 1.80936 2.23704 0 
922 1.80933 2.2942 0 
923 1.80931 2.35139 0 
924 1.80934 2.4086 0 
925 1.80943 2.46589 0 
926 1.80957 2.52322 0 
927 1.80972 2.58056 0 
928 1.80987 2.63789 0 
929 1.81 2.69519 0 
930 1.81009 2.75246 0 
931 1.81014 2.80972 0 
932 1.81018 2.86698 0 
933 1.8102 2.92426 0 
934 1.81021 2.98158 0 
935 1.81019 3.03891 0 
936 1.81013 3.09624 0 
937 1.81002 3.15357 0 
938 1.80984 3.21088 0 
939 1.80961 3.26818 0 
940 1.80934 3.32545 0 
941 1.8091 3.38268 0 
942 1.80891 3.43986 0 
943 1.80876 3.49699 0 
944 1.80869 3.55412 0 
945 1.80866 3.61124 0 
946 1.80869 3.66829 0 
947 1.80869 3.72527 0 
948 1.80871 3.78225 0 
949 1.8087 3.83932 0 
950 1.80868 3.89648 0 
951 1.80864 3.95372 0 
952 1.8086 4.01101 0 
953 1.80855 4.06834 0 
954 1.8085 4.1257 0 
955 1.80843 4.18305 0 
956 1.80839 4.24042 0 
957 1.80834 4.29779 0 
958 1.80832 4.35515 0 
959 1.80836 4.41248 0 
960 1.80846 4.46975 0 
961 1.80858 4.52696 0 
962 1.80875 4.58405 0 
963 1.80893 4.64107 0 
964 1.80908 4.69813 0 
965 1.80918 4.75525 0 
966 1.80922 4.8124 0 
967 1.80922 4.86961 0 
968 1.80918 4.92685 0 
969 1.80914 4.98412 0 
970 1.80917 5.04144 0 
971 1.80929 5.0988 0 
972 1.80951 5.15617 0 
973 1.80986 5.21351 0 
974 1.81028 5.27082 0 
975 1.81073 5.32813 0 
976 1.81118 5.38551 0 
977 1.81169 5.44302 0 
978 1.81227 5.50066 0 
979 1.81287 5.55833 0 
980 1.81341 5.61597 0 
981 1.81382 5.67354 0 
982 1.81399 5.731 0 
983 1.81386 5.78848 0 
984 1.81351 5.84598 0 
985 1.81307 5.90346 0 
986 1.81259 5.96091 0 
987 1.81215 6.01835 0 
988 1.81176 6.07583 0 
989 1.81146 6.13332 0 
990 1.81127 6.19075 0 
991 1.81116 6.24804 0 
992 1.81105 6.30503 0 
993 1.8108 6.36147 0 
994 1.81021 6.41676 0 
995 1.86742 1.43578 0 
996 1.86681 1.49203 0 
997 1.86682 1.5491 0 
998 1.867 1.60642 0 
999 1.86711 1.66383 0 
1000 1.86713 1.72125 0 
1001 1.86709 1.77865 0 
1002 1.867 1.83603 0 
1003 1.8669 1.89339 0 
1004 1.8668 1.95075 0 
1005 1.86668 2.00808 0 
1006 1.86657 2.06538 0 
1007 1.86646 2.12264 0 
1008 1.86638 2.17987 0 
1009 1.86633 2.23704 0 
1010 1.86631 2.29419 0 
1011 1.86636 2.35133 0 
1012 1.86647 2.40851 0 
1013 1.86663 2.46578 0 
1014 1.8668 2.52311 0 
1015 1.86697 2.58046 0 
1016 1.86712 2.63781 0 
1017 1.86722 2.69513 0 
1018 1.86731 2.75242 0 
1019 1.86737 2.80969 0 
1020 1.86743 2.86696 0 
1021 1.86747 2.92425 0 
1022 1.86749 2.98157 0 
1023 1.86747 3.03891 0 
1024 1.86742 3.09627 0 
1025 1.86728 3.15363 0 
1026 1.86708 3.21097 0 
1027 1.8668 3.26828 0 
1028 1.86647 3.32555 0 
1029 1.86615 3.38274 0 
1030 1.86589 3.43984 0 
1031 1.86572 3.49685 0 
1032 1.86566 3.55385 0 
1033 1.86566 3.61085 0 
1034 1.86573 3.66786 0 
1035 1.86579 3.72486 0 
1036 1.86584 3.78192 0 
1037 1.86586 3.83903 0 
1038 1.86584 3.89622 0 
1039 1.86581 3.95348 0 
1040 1.86578 4.01079 0 
1041 1.86572 4.06814 0 
1042 1.86567 4.1255 0 
1043 1.8656 4.18286 0 
1044 1.86553 4.24024 0 
1045 1.86547 4.2976 0 
1046 1.86544 4.35495 0 
1047 1.86545 4.41226 0 
1048 1.86552 4.4695 0 
1049 1.86566 4.52668 0 
1050 1.86585 4.58379 0 
1051 1.86604 4.64085 0 
1052 1.86621 4.69791 0 
1053 1.86636 4.75505 0 
1054 1.86644 4.81224 0 
1055 1.86647 4.86946 0 
1056 1.86646 4.92672 0 
1057 1.86647 4.984 0 
1058 1.8665 5.04131 0 
1059 1.86663 5.09865 0 
1060 1.86684 5.15599 0 
1061 1.86716 5.21332 0 
1062 1.86758 5.27062 0 
1063 1.86807 5.32795 0 
1064 1.8686 5.38535 0 
1065 1.86921 5.44289 0 
1066 1.86989 5.50054 0 
1067 1.87062 5.55829 0 
1068 1.87131 5.61605 0 
1069 1.87191 5.67374 0 
1070 1.87223 5.73114 0 
1071 1.87207 5.78874 0 
1072 1.8716 5.84636 0 
1073 1.87102 5.90386 0 
1074 1.87042 5.96126 0 
1075 1.86987 6.01861 0 
1076 1.86938 6.07592 0 
1077 1.86899 6.1332 0 
1078 1.86868 6.19042 0 
1079 1.8684 6.24747 0 
1080 1.86811 6.30432 0 
1081 1.86776 6.36085 0 
1082 1.86743 6.41674 0 
1083 1.92467 1.43578 0 
1084 1.92407 1.49248 0 
1085 1.92398 1.54952 0 
1086 1.92403 1.60675 0 
1087 1.92409 1.66405 0 
1088 1.9241 1.72138 0 
1089 1.92408 1.77873 0 
1090 1.92401 1.83609 0 
1091 1.9239 1.89344 0 
1092 1.92379 1.95078 0 
1093 1.92367 2.00812 0 
1094 1.92354 2.06543 0 
1095 1.92341 2.1227 0 
1096 1.9233 2.17992 0 
1097 1.92324 2.23709 0 
1098 1.92325 2.29419 0 
1099 1.92338 2.35126 0 
1100 1.9236 2.4084 0 
1101 1.92384 2.46564 0 
1102 1.92407 2.52299 0 
1103 1.92426 2.58038 0 
1104 1.9244 2.63776 0 
1105 1.92449 2.6951 0 
1106 1.92456 2.7524 0 
1107 1.92462 2.80967 0 
1108 1.92467 2.86695 0 
1109 1.92473 2.92423 0 
1110 1.92477 2.98155 0 
1111 1.92478 3.03889 0 
1112 1.92473 3.09628 0 
1113 1.92459 3.15367 0 
1114 1.92435 3.21104 0 
1115 1.92402 3.26839 0 
1116 1.92362 3.32566 0 
1117 1.9232 3.38282 0 
1118 1.92285 3.4398 0 
1119 1.92264 3.49665 0 
1120 1.92258 3.55351 0 
1121 1.92264 3.61042 0 
1122 1.92275 3.6674 0 
1123 1.92286 3.72443 0 
1124 1.92295 3.78152 0 
1125 1.92299 3.83869 0 
1126 1.92301 3.89592 0 
1127 1.92299 3.95321 0 
1128 1.92296 4.01054 0 
1129 1.9229 4.06791 0 
1130 1.92284 4.1253 0 
1131 1.92276 4.1827 0 
1132 1.92267 4.24007 0 
1133 1.92259 4.29745 0 
1134 1.92252 4.35478 0 
1135 1.92248 4.41207 0 
1136 1.92252 4.46929 0 
1137 1.92265 4.52646 0 
1138 1.92287 4.58359 0 
1139 1.92314 4.64066 0 
1140 1.92335 4.69771 0 
1141 1.92358 4.75491 0 
1142 1.92372 4.81216 0 
1143 1.9238 4.86942 0 
1144 1.92382 4.92669 0 
1145 1.92385 4.98398 0 
1146 1.9239 5.04129 0 
1147 1.924 5.09861 0 
1148 1.92419 5.15592 0 
1149 1.92447 5.21322 0 
1150 1.92486 5.27051 0 
1151 1.92535 5.32783 0 
1152 1.92592 5.38523 0 
1153 1.92659 5.44274 0 
1154 1.92735 5.50042 0 
1155 1.92819 5.55822 0 
1156 1.92907 5.61612 0 
1157 1.92996 5.67397 0 
1158 1.93059 5.73113 0 
1159 1.93033 5.789 0 
1160 1.92969 5.84679 0 
1161 1.92891 5.90432 0 
1162 1.92815 5.96164 0 
1163 1.92746 6.01887 0 
1164 1.92688 6.07605 0 
1165 1.9264 6.13317 0 
1166 1.92598 6.19022 0 
1167 1.92558 6.24716 0 
1168 1.92515 6.30399 0 
1169 1.92474 6.36064 0 
1170 1.92467 6.41674 0 
1171 1.98192 1.43579 0 
1172 1.98138 1.49259 0 
1173 1.98119 1.54967 0 
1174 1.98116 1.60689 0 
1175 1.98116 1.66416 0 
1176 1.98114 1.72148 0 
1177 1.98111 1.77881 0 
1178 1.98102 1.83616 0 
1179 1.98092 1.89351 0 
1180 1.98079 1.95086 0 
1181 1.98065 2.0082 0 
1182 1.98049 2.06551 0 
1183 1.98033 2.1228 0 
1184 1.98019 2.18004 0 
1185 1.9801 2.23718 0 
1186 1.98012 2.29422 0 
1187 1.98032 2.35119 0 
1188 1.98073 2.40821 0 
1189 1.98109 2.46549 0 
1190 1.98138 2.52288 0 
1191 1.98159 2.58032 0 
1192 1.98171 2.63774 0 
1193 1.98178 2.6951 0 
1194 1.98181 2.7524 0 
1195 1.98186 2.80967 0 
1196 1.98192 2.86693 0 
1197 1.982 2.9242 0 
1198 1.98206 2.98151 0 
1199 1.9821 3.03888 0 
1200 1.98206 3.09628 0 
1201 1.98192 3.15369 0 
1202 1.98167 3.2111 0 
1203 1.9813 3.26847 0 
1204 1.98081 3.32577 0 
1205 1.98027 3.38291 0 
1206 1.97979 3.43976 0 
1207 1.97951 3.49639 0 
1208 1.97948 3.55308 0 
1209 1.97959 3.60993 0 
1210 1.97977 3.6669 0 
1211 1.97994 3.72395 0 
1212 1.98008 3.78111 0 
1213 1.98015 3.83831 0 
1214 1.98019 3.8956 0 
1215 1.98018 3.95293 0 
1216 1.98016 4.01029 0 
1217 1.9801 4.06769 0 
1218 1.98003 4.12511 0 
1219 1.97992 4.18253 0 
1220 1.97982 4.23993 0 
1221 1.97969 4.2973 0 
1222 1.97957 4.35464 0 
1223 1.97947 4.41192 0 
1224 1.97942 4.46914 0 
1225 1.97954 4.52629 0 
1226 1.97983 4.58345 0 
1227 1.98021 4.64057 0 
1228 1.98046 4.6975 0 
1229 1.98086 4.75483 0 
1230 1.98109 4.81219 0 
1231 1.98118 4.86952 0 
1232 1.98122 4.92681 0 
1233 1.98126 4.98409 0 
1234 1.98132 5.04141 0 
1235 1.98139 5.09871 0 
1236 1.98154 5.156 0 
1237 1.98178 5.21326 0 
1238 1.98211 5.27052 0 
1239 1.98256 5.32781 0 
1240 1.9831 5.38517 0 
1241 1.98378 5.44265 0 
1242 1.98457 5.50031 0 
1243 1.98549 5.55815 0 
1244 1.98656 5.61618 0 
1245 1.98784 5.67431 0 
1246 1.98916 5.7308 0 
1247 1.98864 5.78939 0 
1248 1.98771 5.8474 0 
1249 1.98666 5.90486 0 
1250 1.9857 5.96206 0 
1251 1.98488 6.01915 0 
1252 1.98423 6.07617 0 
1253 1.9837 6.13319 0 
1254 1.98323 6.19016 0 
1255 1.98277 6.24706 0 
1256 1.98233 6.30385 0 
1257 1.98191 6.36044 0 
1258 1.98192 6.4167 0 
1259 2.03918 1.43579 0 
1260 2.03869 1.49265 0 
1261 2.03845 1.54975 0 
1262 2.03835 1.60697 0 
1263 2.03829 1.66424 0 
1264 2.03825 1.72155 0 
1265 2.03817 1.77888 0 
1266 2.03808 1.83623 0 
1267 2.03796 1.89358 0 
1268 2.03781 1.95094 0 
1269 2.03765 2.00829 0 
1270 2.03746 2.06565 0 
1271 2.03725 2.12296 0 
1272 2.03706 2.18022 0 
1273 2.0369 2.23737 0 
1274 2.03689 2.29435 0 
1275 2.03718 2.35114 0 
1276 2.0379 2.40792 0 
1277 2.03839 2.46528 0 
1278 2.03875 2.52278 0 
1279 2.03896 2.5803 0 
1280 2.03906 2.63776 0 
1281 2.03907 2.69514 0 
1282 2.03906 2.75242 0 
1283 2.0391 2.80967 0 
1284 2.03916 2.86692 0 
1285 2.03925 2.92418 0 
1286 2.03933 2.98148 0 
1287 2.03941 3.03884 0 
1288 2.03941 3.09626 0 
1289 2.03929 3.15369 0 
1290 2.03902 3.21113 0 
1291 2.03863 3.26852 0 
1292 2.03807 3.32586 0 
1293 2.03734 3.38304 0 
1294 2.03671 3.43974 0 
1295 2.03633 3.49598 0 
1296 2.03634 3.55252 0 
1297 2.03656 3.60934 0 
1298 2.03683 3.66633 0 
1299 2.03706 3.72344 0 
1300 2.03723 3.78064 0 
1301 2.03734 3.83793 0 
1302 2.0374 3.89526 0 
1303 2.03741 3.95263 0 
1304 2.03738 4.01005 0 
1305 2.03733 4.06748 0 
1306 2.03724 4.12492 0 
1307 2.03713 4.18238 0 
1308 2.03698 4.23981 0 
1309 2.03681 4.29721 0 
1310 2.03662 4.35457 0 
1311 2.03642 4.41185 0 
1312 2.03625 4.46906 0 
1313 2.03624 4.52618 0 
1314 2.03661 4.5834 0 
1315 2.03733 4.64075 0 
1316 2.03746 4.6972 0 
1317 2.03824 4.75485 0 
1318 2.03853 4.81239 0 
1319 2.03863 4.86978 0 
1320 2.03868 4.92707 0 
1321 2.03873 4.98434 0 
1322 2.03877 5.04167 0 
1323 2.0388 5.09897 0 
1324 2.03889 5.15622 0 
1325 2.03906 5.21346 0 
1326 2.03931 5.2707 0 
1327 2.03966 5.32795 0 
1328 2.04012 5.38524 0 
1329 2.04071 5.44265 0 
1330 2.04143 5.50025 0 
1331 2.04232 5.55804 0 
1332 2.04351 5.61615 0 
1333 2.04527 5.67471 0 
1334 2.04821 5.73 0 
1335 2.04687 5.79025 0 
1336 2.0455 5.8482 0 
1337 2.04407 5.90546 0 
1338 2.04289 5.96242 0 
1339 2.04202 6.01934 0 
1340 2.04137 6.07626 0 
1341 2.04088 6.1332 0 
1342 2.04045 6.19014 0 
1343 2.04005 6.24706 0 
1344 2.03967 6.30389 0 
1345 2.03933 6.36055 0 
1346 2.03919 6.41668 0 
1347 2.09643 1.43579 0 
1348 2.09598 1.49268 0 
1349 2.09574 1.54979 0 
1350 2.09558 1.60701 0 
1351 2.09548 1.66429 0 
1352 2.09539 1.72161 0 
1353 2.0953 1.77895 0 
1354 2.09518 1.83631 0 
1355 2.09505 1.89367 0 
1356 2.09488 1.95105 0 
1357 2.0947 2.00843 0 
1358 2.09447 2.06579 0 
1359 2.09422 2.12316 0 
1360 2.09392 2.18048 0 
1361 2.09366 2.23773 0 
1362 2.09351 2.29473 0 
1363 2.0938 2.35125 0 
1364 2.09526 2.4074 0 
1365 2.0958 2.46506 0 
1366 2.09617 2.52275 0 
1367 2.09637 2.58036 0 
1368 2.09644 2.63786 0 
1369 2.09637 2.69521 0 
1370 2.09633 2.75246 0 
1371 2.09635 2.80969 0 
1372 2.09641 2.86692 0 
1373 2.0965 2.92417 0 
1374 2.0966 2.98144 0 
1375 2.0967 3.03877 0 
1376 2.09673 3.09621 0 
1377 2.09664 3.15365 0 
1378 2.0964 3.21108 0 
1379 2.09604 3.26849 0 
1380 2.09547 3.32589 0 
1381 2.09451 3.38321 0 
1382 2.09368 3.43974 0 
1383 2.09312 3.49534 0 
1384 2.09322 3.55177 0 
1385 2.0936 3.60865 0 
1386 2.09397 3.66571 0 
1387 2.09425 3.7229 0 
1388 2.09445 3.78018 0 
1389 2.09458 3.83752 0 
1390 2.09465 3.89492 0 
1391 2.09466 3.95234 0 
1392 2.09465 4.00981 0 
1393 2.09459 4.06728 0 
1394 2.0945 4.12477 0 
1395 2.09438 4.18226 0 
1396 2.09421 4.23973 0 
1397 2.09399 4.29717 0 
1398 2.09373 4.35456 0 
1399 2.09339 4.41188 0 
1400 2.09302 4.4691 0 
1401 2.09269 4.52621 0 
1402 2.09298 4.58333 0 
1403 2.09472 4.64184 0 
1404 2.09428 4.69677 0 
1405 2.09587 4.75508 0 
1406 2.0961 4.81284 0 
1407 2.09613 4.87025 0 
1408 2.09616 4.92752 0 
1409 2.09624 4.98473 0 
1410 2.09623 5.04209 0 
1411 2.09624 5.09938 0 
1412 2.09625 5.15662 0 
1413 2.09635 5.21383 0 
1414 2.09648 5.27107 0 
1415 2.09669 5.32829 0 
1416 2.09698 5.38555 0 
1417 2.09736 5.44285 0 
1418 2.09782 5.50032 0 
1419 2.09845 5.55792 0 
1420 2.0995 5.61584 0 
1421 2.10169 5.67458 0 
1422 2.10755 5.73048 0 
1423 2.10466 5.79177 0 
1424 2.10258 5.84885 0 
1425 2.10061 5.90575 0 
1426 2.09944 5.96253 0 
1427 2.09875 6.01932 0 
1428 2.09829 6.07618 0 
1429 2.09794 6.13309 0 
1430 2.09763 6.19003 0 
1431 2.09734 6.24698 0 
1432 2.09705 6.30388 0 
1433 2.09674 6.3606 0 
1434 2.09647 6.41668 0 
1435 2.15368 1.4358 0 
1436 2.15331 1.4927 0 
1437 2.15305 1.54983 0 
1438 2.15285 1.60707 0 
1439 2.1527 1.66436 0 
1440 2.15258 1.72169 0 
1441 2.15246 1.77903 0 
1442 2.15233 1.8364 0 
1443 2.15218 1.89377 0 
1444 2.15201 1.95116 0 
1445 2.1518 2.00856 0 
1446 2.15156 2.06596 0 
1447 2.15126 2.12337 0 
1448 2.1509 2.1808 0 
1449 2.15047 2.23826 0 
1450 2.15005 2.29564 0 
1451 2.15002 2.35221 0 
1452 2.15307 2.40666 0 
1453 2.15332 2.465 0 
1454 2.15357 2.52292 0 
1455 2.15374 2.58052 0 
1456 2.15378 2.638 0 
1457 2.15368 2.69533 0 
1458 2.1536 2.75253 0 
1459 2.15362 2.80974 0 
1460 2.15366 2.86697 0 
1461 2.15373 2.92421 0 
1462 2.1538 2.98146 0 
1463 2.1539 3.03874 0 
1464 2.15396 3.09615 0 
1465 2.15389 3.15355 0 
1466 2.15373 3.21092 0 
1467 2.15349 3.26829 0 
1468 2.15311 3.32572 0 
1469 2.15203 3.38327 0 
1470 2.15117 3.43988 0 
1471 2.14996 3.49428 0 
1472 2.15029 3.5509 0 
1473 2.15085 3.60789 0 
1474 2.15127 3.66507 0 
1475 2.15156 3.72235 0 
1476 2.15175 3.77971 0 
1477 2.15189 3.83713 0 
1478 2.15196 3.89459 0 
1479 2.15198 3.95207 0 
1480 2.15197 4.00958 0 
1481 2.15191 4.0671 0 
1482 2.15182 4.12463 0 
1483 2.15169 4.18216 0 
1484 2.15151 4.23967 0 
1485 2.15129 4.29717 0 
1486 2.15099 4.35463 0 
1487 2.15057 4.41205 0 
1488 2.14997 4.46938 0 
1489 2.14904 4.52661 0 
1490 2.14788 4.58376 0 
1491 2.15368 4.64191 0 
1492 2.15366 4.69908 0 
1493 2.15365 4.75641 0 
1494 2.15368 4.81367 0 
1495 2.15369 4.87092 0 
1496 2.15369 4.92816 0 
1497 2.15369 4.98541 0 
1498 2.15367 5.04267 0 
1499 2.15367 5.09992 0 
1500 2.15368 5.15717 0 
1501 2.15368 5.21442 0 
1502 2.15367 5.27168 0 
1503 2.15367 5.32893 0 
1504 2.15366 5.38617 0 
1505 2.15366 5.44342 0 
1506 2.15364 5.50068 0 
1507 2.15364 5.55794 0 
1508 2.15362 5.6152 0 
1509 2.15355 5.67247 0 
1510 2.15342 5.73001 0 
1511 2.15387 5.78698 0 
1512 2.15472 5.84782 0 
1513 2.15508 5.90529 0 
1514 2.15516 5.96213 0 
1515 2.15513 6.01896 0 
1516 2.15503 6.07585 0 
1517 2.15492 6.13278 0 
1518 2.15477 6.18975 0 
1519 2.15461 6.2467 0 
1520 2.15442 6.30358 0 
1521 2.15417 6.3603 0 
1522 2.15372 6.41671 0 
1523 2.21094 1.4358 0 
1524 2.21063 1.49277 0 
1525 2.21036 1.54992 0 
1526 2.21014 1.60715 0 
1527 2.20997 1.66444 0 
1528 2.20982 1.72176 0 
1529 2.20969 1.77912 0 
1530 2.20955 1.83648 0 
1531 2.20939 1.89388 0 
1532 2.20922 1.95128 0 
1533 2.20901 2.00869 0 
1534 2.20876 2.06611 0 
1535 2.20845 2.12354 0 
1536 2.20808 2.181 0 
1537 2.20761 2.2386 0 
1538 2.20707 2.29663 0 
1539 2.20671 2.35598 0 
1540 2.21092 2.40908 0 
1541 2.21087 2.4663 0 
1542 2.21093 2.52357 0 
1543 2.21092 2.58083 0 
1544 2.21092 2.63809 0 
1545 2.21093 2.69534 0 
1546 2.21095 2.75258 0 
1547 2.21094 2.80984 0 
1548 2.21093 2.86709 0 
1549 2.21093 2.92434 0 
1550 2.21093 2.98158 0 
1551 2.21093 3.03884 0 
1552 2.21091 3.09609 0 
1553 2.21092 3.15336 0 
1554 2.21093 3.21061 0 
1555 2.21093 3.26785 0 
1556 2.21094 3.32511 0 
1557 2.2109 3.38234 0 
1558 2.21091 3.43951 0 
1559 2.20704 3.49351 0 
1560 2.20797 3.55002 0 
1561 2.2085 3.60712 0 
1562 2.20878 3.66443 0 
1563 2.20899 3.72183 0 
1564 2.20915 3.77928 0 
1565 2.20926 3.83677 0 
1566 2.20933 3.89429 0 
1567 2.20936 3.95183 0 
1568 2.20935 4.00937 0 
1569 2.2093 4.06694 0 
1570 2.20921 4.12451 0 
1571 2.20909 4.18207 0 
1572 2.20892 4.23964 0 
1573 2.20872 4.2972 0 
1574 2.20846 4.35474 0 
1575 2.20813 4.41224 0 
1576 2.20775 4.46972 0 
1577 2.20736 4.52715 0 
1578 2.20746 4.58452 0 
1579 2.21097 4.64183 0 
1580 2.21096 5.78703 0 
1581 2.2103 5.84606 0 
1582 2.21088 5.90384 0 
1583 2.21141 5.96113 0 
1584 2.21171 6.01824 0 
1585 2.21185 6.07529 0 
1586 2.21189 6.13232 0 
1587 2.21187 6.18932 0 
1588 2.2118 6.24629 0 
1589 2.21167 6.30321 0 
1590 2.21143 6.36002 0 
1591 2.21097 6.41672 0 
1592 2.26819 1.4358 0 
1593 2.26792 1.49288 0 
1594 2.26765 1.55002 0 
1595 2.26744 1.60724 0 
1596 2.26726 1.66453 0 
1597 2.26711 1.72185 0 
1598 2.26696 1.77921 0 
1599 2.26682 1.83658 0 
1600 2.26667 1.89398 0 
1601 2.26651 1.95139 0 
1602 2.26632 2.00881 0 
1603 2.2661 2.06622 0 
1604 2.26585 2.12362 0 
1605 2.26554 2.18098 0 
1606 2.26514 2.23818 0 
1607 2.26462 2.29501 0 
1608 2.2641 2.35131 0 
1609 2.2681 2.40896 0 
1610 2.268 3.43975 0 
1611 2.26769 3.49072 0 
1612 2.26708 3.54864 0 
1613 2.26649 3.60635 0 
1614 2.2664 3.66391 0 
1615 2.26648 3.72143 0 
1616 2.2666 3.77895 0 
1617 2.26671 3.8365 0 
1618 2.26677 3.89404 0 
1619 2.2668 3.95162 0 
1620 2.26679 4.00921 0 
1621 2.26675 4.06681 0 
1622 2.26667 4.12441 0 
1623 2.26656 4.18201 0 
1624 2.26643 4.23962 0 
1625 2.26627 4.29722 0 
1626 2.26609 4.35483 0 
1627 2.26591 4.41242 0 
1628 2.26579 4.46999 0 
1629 2.26589 4.52752 0 
1630 2.26656 4.58488 0 
1631 2.2682 4.6419 0 
1632 2.26821 5.787 0 
1633 2.26793 5.84481 0 
1634 2.26812 5.90263 0 
1635 2.26842 5.96016 0 
1636 2.26867 6.01749 0 
1637 2.26883 6.07468 0 
1638 2.26893 6.13181 0 
1639 2.26896 6.18887 0 
1640 2.26893 6.24589 0 
1641 2.26884 6.30288 0 
1642 2.26863 6.35982 0 
1643 2.26821 6.41671 0 
1644 2.32545 1.4358 0 
1645 2.32517 1.49292 0 
1646 2.32494 1.55009 0 
1647 2.32474 1.60731 0 
1648 2.32457 1.66461 0 
1649 2.32443 1.72192 0 
1650 2.32429 1.77928 0 
1651 2.32416 1.83667 0 
1652 2.32403 1.89407 0 
1653 2.32389 1.9515 0 
1654 2.32375 2.00892 0 
1655 2.32358 2.06633 0 
1656 2.32341 2.12373 0 
1657 2.32323 2.18107 0 
1658 2.32306 2.23832 0 
1659 2.32297 2.2954 0 
1660 2.32328 2.35222 0 
1661 2.32549 2.40901 0 
1662 2.32543 3.43968 0 
1663 2.3235 3.49327 0 
1664 2.32328 3.54961 0 
1665 2.32349 3.60657 0 
1666 2.32375 3.66384 0 
1667 2.32396 3.72126 0 
1668 2.32411 3.77876 0 
1669 2.32423 3.8363 0 
1670 2.32429 3.89388 0 
1671 2.32432 3.95146 0 
1672 2.3243 4.00907 0 
1673 2.32426 4.06669 0 
1674 2.32419 4.12431 0 
1675 2.32411 4.18194 0 
1676 2.32402 4.23957 0 
1677 2.32391 4.29721 0 
1678 2.32382 4.35486 0 
1679 2.32376 4.41249 0 
1680 2.3238 4.4701 0 
1681 2.32403 4.52763 0 
1682 2.32457 4.58497 0 
1683 2.32546 4.64189 0 
1684 2.32547 5.78699 0 
1685 2.32544 5.84444 0 
1686 2.32551 5.90203 0 
1687 2.32565 5.95955 0 
1688 2.32579 6.01692 0 
1689 2.32591 6.07419 0 
1690 2.32598 6.13136 0 
1691 2.32601 6.18846 0 
1692 2.326 6.24553 0 
1693 2.32593 6.30258 0 
1694 2.32578 6.35964 0 
1695 2.32547 6.41672 0 
1696 2.3827 1.4358 0 
1697 2.38245 1.49294 0 
1698 2.38224 1.55013 0 
1699 2.38206 1.60737 0 
1700 2.38191 1.66466 0 
1701 2.38178 1.72199 0 
1702 2.38167 1.77936 0 
1703 2.38156 1.83675 0 
1704 2.38145 1.89415 0 
1705 2.38135 1.95158 0 
1706 2.38124 2.009 0 
1707 2.38115 2.06641 0 
1708 2.38106 2.12381 0 
1709 2.38102 2.18114 0 
1710 2.38103 2.2384 0 
1711 2.38121 2.29555 0 
1712 2.38169 2.35251 0 
1713 2.38271 2.40904 0 
1714 2.38269 3.43967 0 
1715 2.38182 3.49424 0 
1716 2.3814 3.55024 0 
1717 2.38137 3.60689 0 
1718 2.38149 3.66396 0 
1719 2.38162 3.72125 0 
1720 2.38175 3.77869 0 
1721 2.38183 3.8362 0 
1722 2.38188 3.89377 0 
1723 2.38189 3.95135 0 
1724 2.38187 4.00897 0 
1725 2.38183 4.06658 0 
1726 2.38178 4.12422 0 
1727 2.38172 4.18186 0 
1728 2.38165 4.23951 0 
1729 2.38159 4.29716 0 
1730 2.38156 4.35481 0 
1731 2.38158 4.41246 0 
1732 2.38168 4.47005 0 
1733 2.38191 4.52758 0 
1734 2.38228 4.5849 0 
1735 2.38271 4.6419 0 
1736 2.38272 5.78698 0 
1737 2.38281 5.84432 0 
1738 2.38286 5.90178 0 
1739 2.38291 5.95922 0 
1740 2.38297 6.01657 0 
1741 2.38302 6.07384 0 
1742 2.38305 6.13104 0 
1743 2.38306 6.18817 0 
1744 2.38303 6.24527 0 
1745 2.38297 6.30237 0 
1746 2.38287 6.35948 0 
1747 2.38271 6.41673 0 
1748 2.43995 1.4358 0 
1749 2.43972 1.49295 0 
1750 2.43954 1.55016 0 
1751 2.43939 1.6074 0 
1752 2.43926 1.66471 0 
1753 2.43916 1.72204 0 
1754 2.43908 1.77941 0 
1755 2.439 1.83681 0 
1756 2.43893 1.89422 0 
1757 2.43887 1.95164 0 
1758 2.43881 2.00907 0 
1759 2.43876 2.06647 0 
1760 2.43875 2.12384 0 
1761 2.43878 2.18115 0 
1762 2.43889 2.23837 0 
1763 2.43913 2.29545 0 
1764 2.43952 2.35236 0 
1765 2.43996 2.40905 0 
1766 2.43995 3.43964 0 
1767 2.43953 3.49482 0 
1768 2.43929 3.5507 0 
1769 2.43924 3.60718 0 
1770 2.43931 3.66411 0 
1771 2.43939 3.7213 0 
1772 2.43947 3.77868 0 
1773 2.43951 3.83617 0 
1774 2.43953 3.89371 0 
1775 2.43953 3.95128 0 
1776 2.43949 4.00889 0 
1777 2.43945 4.06651 0 
1778 2.43941 4.12414 0 
1779 2.43935 4.18177 0 
1780 2.43931 4.23942 0 
1781 2.43928 4.29706 0 
1782 2.43928 4.35471 0 
1783 2.43932 4.41233 0 
1784 2.43942 4.46992 0 
1785 2.43959 4.52744 0 
1786 2.4398 4.58483 0 
1787 2.43997 4.64189 0 
1788 2.43997 5.78698 0 
1789 2.44009 5.84432 0 
1790 2.44013 5.90172 0 
1791 2.44014 5.95909 0 
1792 2.44014 6.0164 0 
1793 2.44015 6.07366 0 
1794 2.44014 6.13087 0 
1795 2.44011 6.18804 0 
1796 2.44005 6.24516 0 
1797 2.43999 6.3023 0 
1798 2.43995 6.35946 0 
1799 2.43996 6.41672 0 
1800 2.4972 1.43581 0 
1801 2.49703 1.49294 0 
1802 2.49687 1.55017 0 
1803 2.49675 1.60743 0 
1804 2.49665 1.66472 0 
1805 2.49657 1.72207 0 
1806 2.49652 1.77945 0 
1807 2.49648 1.83685 0 
1808 2.49645 1.89427 0 
1809 2.49642 1.95169 0 
1810 2.49641 2.00911 0 
1811 2.4964 2.06651 0 
1812 2.49642 2.12387 0 
1813 2.49648 2.18115 0 
1814 2.49659 2.23833 0 
1815 2.49676 2.29537 0 
1816 2.49698 2.35226 0 
1817 2.49721 2.40905 0 
1818 2.49719 3.43964 0 
1819 2.49705 3.4949 0 
1820 2.49705 3.55081 0 
1821 2.4971 3.6073 0 
1822 2.49716 3.66421 0 
1823 2.4972 3.72139 0 
1824 2.49723 3.77873 0 
1825 2.49724 3.83619 0 
1826 2.49723 3.8937 0 
1827 2.49719 3.95125 0 
1828 2.49714 4.00883 0 
1829 2.49709 4.06644 0 
1830 2.49703 4.12405 0 
1831 2.49699 4.18167 0 
1832 2.49695 4.2393 0 
1833 2.49693 4.29692 0 
1834 2.49694 4.35454 0 
1835 2.49699 4.41215 0 
1836 2.49705 4.46972 0 
1837 2.49714 4.52724 0 
1838 2.49723 4.58466 0 
1839 2.49722 4.6419 0 
1840 2.49721 5.78697 0 
1841 2.4973 5.84436 0 
1842 2.49733 5.90172 0 
1843 2.49733 5.95905 0 
1844 2.49733 6.01635 0 
1845 2.4973 6.07361 0 
1846 2.49726 6.13084 0 
1847 2.4972 6.18802 0 
1848 2.49713 6.24518 0 
1849 2.49704 6.30235 0 
1850 2.49703 6.35954 0 
1851 2.4972 6.41673 0 
1852 2.55447 1.4358 0 
1853 2.55433 1.49298 0 
1854 2.55421 1.55019 0 
1855 2.55411 1.60745 0 
1856 2.55405 1.66474 0 
1857 2.55401 1.72208 0 
1858 2.55399 1.77946 0 
1859 2.55399 1.83686 0 
1860 2.55399 1.89429 0 
1861 2.554 1.95172 0 
1862 2.55402 2.00915 0 
1863 2.55405 2.06655 0 
1864 2.55408 2.1239 0 
1865 2.55414 2.18117 0 
1866 2.5542 2.23834 0 
1867 2.55428 2.29537 0 
1868 2.55436 2.35225 0 
1869 2.55446 2.40905 0 
1870 2.55446 3.4397 0 
1871 2.5547 3.49457 0 
1872 2.55487 3.55071 0 
1873 2.55498 3.60737 0 
1874 2.55505 3.66432 0 
1875 2.55507 3.7215 0 
1876 2.55505 3.77883 0 
1877 2.55502 3.83626 0 
1878 2.55496 3.89374 0 
1879 2.55489 3.95127 0 
1880 2.55481 4.00882 0 
1881 2.55474 4.06639 0 
1882 2.55467 4.12397 0 
1883 2.55461 4.18157 0 
1884 2.55458 4.23916 0 
1885 2.55456 4.29676 0 
1886 2.55455 4.35435 0 
1887 2.55456 4.41194 0 
1888 2.55459 4.4695 0 
1889 2.5546 4.52703 0 
1890 2.55458 4.58451 0 
1891 2.55448 4.64191 0 
1892 2.55447 5.78697 0 
1893 2.55451 5.84439 0 
1894 2.55452 5.90174 0 
1895 2.55453 5.95906 0 
1896 2.55452 6.01635 0 
1897 2.55449 6.07363 0 
1898 2.55444 6.13088 0 
1899 2.55437 6.18811 0 
1900 2.55429 6.2453 0 
1901 2.55422 6.30249 0 
1902 2.55423 6.35963 0 
1903 2.55446 6.41671 0 
1904 2.61172 1.4358 0 
1905 2.6116 1.49299 0 
1906 2.61151 1.55019 0 
1907 2.61147 1.60743 0 
1908 2.61146 1.66472 0 
1909 2.61146 1.72207 0 
1910 2.61149 1.77945 0 
1911 2.61151 1.83686 0 
1912 2.61156 1.8943 0 
1913 2.6116 1.95175 0 
1914 2.61165 2.00918 0 
1915 2.61169 2.0666 0 
1916 2.61175 2.12397 0 
1917 2.61177 2.18125 0 
1918 2.61179 2.23842 0 
1919 2.61178 2.29545 0 
1920 2.61174 2.35232 0 
1921 2.61172 2.40904 0 
1922 2.61175 3.43966 0 
1923 2.61246 3.49494 0 
1924 2.61277 3.55101 0 
1925 2.61293 3.60762 0 
1926 2.61298 3.66455 0 
1927 2.61297 3.72169 0 
1928 2.6129 3.77898 0 
1929 2.61281 3.83636 0 
1930 2.6127 3.89381 0 
1931 2.61258 3.95131 0 
1932 2.61247 4.00883 0 
1933 2.61237 4.06637 0 
1934 2.61228 4.12392 0 
1935 2.61221 4.18146 0 
1936 2.61216 4.23903 0 
1937 2.61213 4.29659 0 
1938 2.61211 4.35416 0 
1939 2.6121 4.41172 0 
1940 2.61208 4.46928 0 
1941 2.61202 4.52683 0 
1942 2.6119 4.58438 0 
1943 2.61172 4.64191 0 
1944 2.61172 5.78697 0 
1945 2.61168 5.84436 0 
1946 2.61172 5.90171 0 
1947 2.61176 5.95907 0 
1948 2.61177 6.01639 0 
1949 2.61174 6.07371 0 
1950 2.61169 6.13099 0 
1951 2.61162 6.18824 0 
1952 2.61155 6.24546 0 
1953 2.6115 6.30263 0 
1954 2.61153 6.35974 0 
1955 2.61171 6.41671 0 
1956 2.66897 1.4358 0 
1957 2.66885 1.49295 0 
1958 2.66883 1.55014 0 
1959 2.66884 1.60737 0 
1960 2.66888 1.66467 0 
1961 2.66893 1.72202 0 
1962 2.66899 1.77942 0 
1963 2.66906 1.83684 0 
1964 2.66914 1.89429 0 
1965 2.66921 1.95175 0 
1966 2.66928 2.00922 0 
1967 2.66935 2.06665 0 
1968 2.66941 2.12405 0 
1969 2.66944 2.18138 0 
1970 2.66942 2.23858 0 
1971 2.66932 2.29563 0 
1972 2.66916 2.35246 0 
1973 2.66897 2.40904 0 
1974 2.66899 3.43963 0 
1975 2.67007 3.49518 0 
1976 2.67063 3.55135 0 
1977 2.67088 3.60794 0 
1978 2.67094 3.66484 0 
1979 2.67088 3.72194 0 
1980 2.67076 3.77918 0 
1981 2.6706 3.83653 0 
1982 2.67042 3.89394 0 
1983 2.67026 3.95139 0 
1984 2.67011 4.00887 0 
1985 2.66997 4.06635 0 
1986 2.66985 4.12386 0 
1987 2.66976 4.18137 0 
1988 2.66969 4.23889 0 
1989 2.66965 4.29642 0 
1990 2.66963 4.35395 0 
1991 2.6696 4.41148 0 
1992 2.66955 4.46906 0 
1993 2.66946 4.52666 0 
1994 2.66926 4.5843 0 
1995 2.66897 4.64191 0 
1996 2.66896 5.78696 0 
1997 2.66894 5.8443 0 
1998 2.66903 5.90168 0 
1999 2.66909 5.95907 0 
2000 2.66911 6.01646 0 
2001 2.66908 6.07382 0 
2002 2.66903 6.13113 0 
2003 2.66895 6.1884 0 
2004 2.66888 6.24561 0 
2005 2.66883 6.30278 0 
2006 2.66884 6.35982 0 
2007 2.66896 6.4167 0 
2008 2.72621 1.4358 0 
2009 2.72614 1.49288 0 
2010 2.72616 1.55004 0 
2011 2.72623 1.60728 0 
2012 2.72632 1.66459 0 
2013 2.72641 1.72196 0 
2014 2.7265 1.77937 0 
2015 2.7266 1.83681 0 
2016 2.72671 1.89427 0 
2017 2.7268 1.95176 0 
2018 2.7269 2.00925 0 
2019 2.72701 2.06673 0 
2020 2.72709 2.12416 0 
2021 2.72714 2.18155 0 
2022 2.72711 2.23881 0 
2023 2.72695 2.2959 0 
2024 2.72663 2.35269 0 
2025 2.72622 2.40904 0 
2026 2.72623 3.43964 0 
2027 2.72768 3.49545 0 
2028 2.72853 3.55166 0 
2029 2.7289 3.60825 0 
2030 2.72894 3.66513 0 
2031 2.72881 3.7222 0 
2032 2.72861 3.77942 0 
2033 2.72837 3.83672 0 
2034 2.72813 3.8941 0 
2035 2.7279 3.9515 0 
2036 2.7277 4.00893 0 
2037 2.72752 4.06638 0 
2038 2.72737 4.12384 0 
2039 2.72725 4.18129 0 
2040 2.72717 4.23877 0 
2041 2.72711 4.29625 0 
2042 2.72708 4.35373 0 
2043 2.72707 4.41122 0 
2044 2.72705 4.46878 0 
2045 2.72697 4.52643 0 
2046 2.72672 4.58422 0 
2047 2.72621 4.64191 0 
2048 2.7262 5.78699 0 
2049 2.72636 5.84409 0 
2050 2.72649 5.90161 0 
2051 2.72655 5.95913 0 
2052 2.72653 6.0166 0 
2053 2.72647 6.07399 0 
2054 2.7264 6.13131 0 
2055 2.72632 6.18857 0 
2056 2.72625 6.24577 0 
2057 2.7262 6.3029 0 
2058 2.72618 6.35989 0 
2059 2.72622 6.4167 0 
2060 2.78346 1.4358 0 
2061 2.78344 1.49275 0 
2062 2.78353 1.54988 0 
2063 2.78366 1.60716 0 
2064 2.78378 1.6645 0 
2065 2.7839 1.72188 0 
2066 2.78402 1.77931 0 
2067 2.78414 1.83676 0 
2068 2.78426 1.89425 0 
2069 2.78438 1.95175 0 
2070 2.78451 2.00926 0 
2071 2.78465 2.06679 0 
2072 2.78477 2.12429 0 
2073 2.78486 2.18175 0 
2074 2.78491 2.23912 0 
2075 2.7848 2.29628 0 
2076 2.78438 2.3531 0 
2077 2.78347 2.40902 0 
2078 2.78348 3.43965 0 
2079 2.78581 3.49553 0 
2080 2.78685 3.55187 0 
2081 2.78715 3.60854 0 
2082 2.78705 3.66544 0 
2083 2.78677 3.7225 0 
2084 2.78645 3.77968 0 
2085 2.78611 3.83695 0 
2086 2.78579 3.89428 0 
2087 2.78551 3.95164 0 
2088 2.78525 4.00903 0 
2089 2.78502 4.06643 0 
2090 2.78484 4.12384 0 
2091 2.78468 4.18125 0 
2092 2.78456 4.23867 0 
2093 2.78448 4.29607 0 
2094 2.78445 4.35349 0 
2095 2.78447 4.41092 0 
2096 2.78454 4.46839 0 
2097 2.7846 4.52596 0 
2098 2.78441 4.58377 0 
2099 2.78346 4.64188 0 
2100 2.78346 5.78699 0 
2101 2.78397 5.84425 0 
2102 2.78413 5.90185 0 
2103 2.78409 5.95942 0 
2104 2.78399 6.01689 0 
2105 2.78388 6.07426 0 
2106 2.78378 6.13154 0 
2107 2.78371 6.18875 0 
2108 2.78365 6.24592 0 
2109 2.78359 6.303 0 
2110 2.78355 6.35997 0 
2111 2.78347 6.4167 0 
2112 2.84073 1.43583 0 
2113 2.84083 1.49257 0 
2114 2.84098 1.54975 0 
2115 2.84113 1.60707 0 
2116 2.84126 1.66443 0 
2117 2.84139 1.72182 0 
2118 2.84151 1.77926 0 
2119 2.84164 1.83671 0 
2120 2.84178 1.8942 0 
2121 2.84192 1.95172 0 
2122 2.84206 2.00925 0 
2123 2.84222 2.06682 0 
2124 2.84237 2.12438 0 
2125 2.84253 2.18196 0 
2126 2.84272 2.23946 0 
2127 2.84289 2.29674 0 
2128 2.84269 2.35366 0 
2129 2.84073 2.40898 0 
2130 2.84078 3.43971 0 
2131 2.84553 3.49546 0 
2132 2.84609 3.55215 0 
2133 2.84582 3.60884 0 
2134 2.84529 3.66574 0 
2135 2.84475 3.72279 0 
2136 2.84424 3.77997 0 
2137 2.84379 3.8372 0 
2138 2.8434 3.89449 0 
2139 2.84305 3.95182 0 
2140 2.84273 4.00917 0 
2141 2.84246 4.06651 0 
2142 2.84223 4.12388 0 
2143 2.84204 4.18124 0 
2144 2.84188 4.2386 0 
2145 2.84177 4.29594 0 
2146 2.8417 4.35327 0 
2147 2.84171 4.41059 0 
2148 2.84185 4.46787 0 
2149 2.84218 4.52514 0 
2150 2.84253 4.58258 0 
2151 2.84071 4.64186 0 
2152 2.84072 5.78703 0 
2153 2.84189 5.84469 0 
2154 2.84181 5.90248 0 
2155 2.84156 5.96002 0 
2156 2.84136 6.01738 0 
2157 2.84121 6.07463 0 
2158 2.84112 6.13181 0 
2159 2.84105 6.18894 0 
2160 2.841 6.24603 0 
2161 2.84095 6.30304 0 
2162 2.84087 6.35996 0 
2163 2.84074 6.4167 0 
2164 2.89799 1.4358 0 
2165 2.89831 1.49263 0 
2166 2.89847 1.54978 0 
2167 2.89861 1.60706 0 
2168 2.89873 1.66441 0 
2169 2.89885 1.72179 0 
2170 2.89898 1.77922 0 
2171 2.89911 1.83666 0 
2172 2.89925 1.89414 0 
2173 2.89939 1.95166 0 
2174 2.89955 2.00921 0 
2175 2.89969 2.06678 0 
2176 2.8998 2.12442 0 
2177 2.89983 2.18216 0 
2178 2.89959 2.24009 0 
2179 2.8988 2.29844 0 
2180 2.89797 2.35733 0 
2181 2.89818 2.40889 0 
2182 2.89816 3.43967 0 
2183 2.91107 3.49711 0 
2184 2.90728 3.55251 0 
2185 2.90485 3.60904 0 
2186 2.90352 3.66598 0 
2187 2.90263 3.72307 0 
2188 2.90195 3.78025 0 
2189 2.90139 3.83747 0 
2190 2.90092 3.89473 0 
2191 2.90051 3.95202 0 
2192 2.90016 4.00932 0 
2193 2.89985 4.06664 0 
2194 2.89957 4.12394 0 
2195 2.89933 4.18126 0 
2196 2.89912 4.23856 0 
2197 2.89894 4.29585 0 
2198 2.89879 4.35312 0 
2199 2.89868 4.41036 0 
2200 2.89856 4.46757 0 
2201 2.89844 4.52479 0 
2202 2.89835 4.58241 0 
2203 2.89786 4.64197 0 
2204 2.89815 4.69891 0 
2205 2.89809 4.75641 0 
2206 2.89802 4.81367 0 
2207 2.89802 4.87092 0 
2208 2.89801 4.92816 0 
2209 2.89802 4.9854 0 
2210 2.89807 5.04268 0 
2211 2.89803 5.09994 0 
2212 2.89802 5.15719 0 
2213 2.89802 5.21443 0 
2214 2.89802 5.27169 0 
2215 2.89802 5.32894 0 
2216 2.89803 5.3862 0 
2217 2.89802 5.44346 0 
2218 2.89801 5.50072 0 
2219 2.89799 5.55796 0 
2220 2.89799 5.61519 0 
2221 2.89811 5.67247 0 
2222 2.89804 5.72984 0 
2223 2.89794 5.78701 0 
2224 2.89904 5.8462 0 
2225 2.8989 5.9038 0 
2226 2.89868 5.96095 0 
2227 2.89852 6.01802 0 
2228 2.89842 6.07506 0 
2229 2.89835 6.13209 0 
2230 2.89832 6.18911 0 
2231 2.8983 6.24611 0 
2232 2.89826 6.30306 0 
2233 2.89817 6.35994 0 
2234 2.89799 6.41671 0 
2235 2.95525 1.4358 0 
2236 2.95564 1.49274 0 
2237 2.95587 1.54987 0 
2238 2.95603 1.60711 0 
2239 2.95616 1.66443 0 
2240 2.95628 1.72177 0 
2241 2.95641 1.77917 0 
2242 2.95653 1.8366 0 
2243 2.95668 1.89407 0 
2244 2.95682 1.95156 0 
2245 2.95696 2.00909 0 
2246 2.95712 2.06665 0 
2247 2.95725 2.12425 0 
2248 2.95738 2.18189 0 
2249 2.95751 2.23953 0 
2250 2.95786 2.29713 0 
2251 2.95858 2.3544 0 
2252 2.95526 2.40917 0 
2253 2.95529 2.46636 0 
2254 2.95524 2.52359 0 
2255 2.95524 2.58084 0 
2256 2.95524 2.63808 0 
2257 2.95524 2.69534 0 
2258 2.95523 2.75258 0 
2259 2.95523 2.80984 0 
2260 2.95523 2.86709 0 
2261 2.95524 2.92434 0 
2262 2.95524 2.98159 0 
2263 2.95524 3.03885 0 
2264 2.95523 3.0961 0 
2265 2.95523 3.15335 0 
2266 2.95523 3.21059 0 
2267 2.95523 3.26784 0 
2268 2.95524 3.32509 0 
2269 2.95532 3.38232 0 
2270 2.95522 3.43954 0 
2271 2.95921 3.49307 0 
2272 2.96236 3.55165 0 
2273 2.96197 3.60897 0 
2274 2.961 3.66618 0 
2275 2.96016 3.72335 0 
2276 2.95946 3.78054 0 
2277 2.95887 3.83775 0 
2278 2.95836 3.89499 0 
2279 2.95791 3.95224 0 
2280 2.95753 4.0095 0 
2281 2.95718 4.06678 0 
2282 2.95686 4.12406 0 
2283 2.95657 4.18132 0 
2284 2.9563 4.23859 0 
2285 2.95605 4.29584 0 
2286 2.9558 4.35307 0 
2287 2.95553 4.41029 0 
2288 2.95518 4.46751 0 
2289 2.95464 4.52487 0 
2290 2.9538 4.5827 0 
2291 2.95251 4.64127 0 
2292 2.951 4.70221 0 
2293 2.95345 4.75451 0 
2294 2.95386 4.81245 0 
2295 2.95431 4.86994 0 
2296 2.95458 4.9273 0 
2297 2.95462 4.98467 0 
2298 2.95452 5.04222 0 
2299 2.95492 5.09995 0 
2300 2.95522 5.15736 0 
2301 2.95538 5.21462 0 
2302 2.95539 5.27191 0 
2303 2.95533 5.32922 0 
2304 2.95519 5.38659 0 
2305 2.95513 5.44405 0 
2306 2.95509 5.50146 0 
2307 2.95503 5.55885 0 
2308 2.9549 5.61646 0 
2309 2.95439 5.67501 0 
2310 2.95588 5.73653 0 
2311 2.95078 5.79112 0 
2312 2.95399 5.84889 0 
2313 2.95504 5.90525 0 
2314 2.95537 5.96179 0 
2315 2.95547 6.01855 0 
2316 2.9555 6.07541 0 
2317 2.95551 6.13233 0 
2318 2.95552 6.18926 0 
2319 2.95553 6.24618 0 
2320 2.95552 6.30308 0 
2321 2.95545 6.35995 0 
2322 2.95524 6.41671 0 
2323 3.01249 1.43579 0 
2324 3.01294 1.4928 0 
2325 3.01321 1.54994 0 
2326 3.01339 1.60715 0 
2327 3.01353 1.66444 0 
2328 3.01366 1.72175 0 
2329 3.01379 1.77912 0 
2330 3.01391 1.83652 0 
2331 3.01405 1.89397 0 
2332 3.01418 1.95144 0 
2333 3.01432 2.00894 0 
2334 3.01447 2.06645 0 
2335 3.01463 2.12398 0 
2336 3.01482 2.18149 0 
2337 3.01507 2.23896 0 
2338 3.01533 2.29624 0 
2339 3.01554 2.3533 0 
2340 3.0147 2.40858 0 
2341 3.01407 2.46511 0 
2342 3.01292 2.5228 0 
2343 3.01266 2.58042 0 
2344 3.01257 2.63788 0 
2345 3.01257 2.69525 0 
2346 3.01254 2.75256 0 
2347 3.01258 2.80984 0 
2348 3.0126 2.86709 0 
2349 3.01262 2.92437 0 
2350 3.01263 2.98164 0 
2351 3.01266 3.03893 0 
2352 3.01269 3.09624 0 
2353 3.01272 3.15359 0 
2354 3.01279 3.21104 0 
2355 3.01296 3.26867 0 
2356 3.0133 3.32674 0 
2357 3.01431 3.38584 0 
2358 3.01685 3.44284 0 
2359 3.01877 3.49576 0 
2360 3.0188 3.55249 0 
2361 3.01863 3.60952 0 
2362 3.01809 3.66659 0 
2363 3.01743 3.72373 0 
2364 3.01679 3.78088 0 
2365 3.01622 3.83806 0 
2366 3.01571 3.89525 0 
2367 3.01526 3.95248 0 
2368 3.01484 4.00971 0 
2369 3.01446 4.06695 0 
2370 3.0141 4.12419 0 
2371 3.01378 4.18143 0 
2372 3.01345 4.23867 0 
2373 3.01314 4.29589 0 
2374 3.01282 4.35312 0 
2375 3.01244 4.41033 0 
2376 3.01199 4.46758 0 
2377 3.01141 4.52495 0 
2378 3.01066 4.58262 0 
2379 3.00979 4.64059 0 
2380 3.00925 4.69955 0 
2381 3.01013 4.75374 0 
2382 3.01053 4.81148 0 
2383 3.01098 4.86906 0 
2384 3.01135 4.92656 0 
2385 3.01152 4.98411 0 
2386 3.01165 5.04182 0 
2387 3.01208 5.09965 0 
2388 3.01246 5.15726 0 
2389 3.01268 5.21469 0 
2390 3.01274 5.2721 0 
2391 3.01264 5.32951 0 
2392 3.01249 5.38697 0 
2393 3.01236 5.44449 0 
2394 3.01225 5.50198 0 
2395 3.01211 5.55948 0 
2396 3.01188 5.61718 0 
2397 3.0116 5.67542 0 
2398 3.01182 5.7348 0 
2399 3.01026 5.79154 0 
2400 3.01081 5.84847 0 
2401 3.01168 5.90529 0 
2402 3.01218 5.96201 0 
2403 3.01244 6.01879 0 
2404 3.01256 6.07563 0 
2405 3.01263 6.1325 0 
2406 3.01268 6.18938 0 
2407 3.01271 6.24624 0 
2408 3.01272 6.30307 0 
2409 3.01266 6.35989 0 
2410 3.01249 6.41672 0 
2411 3.06975 1.43579 0 
2412 3.07021 1.49288 0 
2413 3.07051 1.55 0 
2414 3.07072 1.60718 0 
2415 3.07089 1.66441 0 
2416 3.07102 1.72171 0 
2417 3.07114 1.77904 0 
2418 3.07125 1.83643 0 
2419 3.07138 1.89386 0 
2420 3.07149 1.9513 0 
2421 3.07161 2.00876 0 
2422 3.07174 2.06622 0 
2423 3.0719 2.12368 0 
2424 3.07207 2.1811 0 
2425 3.07225 2.23842 0 
2426 3.07243 2.29561 0 
2427 3.07243 2.35248 0 
2428 3.07203 2.40862 0 
2429 3.07138 2.4653 0 
2430 3.07055 2.52277 0 
2431 3.07016 2.5803 0 
2432 3.06999 2.63777 0 
2433 3.06993 2.69517 0 
2434 3.06991 2.75252 0 
2435 3.06994 2.80982 0 
2436 3.06996 2.8671 0 
2437 3.06998 2.9244 0 
2438 3.07003 2.98169 0 
2439 3.07007 3.03901 0 
2440 3.07014 3.09637 0 
2441 3.07024 3.15379 0 
2442 3.07042 3.21136 0 
2443 3.07075 3.26911 0 
2444 3.07136 3.32718 0 
2445 3.07258 3.38543 0 
2446 3.07461 3.4422 0 
2447 3.07592 3.49715 0 
2448 3.07589 3.55343 0 
2449 3.07559 3.61016 0 
2450 3.07513 3.6671 0 
2451 3.07458 3.72415 0 
2452 3.07402 3.78124 0 
2453 3.0735 3.83838 0 
2454 3.073 3.89554 0 
2455 3.07254 3.95273 0 
2456 3.07211 4.00992 0 
2457 3.07172 4.06713 0 
2458 3.07133 4.12435 0 
2459 3.07096 4.18156 0 
2460 3.0706 4.23877 0 
2461 3.07024 4.29598 0 
2462 3.06986 4.35318 0 
2463 3.06945 4.4104 0 
2464 3.06897 4.46763 0 
2465 3.06843 4.52493 0 
2466 3.06782 4.58237 0 
2467 3.06719 4.63995 0 
2468 3.06682 4.69757 0 
2469 3.06714 4.75344 0 
2470 3.06753 4.81082 0 
2471 3.06797 4.86837 0 
2472 3.06837 4.92596 0 
2473 3.06868 4.98364 0 
2474 3.06898 5.04145 0 
2475 3.06942 5.09932 0 
2476 3.0698 5.15707 0 
2477 3.07003 5.21469 0 
2478 3.07009 5.27223 0 
2479 3.07 5.32976 0 
2480 3.06984 5.38728 0 
2481 3.06968 5.44483 0 
2482 3.06949 5.50235 0 
2483 3.0693 5.55989 0 
2484 3.06906 5.61754 0 
2485 3.06885 5.67544 0 
2486 3.06874 5.73366 0 
2487 3.06824 5.79101 0 
2488 3.06838 5.84805 0 
2489 3.06884 5.90503 0 
2490 3.06924 5.96194 0 
2491 3.06952 6.01883 0 
2492 3.06968 6.07574 0 
2493 3.06978 6.13264 0 
2494 3.06985 6.18952 0 
2495 3.06991 6.24636 0 
2496 3.06993 6.30315 0 
2497 3.0699 6.35993 0 
2498 3.06974 6.41672 0 
2499 3.127 1.43579 0 
2500 3.12749 1.4929 0 
2501 3.12783 1.55001 0 
2502 3.12806 1.60714 0 
2503 3.12823 1.66435 0 
2504 3.12837 1.72161 0 
2505 3.12847 1.77895 0 
2506 3.12857 1.83631 0 
2507 3.12866 1.89372 0 
2508 3.12875 1.95114 0 
2509 3.12884 2.00858 0 
2510 3.12895 2.06601 0 
2511 3.12905 2.12341 0 
2512 3.12917 2.18077 0 
2513 3.12927 2.23803 0 
2514 3.12933 2.29516 0 
2515 3.12925 2.35207 0 
2516 3.12895 2.40871 0 
2517 3.12848 2.4656 0 
2518 3.12793 2.52291 0 
2519 3.12757 2.58032 0 
2520 3.12738 2.63773 0 
2521 3.12729 2.69513 0 
2522 3.12727 2.75249 0 
2523 3.12728 2.8098 0 
2524 3.12731 2.86711 0 
2525 3.12735 2.92441 0 
2526 3.12739 2.98174 0 
2527 3.12747 3.03908 0 
2528 3.12758 3.09646 0 
2529 3.12774 3.15392 0 
2530 3.128 3.21148 0 
2531 3.12844 3.26919 0 
2532 3.12913 3.327 0 
2533 3.13022 3.38467 0 
2534 3.13162 3.44156 0 
2535 3.13255 3.49762 0 
2536 3.13271 3.55404 0 
2537 3.13251 3.61071 0 
2538 3.13214 3.66759 0 
2539 3.13169 3.72456 0 
2540 3.1312 3.78161 0 
2541 3.13071 3.83869 0 
2542 3.13025 3.89582 0 
2543 3.12979 3.95296 0 
2544 3.12936 4.01013 0 
2545 3.12894 4.06732 0 
2546 3.12854 4.12451 0 
2547 3.12814 4.1817 0 
2548 3.12774 4.2389 0 
2549 3.12736 4.29609 0 
2550 3.12695 4.35328 0 
2551 3.12651 4.41047 0 
2552 3.12604 4.46766 0 
2553 3.12554 4.52489 0 
2554 3.125 4.58215 0 
2555 3.12452 4.63942 0 
2556 3.12424 4.69656 0 
2557 3.12437 4.75316 0 
2558 3.12473 4.81038 0 
2559 3.12516 4.86787 0 
2560 3.12561 4.9255 0 
2561 3.12602 4.98326 0 
2562 3.12642 5.04112 0 
2563 3.12687 5.09904 0 
2564 3.12723 5.15689 0 
2565 3.12746 5.21465 0 
2566 3.12749 5.27232 0 
2567 3.12741 5.32994 0 
2568 3.12723 5.38752 0 
2569 3.12703 5.44508 0 
2570 3.12681 5.5026 0 
2571 3.12657 5.56012 0 
2572 3.12635 5.61768 0 
2573 3.12616 5.67535 0 
2574 3.12603 5.73305 0 
2575 3.12587 5.79045 0 
2576 3.12594 5.84762 0 
2577 3.1262 5.90472 0 
2578 3.12649 5.96177 0 
2579 3.12671 6.01881 0 
2580 3.12687 6.07581 0 
2581 3.12697 6.13279 0 
2582 3.12705 6.18972 0 
2583 3.12712 6.24656 0 
2584 3.12716 6.30334 0 
2585 3.12715 6.36004 0 
2586 3.127 6.41672 0 
2587 3.18425 1.43579 0 
2588 3.18481 1.49287 0 
2589 3.18519 1.54992 0 
2590 3.18545 1.60704 0 
2591 3.18562 1.66423 0 
2592 3.18573 1.72148 0 
2593 3.1858 1.7788 0 
2594 3.18586 1.83618 0 
2595 3.18592 1.89358 0 
2596 3.18597 1.951 0 
2597 3.18602 2.00842 0 
2598 3.18608 2.06583 0 
2599 3.18614 2.12319 0 
2600 3.1862 2.18051 0 
2601 3.18624 2.23775 0 
2602 3.18622 2.29489 0 
2603 3.18612 2.35187 0 
2604 3.18587 2.40879 0 
2605 3.18554 2.46581 0 
2606 3.18518 2.52305 0 
2607 3.18489 2.58037 0 
2608 3.18473 2.63775 0 
2609 3.18464 2.69511 0 
2610 3.18461 2.75246 0 
2611 3.18462 2.80979 0 
2612 3.18464 2.86711 0 
2613 3.18468 2.92443 0 
2614 3.18475 2.98176 0 
2615 3.18483 3.03911 0 
2616 3.18497 3.0965 0 
2617 3.18518 3.15395 0 
2618 3.18549 3.21148 0 
2619 3.18596 3.26906 0 
2620 3.18663 3.32666 0 
2621 3.18753 3.38408 0 
2622 3.18851 3.44108 0 
2623 3.18922 3.49769 0 
2624 3.18947 3.55433 0 
2625 3.18939 3.61108 0 
2626 3.18914 3.66795 0 
2627 3.18877 3.72491 0 
2628 3.18836 3.78192 0 
2629 3.18792 3.83898 0 
2630 3.18747 3.89608 0 
2631 3.18703 3.95321 0 
2632 3.18658 4.01036 0 
2633 3.18615 4.06751 0 
2634 3.18573 4.12468 0 
2635 3.18531 4.18186 0 
2636 3.18489 4.23904 0 
2637 3.18447 4.29621 0 
2638 3.18405 4.35339 0 
2639 3.18361 4.41055 0 
2640 3.18314 4.46771 0 
2641 3.18267 4.52486 0 
2642 3.18219 4.58199 0 
2643 3.18178 4.63907 0 
2644 3.18157 4.69604 0 
2645 3.18168 4.75289 0 
2646 3.18204 4.81007 0 
2647 3.18252 4.86753 0 
2648 3.183 4.92518 0 
2649 3.18347 4.98298 0 
2650 3.18392 5.04086 0 
2651 3.18437 5.09881 0 
2652 3.18473 5.15674 0 
2653 3.18494 5.21461 0 
2654 3.18495 5.27237 0 
2655 3.18484 5.33006 0 
2656 3.18464 5.38768 0 
2657 3.18441 5.44524 0 
2658 3.18417 5.50274 0 
2659 3.18393 5.56022 0 
2660 3.1837 5.61769 0 
2661 3.18354 5.67518 0 
2662 3.18344 5.73265 0 
2663 3.18339 5.79 0 
2664 3.18346 5.84723 0 
2665 3.18363 5.90441 0 
2666 3.18382 5.96159 0 
2667 3.184 6.01876 0 
2668 3.18412 6.0759 0 
2669 3.18421 6.13301 0 
2670 3.18429 6.19002 0 
2671 3.18438 6.24691 0 
2672 3.18446 6.30365 0 
2673 3.18446 6.36026 0 
2674 3.18425 6.41672 0 
2675 3.2415 1.43579 0 
2676 3.24223 1.49275 0 
2677 3.24268 1.54975 0 
2678 3.24293 1.60683 0 
2679 3.24306 1.66402 0 
2680 3.24313 1.72128 0 
2681 3.24314 1.77863 0 
2682 3.24315 1.83603 0 
2683 3.24315 1.89344 0 
2684 3.24316 1.95086 0 
2685 3.24316 2.00828 0 
2686 3.24317 2.06568 0 
2687 3.24319 2.12303 0 
2688 3.2432 2.18033 0 
2689 3.24319 2.23756 0 
2690 3.24314 2.29472 0 
2691 3.24303 2.35179 0 
2692 3.24285 2.40884 0 
2693 3.24261 2.46595 0 
2694 3.24236 2.52316 0 
2695 3.24216 2.58045 0 
2696 3.24202 2.63777 0 
2697 3.24195 2.69511 0 
2698 3.24192 2.75246 0 
2699 3.24192 2.80979 0 
2700 3.24195 2.86712 0 
2701 3.24199 2.92443 0 
2702 3.24205 2.98177 0 
2703 3.24216 3.03911 0 
2704 3.24231 3.09649 0 
2705 3.24254 3.15391 0 
2706 3.24288 3.21138 0 
2707 3.24333 3.26886 0 
2708 3.24394 3.32633 0 
2709 3.24468 3.38366 0 
2710 3.24543 3.44075 0 
2711 3.24599 3.49762 0 
2712 3.24627 3.55445 0 
2713 3.24631 3.61131 0 
2714 3.24616 3.66822 0 
2715 3.2459 3.72518 0 
2716 3.24554 3.78219 0 
2717 3.24514 3.83924 0 
2718 3.2447 3.89633 0 
2719 3.24425 3.95344 0 
2720 3.2438 4.01057 0 
2721 3.24336 4.06771 0 
2722 3.24292 4.12486 0 
2723 3.24249 4.18202 0 
2724 3.24205 4.23919 0 
2725 3.24162 4.29634 0 
2726 3.24117 4.35351 0 
2727 3.24071 4.41065 0 
2728 3.24025 4.46778 0 
2729 3.23978 4.52487 0 
2730 3.23933 4.58192 0 
2731 3.23897 4.63888 0 
2732 3.2388 4.69577 0 
2733 3.23898 4.75268 0 
2734 3.23942 4.80986 0 
2735 3.23997 4.86734 0 
2736 3.24048 4.92501 0 
2737 3.24098 4.98282 0 
2738 3.24146 5.04072 0 
2739 3.24192 5.09867 0 
2740 3.24227 5.15664 0 
2741 3.24244 5.21457 0 
2742 3.24243 5.2724 0 
2743 3.24228 5.33012 0 
2744 3.24206 5.38776 0 
2745 3.24182 5.44531 0 
2746 3.24156 5.50279 0 
2747 3.24132 5.56022 0 
2748 3.2411 5.61761 0 
2749 3.24095 5.67498 0 
2750 3.24087 5.73232 0 
2751 3.24086 5.78962 0 
2752 3.24093 5.84687 0 
2753 3.24105 5.90413 0 
2754 3.24119 5.9614 0 
2755 3.24132 6.01869 0 
2756 3.24141 6.076 0 
2757 3.24151 6.13328 0 
2758 3.2416 6.19047 0 
2759 3.24171 6.24748 0 
2760 3.24183 6.30423 0 
2761 3.24183 6.36061 0 
2762 3.2415 6.41673 0 
2763 3.29877 1.43578 0 
2764 3.29983 1.49253 0 
2765 3.30033 1.54943 0 
2766 3.30055 1.6065 0 
2767 3.3006 1.66371 0 
2768 3.30057 1.72104 0 
2769 3.3005 1.77843 0 
2770 3.30044 1.83586 0 
2771 3.30037 1.8933 0 
2772 3.30032 1.95074 0 
2773 3.30028 2.00816 0 
2774 3.30024 2.06555 0 
2775 3.30022 2.1229 0 
2776 3.3002 2.18019 0 
2777 3.30016 2.23743 0 
2778 3.30009 2.29461 0 
2779 3.29999 2.35174 0 
2780 3.29986 2.40887 0 
2781 3.29969 2.46602 0 
2782 3.29952 2.52324 0 
2783 3.29938 2.5805 0 
2784 3.29928 2.6378 0 
2785 3.29923 2.69512 0 
2786 3.29921 2.75245 0 
2787 3.29921 2.80978 0 
2788 3.29924 2.86711 0 
2789 3.29927 2.92444 0 
2790 3.29934 2.98176 0 
2791 3.29944 3.03911 0 
2792 3.2996 3.09645 0 
2793 3.29983 3.15384 0 
2794 3.30015 3.21124 0 
2795 3.30059 3.26865 0 
2796 3.30112 3.32604 0 
2797 3.30173 3.38333 0 
2798 3.30234 3.44049 0 
2799 3.30283 3.49752 0 
2800 3.30315 3.55449 0 
2801 3.30327 3.61144 0 
2802 3.30324 3.6684 0 
2803 3.30306 3.72539 0 
2804 3.30277 3.78241 0 
2805 3.30238 3.83947 0 
2806 3.30195 3.89656 0 
2807 3.30148 3.95367 0 
2808 3.30102 4.01078 0 
2809 3.30056 4.06791 0 
2810 3.30011 4.12504 0 
2811 3.29966 4.18219 0 
2812 3.29921 4.23934 0 
2813 3.29876 4.29649 0 
2814 3.2983 4.35364 0 
2815 3.29783 4.41078 0 
2816 3.29736 4.46789 0 
2817 3.29688 4.52496 0 
2818 3.29642 4.58195 0 
2819 3.29607 4.63884 0 
2820 3.29595 4.69564 0 
2821 3.29627 4.75254 0 
2822 3.29687 4.80976 0 
2823 3.29748 4.86731 0 
2824 3.29801 4.92503 0 
2825 3.2985 4.98283 0 
2826 3.29898 5.04069 0 
2827 3.29943 5.09861 0 
2828 3.29978 5.15659 0 
2829 3.29992 5.21454 0 
2830 3.29986 5.2724 0 
2831 3.29967 5.33012 0 
2832 3.29944 5.38774 0 
2833 3.2992 5.44526 0 
2834 3.29897 5.50272 0 
2835 3.29873 5.56012 0 
2836 3.29851 5.61744 0 
2837 3.29836 5.67473 0 
2838 3.2983 5.732 0 
2839 3.2983 5.78925 0 
2840 3.29837 5.84652 0 
2841 3.29846 5.90383 0 
2842 3.29856 5.96119 0 
2843 3.29865 6.0186 0 
2844 3.29874 6.07608 0 
2845 3.29884 6.13359 0 
2846 3.29896 6.19106 0 
2847 3.29915 6.24835 0 
2848 3.29939 6.30521 0 
2849 3.29939 6.36135 0 
2850 3.29877 6.41674 0 
2851 3.35603 1.43576 0 
2852 3.35771 1.49211 0 
2853 3.35823 1.5489 0 
2854 3.35832 1.60601 0 
2855 3.35824 1.66331 0 
2856 3.35806 1.72073 0 
2857 3.35787 1.77821 0 
2858 3.35769 1.83571 0 
2859 3.35756 1.8932 0 
2860 3.35745 1.95066 0 
2861 3.35736 2.00808 0 
2862 3.3573 2.06547 0 
2863 3.35724 2.12281 0 
2864 3.35719 2.1801 0 
2865 3.35714 2.23735 0 
2866 3.35707 2.29455 0 
2867 3.35698 2.35172 0 
2868 3.35689 2.40889 0 
2869 3.35677 2.46608 0 
2870 3.35666 2.52329 0 
2871 3.35657 2.58054 0 
2872 3.35651 2.63783 0 
2873 3.35648 2.69513 0 
2874 3.35647 2.75246 0 
2875 3.35649 2.80978 0 
2876 3.3565 2.86712 0 
2877 3.35652 2.92444 0 
2878 3.35657 2.98176 0 
2879 3.35667 3.03907 0 
2880 3.35681 3.0964 0 
2881 3.35704 3.15373 0 
2882 3.35735 3.21109 0 
2883 3.35774 3.26845 0 
2884 3.35821 3.32579 0 
2885 3.35873 3.38307 0 
2886 3.35924 3.44027 0 
2887 3.3597 3.4974 0 
2888 3.36005 3.55448 0 
2889 3.36028 3.61151 0 
2890 3.36039 3.66852 0 
2891 3.36034 3.72554 0 
2892 3.36008 3.7826 0 
2893 3.35969 3.83968 0 
2894 3.35922 3.89678 0 
2895 3.35872 3.95388 0 
2896 3.35823 4.01098 0 
2897 3.35776 4.0681 0 
2898 3.3573 4.12522 0 
2899 3.35684 4.18236 0 
2900 3.35638 4.2395 0 
2901 3.35592 4.29665 0 
2902 3.35545 4.3538 0 
2903 3.35497 4.41094 0 
2904 3.35447 4.46805 0 
2905 3.35396 4.52512 0 
2906 3.35347 4.58211 0 
2907 3.35308 4.63897 0 
2908 3.35298 4.69568 0 
2909 3.3535 4.7525 0 
2910 3.35439 4.80982 0 
2911 3.35506 4.86752 0 
2912 3.35555 4.9253 0 
2913 3.35599 4.98304 0 
2914 3.35643 5.04081 0 
2915 3.35686 5.09865 0 
2916 3.35721 5.1566 0 
2917 3.35733 5.21455 0 
2918 3.35721 5.27236 0 
2919 3.35698 5.33005 0 
2920 3.35675 5.38761 0 
2921 3.35654 5.44509 0 
2922 3.35635 5.50251 0 
2923 3.35613 5.55987 0 
2924 3.3559 5.61716 0 
2925 3.35575 5.6744 0 
2926 3.3557 5.73162 0 
2927 3.35572 5.78886 0 
2928 3.35578 5.84614 0 
2929 3.35585 5.90348 0 
2930 3.35591 5.9609 0 
2931 3.35598 6.0184 0 
2932 3.35604 6.07604 0 
2933 3.35615 6.13381 0 
2934 3.35633 6.19166 0 
2935 3.35669 6.24947 0 
2936 3.35722 6.30678 0 
2937 3.35742 6.36263 0 
2938 3.35599 6.41677 0 
2939 3.41326 1.43574 0 
2940 3.41569 1.49134 0 
2941 3.41632 1.54809 0 
2942 3.41626 1.60533 0 
2943 3.41597 1.66281 0 
2944 3.41558 1.72039 0 
2945 3.41521 1.778 0 
2946 3.41491 1.83558 0 
2947 3.41469 1.89312 0 
2948 3.41453 1.9506 0 
2949 3.4144 2.00803 0 
2950 3.41432 2.06541 0 
2951 3.41425 2.12275 0 
2952 3.41419 2.18004 0 
2953 3.41413 2.2373 0 
2954 3.41408 2.29451 0 
2955 3.41401 2.35171 0 
2956 3.41394 2.4089 0 
2957 3.41386 2.46611 0 
2958 3.4138 2.52333 0 
2959 3.41374 2.58059 0 
2960 3.4137 2.63785 0 
2961 3.4137 2.69514 0 
2962 3.41371 2.75246 0 
2963 3.41373 2.80979 0 
2964 3.41375 2.86712 0 
2965 3.41376 2.92444 0 
2966 3.41379 2.98174 0 
2967 3.41385 3.03904 0 
2968 3.41398 3.09632 0 
2969 3.41419 3.15362 0 
2970 3.41446 3.21094 0 
2971 3.41479 3.26827 0 
2972 3.4152 3.32558 0 
2973 3.41564 3.38285 0 
2974 3.4161 3.44009 0 
2975 3.41654 3.49728 0 
2976 3.41695 3.55443 0 
2977 3.4173 3.61154 0 
2978 3.4176 3.6686 0 
2979 3.41778 3.72561 0 
2980 3.41753 3.78274 0 
2981 3.41706 3.83988 0 
2982 3.41651 3.89699 0 
2983 3.41595 3.95409 0 
2984 3.41543 4.01118 0 
2985 3.41493 4.06829 0 
2986 3.41447 4.1254 0 
2987 3.414 4.18253 0 
2988 3.41355 4.23966 0 
2989 3.41309 4.29682 0 
2990 3.41261 4.35397 0 
2991 3.41212 4.41113 0 
2992 3.4116 4.46827 0 
2993 3.41104 4.52538 0 
2994 3.41048 4.58245 0 
2995 3.41 4.63935 0 
2996 3.40986 4.69596 0 
2997 3.41078 4.75264 0 
2998 3.41205 4.81011 0 
2999 3.41268 4.86809 0 
3000 3.41306 4.92589 0 
3001 3.41338 4.98353 0 
3002 3.41375 5.04113 0 
3003 3.41414 5.09882 0 
3004 3.41448 5.15669 0 
3005 3.41458 5.21455 0 
3006 3.41437 5.27229 0 
3007 3.41412 5.32989 0 
3008 3.41391 5.38735 0 
3009 3.41377 5.44476 0 
3010 3.41366 5.50215 0 
3011 3.4135 5.55948 0 
3012 3.41324 5.61674 0 
3013 3.41311 5.67394 0 
3014 3.41308 5.73113 0 
3015 3.41313 5.78836 0 
3016 3.41318 5.84565 0 
3017 3.41321 5.90302 0 
3018 3.41322 5.96045 0 
3019 3.41326 6.01799 0 
3020 3.41331 6.07571 0 
3021 3.4134 6.13366 0 
3022 3.41359 6.19189 0 
3023 3.41409 6.25038 0 
3024 3.41524 6.3086 0 
3025 3.41705 6.36385 0 
3026 3.41327 6.4168 0 
3027 3.47051 1.43571 0 
3028 3.47391 1.49015 0 
3029 3.47463 1.54698 0 
3030 3.47436 1.6045 0 
3031 3.47373 1.66226 0 
3032 3.47305 1.7201 0 
3033 3.47246 1.77786 0 
3034 3.47203 1.83554 0 
3035 3.47174 1.89312 0 
3036 3.47155 1.9506 0 
3037 3.47142 2.00803 0 
3038 3.47132 2.06539 0 
3039 3.47125 2.12272 0 
3040 3.47119 2.18001 0 
3041 3.47114 2.23727 0 
3042 3.47109 2.29449 0 
3043 3.47104 2.35171 0 
3044 3.47101 2.40893 0 
3045 3.47097 2.46614 0 
3046 3.47092 2.52338 0 
3047 3.47089 2.58062 0 
3048 3.47088 2.63787 0 
3049 3.4709 2.69515 0 
3050 3.47093 2.75245 0 
3051 3.47097 2.80979 0 
3052 3.47097 2.86713 0 
3053 3.47097 2.92445 0 
3054 3.47097 2.98173 0 
3055 3.471 3.03899 0 
3056 3.47111 3.09625 0 
3057 3.47127 3.15351 0 
3058 3.47151 3.2108 0 
3059 3.47178 3.2681 0 
3060 3.47211 3.3254 0 
3061 3.47246 3.38267 0 
3062 3.47286 3.43992 0 
3063 3.47328 3.49715 0 
3064 3.47374 3.55437 0 
3065 3.47423 3.61154 0 
3066 3.47482 3.66863 0 
3067 3.4755 3.72556 0 
3068 3.47514 3.78287 0 
3069 3.47449 3.84009 0 
3070 3.4738 3.89722 0 
3071 3.47316 3.9543 0 
3072 3.4726 4.01139 0 
3073 3.47209 4.06847 0 
3074 3.47162 4.12556 0 
3075 3.47117 4.18269 0 
3076 3.47072 4.23983 0 
3077 3.47028 4.29698 0 
3078 3.4698 4.35415 0 
3079 3.46931 4.41133 0 
3080 3.46878 4.4685 0 
3081 3.46819 4.52568 0 
3082 3.46754 4.58291 0 
3083 3.46693 4.64016 0 
3084 3.46661 4.69684 0 
3085 3.46833 4.7533 0 
3086 3.46995 4.81097 0 
3087 3.4703 4.8692 0 
3088 3.47047 4.92687 0 
3089 3.47062 4.98432 0 
3090 3.47086 5.04172 0 
3091 3.47115 5.09917 0 
3092 3.47142 5.15687 0 
3093 3.4715 5.21455 0 
3094 3.47123 5.27211 0 
3095 3.47104 5.32955 0 
3096 3.47091 5.38689 0 
3097 3.47084 5.44421 0 
3098 3.47086 5.50155 0 
3099 3.47078 5.55889 0 
3100 3.47051 5.61614 0 
3101 3.47043 5.67333 0 
3102 3.47043 5.7305 0 
3103 3.47052 5.78774 0 
3104 3.47058 5.84504 0 
3105 3.47053 5.90239 0 
3106 3.47052 5.95976 0 
3107 3.47051 6.01722 0 
3108 3.47052 6.07484 0 
3109 3.47055 6.13273 0 
3110 3.47064 6.191 0 
3111 3.47079 6.2498 0 
3112 3.4709 6.30927 0 
3113 3.47707 6.36553 0 
3114 3.47046 6.4169 0 
3115 3.52791 1.43557 0 
3116 3.53204 1.48857 0 
3117 3.53297 1.54576 0 
3118 3.53249 1.60366 0 
3119 3.53138 1.66187 0 
3120 3.53029 1.71999 0 
3121 3.5295 1.77791 0 
3122 3.52899 1.83565 0 
3123 3.52868 1.89322 0 
3124 3.5285 1.95068 0 
3125 3.52839 2.00807 0 
3126 3.52831 2.06542 0 
3127 3.52825 2.12272 0 
3128 3.52821 2.18 0 
3129 3.52816 2.23726 0 
3130 3.52813 2.2945 0 
3131 3.52811 2.35172 0 
3132 3.52808 2.40895 0 
3133 3.52806 2.46619 0 
3134 3.52804 2.52343 0 
3135 3.52802 2.58067 0 
3136 3.52803 2.63791 0 
3137 3.52807 2.69517 0 
3138 3.52812 2.75246 0 
3139 3.52817 2.80979 0 
3140 3.52817 2.86713 0 
3141 3.52815 2.92444 0 
3142 3.52811 2.98171 0 
3143 3.52811 3.03896 0 
3144 3.52819 3.09618 0 
3145 3.52832 3.15341 0 
3146 3.52848 3.21067 0 
3147 3.52869 3.26796 0 
3148 3.52892 3.32526 0 
3149 3.52918 3.38252 0 
3150 3.5295 3.43978 0 
3151 3.52986 3.49703 0 
3152 3.53031 3.55428 0 
3153 3.53092 3.61151 0 
3154 3.53186 3.66861 0 
3155 3.53381 3.72522 0 
3156 3.53293 3.78303 0 
3157 3.53192 3.84036 0 
3158 3.53097 3.8975 0 
3159 3.53028 3.95453 0 
3160 3.52971 4.01156 0 
3161 3.5292 4.06862 0 
3162 3.52876 4.12571 0 
3163 3.52832 4.18282 0 
3164 3.5279 4.23997 0 
3165 3.52747 4.29713 0 
3166 3.52703 4.35432 0 
3167 3.52656 4.41152 0 
3168 3.52604 4.46871 0 
3169 3.52545 4.52591 0 
3170 3.52479 4.58319 0 
3171 3.52404 4.64086 0 
3172 3.52357 4.7 0 
3173 3.52768 4.7564 0 
3174 3.52768 4.81368 0 
3175 3.52773 4.87092 0 
3176 3.52773 4.92817 0 
3177 3.52773 4.98541 0 
3178 3.52772 5.04267 0 
3179 3.52771 5.09991 0 
3180 3.52768 5.15717 0 
3181 3.52768 5.21444 0 
3182 3.52771 5.27171 0 
3183 3.52772 5.32896 0 
3184 3.52772 5.38621 0 
3185 3.52773 5.44346 0 
3186 3.52772 5.50072 0 
3187 3.52773 5.55798 0 
3188 3.52776 5.61522 0 
3189 3.52776 5.67246 0 
3190 3.52775 5.72971 0 
3191 3.52775 5.78697 0 
3192 3.52776 5.84423 0 
3193 3.52777 5.90147 0 
3194 3.52777 5.95871 0 
3195 3.52776 6.01597 0 
3196 3.52777 6.07323 0 
3197 3.52777 6.13049 0 
3198 3.52778 6.18775 0 
3199 3.52781 6.24499 0 
3200 3.5279 6.30247 0 
3201 3.52797 6.35917 0 
3202 3.52739 6.4164 0 
3203 3.58796 1.43355 0 
3204 3.58927 1.48763 0 
3205 3.59072 1.5453 0 
3206 3.58997 1.60347 0 
3207 3.58828 1.66218 0 
3208 3.58695 1.72042 0 
3209 3.58618 1.77831 0 
3210 3.58574 1.83597 0 
3211 3.58552 1.89345 0 
3212 3.58539 1.95083 0 
3213 3.58532 2.00817 0 
3214 3.58528 2.06547 0 
3215 3.58525 2.12276 0 
3216 3.58523 2.18003 0 
3217 3.58521 2.23727 0 
3218 3.58519 2.29452 0 
3219 3.58518 2.35175 0 
3220 3.58517 2.40899 0 
3221 3.58516 2.46625 0 
3222 3.58515 2.5235 0 
3223 3.58515 2.58074 0 
3224 3.58516 2.63797 0 
3225 3.5852 2.69521 0 
3226 3.58527 2.75247 0 
3227 3.5853 2.8098 0 
3228 3.5853 2.86714 0 
3229 3.58528 2.92442 0 
3230 3.58521 2.98169 0 
3231 3.58521 3.03892 0 
3232 3.58525 3.09612 0 
3233 3.58532 3.15333 0 
3234 3.58541 3.21059 0 
3235 3.58551 3.26788 0 
3236 3.58563 3.32516 0 
3237 3.58577 3.38241 0 
3238 3.58596 3.43966 0 
3239 3.58619 3.49691 0 
3240 3.58652 3.55419 0 
3241 3.58703 3.61144 0 
3242 3.58819 3.66859 0 
3243 3.59274 3.72504 0 
3244 3.59049 3.78348 0 
3245 3.58879 3.8409 0 
3246 3.58794 3.89777 0 
3247 3.58726 3.95471 0 
3248 3.58672 4.0117 0 
3249 3.58627 4.06873 0 
3250 3.58586 4.1258 0 
3251 3.58547 4.18292 0 
3252 3.58508 4.24008 0 
3253 3.58469 4.29727 0 
3254 3.58429 4.35447 0 
3255 3.58386 4.41169 0 
3256 3.58341 4.4689 0 
3257 3.58291 4.52607 0 
3258 3.58234 4.5831 0 
3259 3.5817 4.63978 0 
3260 3.58127 4.69598 0 
3261 3.58492 4.75632 0 
3262 3.63653 1.43886 0 
3263 3.64449 1.49281 0 
3264 3.64249 1.55003 0 
3265 3.64234 1.60754 0 
3266 3.64229 1.66477 0 
3267 3.64228 1.72202 0 
3268 3.64226 1.77927 0 
3269 3.64226 1.83654 0 
3270 3.64225 1.8938 0 
3271 3.64226 1.95105 0 
3272 3.64226 2.0083 0 
3273 3.64226 2.06556 0 
3274 3.64226 2.12281 0 
3275 3.64226 2.18006 0 
3276 3.64226 2.23731 0 
3277 3.64226 2.29456 0 
3278 3.64226 2.35182 0 
3279 3.64225 2.40907 0 
3280 3.64225 2.46632 0 
3281 3.64225 2.52357 0 
3282 3.64225 2.58083 0 
3283 3.64226 2.63808 0 
3284 3.64225 2.69532 0 
3285 3.64225 2.75257 0 
3286 3.64223 2.80983 0 
3287 3.64224 2.8671 0 
3288 3.64225 2.92435 0 
3289 3.64226 2.9816 0 
3290 3.64226 3.03885 0 
3291 3.64227 3.0961 0 
3292 3.64226 3.15334 0 
3293 3.64225 3.21059 0 
3294 3.64224 3.26784 0 
3295 3.64225 3.32511 0 
3296 3.64225 3.38236 0 
3297 3.64225 3.4396 0 
3298 3.64224 3.49685 0 
3299 3.64224 3.55412 0 
3300 3.64223 3.61137 0 
3301 3.64225 3.6686 0 
3302 3.64211 3.72597 0 
3303 3.64238 3.78312 0 
3304 3.64466 3.84121 0 
3305 3.64445 3.89795 0 
3306 3.64403 3.9548 0 
3307 3.64364 4.01174 0 
3308 3.64329 4.06876 0 
3309 3.64295 4.12584 0 
3310 3.64261 4.18297 0 
3311 3.64227 4.24014 0 
3312 3.64193 4.29736 0 
3313 3.64158 4.35461 0 
3314 3.64123 4.41187 0 
3315 3.64087 4.46915 0 
3316 3.64051 4.52642 0 
3317 3.64017 4.58367 0 
3318 3.63994 4.64096 0 
3319 3.64007 4.69842 0 
3320 3.64228 4.75634 0 
3321 3.69952 3.78312 0 
3322 3.70053 3.84072 0 
3323 3.70078 3.89775 0 
3324 3.70072 3.95468 0 
3325 3.70053 4.01165 0 
3326 3.70029 4.06869 0 
3327 3.70003 4.12578 0 
3328 3.69975 4.18294 0 
3329 3.69947 4.24015 0 
3330 3.69918 4.29741 0 
3331 3.6989 4.3547 0 
3332 3.69862 4.41202 0 
3333 3.69835 4.46937 0 
3334 3.69811 4.52673 0 
3335 3.69796 4.5841 0 
3336 3.69799 4.64146 0 
3337 3.69843 4.69886 0 
3338 3.69951 4.75641 0 
3339 3.75676 3.78313 0 
3340 3.75726 3.84037 0 
3341 3.75749 3.89743 0 
3342 3.75755 3.95443 0 
3343 3.75748 4.01145 0 
3344 3.75733 4.06852 0 
3345 3.75714 4.12565 0 
3346 3.75692 4.18285 0 
3347 3.75669 4.24009 0 
3348 3.75645 4.2974 0 
3349 3.75623 4.35474 0 
3350 3.75602 4.41213 0 
3351 3.75583 4.46954 0 
3352 3.75569 4.52697 0 
3353 3.75564 4.58441 0 
3354 3.75574 4.64182 0 
3355 3.75608 4.69916 0 
3356 3.75675 4.7564 0 
3357 3.81403 3.78313 0 
3358 3.81428 3.84013 0 
3359 3.81447 3.89714 0 
3360 3.81455 3.95414 0 
3361 3.81453 4.01118 0 
3362 3.81443 4.06828 0 
3363 3.81429 4.12544 0 
3364 3.81411 4.18267 0 
3365 3.81392 4.23997 0 
3366 3.81373 4.29731 0 
3367 3.81355 4.35471 0 
3368 3.8134 4.41215 0 
3369 3.81329 4.46964 0 
3370 3.81322 4.52715 0 
3371 3.81322 4.58464 0 
3372 3.81332 4.64209 0 
3373 3.81355 4.69941 0 
3374 3.81401 4.75639 0 
3375 3.87128 3.78311 0 
3376 3.87145 3.83992 0 
3377 3.87159 3.89685 0 
3378 3.87168 3.95383 0 
3379 3.87167 4.01085 0 
3380 3.87161 4.06795 0 
3381 3.87149 4.12514 0 
3382 3.87134 4.18241 0 
3383 3.87117 4.23976 0 
3384 3.87102 4.29716 0 
3385 3.87088 4.35462 0 
3386 3.87077 4.41213 0 
3387 3.8707 4.46967 0 
3388 3.8707 4.52725 0 
3389 3.87076 4.58482 0 
3390 3.87088 4.64232 0 
3391 3.87105 4.69964 0 
3392 3.87127 4.75636 0 
3393 3.92852 3.78311 0 
3394 3.92867 3.83978 0 
3395 3.9288 3.89656 0 
3396 3.92889 3.95345 0 
3397 3.9289 4.01044 0 
3398 3.92885 4.06753 0 
3399 3.92875 4.12476 0 
3400 3.92861 4.18208 0 
3401 3.92846 4.23947 0 
3402 3.92831 4.29693 0 
3403 3.92818 4.35446 0 
3404 3.9281 4.41203 0 
3405 3.92808 4.46963 0 
3406 3.92811 4.52726 0 
3407 3.92821 4.58488 0 
3408 3.92836 4.64242 0 
3409 3.9285 4.69973 0 
3410 3.92854 4.75638 0 
3411 3.98577 3.78311 0 
3412 3.98593 3.83957 0 
3413 3.98608 3.89617 0 
3414 3.98617 3.95296 0 
3415 3.98621 4.0099 0 
3416 3.98616 4.06702 0 
3417 3.98606 4.12426 0 
3418 3.98593 4.18164 0 
3419 3.98576 4.23911 0 
3420 3.9856 4.29666 0 
3421 3.98547 4.35425 0 
3422 3.98538 4.4119 0 
3423 3.98536 4.46956 0 
3424 3.98543 4.52723 0 
3425 3.98555 4.58487 0 
3426 3.98573 4.6424 0 
3427 3.98584 4.6997 0 
3428 3.9858 4.7564 0 
3429 4.04303 3.78312 0 
3430 4.04322 3.83926 0 
3431 4.0434 3.89564 0 
3432 4.04354 3.95231 0 
3433 4.0436 4.00922 0 
3434 4.04357 4.06635 0 
3435 4.04345 4.12367 0 
3436 4.04329 4.18113 0 
3437 4.04309 4.2387 0 
3438 4.04289 4.29634 0 
3439 4.04271 4.35403 0 
3440 4.04259 4.41175 0 
3441 4.04255 4.46948 0 
3442 4.04261 4.52718 0 
3443 4.04276 4.58485 0 
3444 4.04296 4.64239 0 
3445 4.04314 4.69967 0 
3446 4.04305 4.75641 0 
3447 4.10029 3.78311 0 
3448 4.10054 3.83877 0 
3449 4.10082 3.89488 0 
3450 4.10103 3.95143 0 
3451 4.10112 4.00834 0 
3452 4.10108 4.06553 0 
3453 4.10094 4.12296 0 
3454 4.10072 4.18054 0 
3455 4.10045 4.23825 0 
3456 4.10017 4.29603 0 
3457 4.09991 4.35384 0 
3458 4.0997 4.41165 0 
3459 4.0996 4.46945 0 
3460 4.0996 4.52722 0 
3461 4.09974 4.58493 0 
3462 4.09994 4.6425 0 
3463 4.10019 4.69979 0 
3464 4.1003 4.75641 0 
3465 4.15753 3.7831 0 
3466 4.15793 3.83796 0 
3467 4.15837 3.89382 0 
3468 4.15868 3.95029 0 
3469 4.15881 4.00724 0 
3470 4.15876 4.06456 0 
3471 4.15856 4.12215 0 
3472 4.15826 4.17991 0 
3473 4.15788 4.23779 0 
3474 4.15746 4.29574 0 
3475 4.15706 4.35369 0 
3476 4.15673 4.41165 0 
3477 4.1565 4.46955 0 
3478 4.1564 4.52743 0 
3479 4.15646 4.58522 0 
3480 4.15666 4.64288 0 
3481 4.15696 4.70024 0 
3482 4.15755 4.75641 0 
3483 4.21478 3.78309 0 
3484 4.21556 3.83698 0 
3485 4.21618 3.89248 0 
3486 4.21659 3.94891 0 
3487 4.21674 4.00596 0 
3488 4.21664 4.06346 0 
3489 4.21636 4.12127 0 
3490 4.21592 4.17928 0 
3491 4.21538 4.23738 0 
3492 4.21479 4.29553 0 
3493 4.2142 4.35368 0 
3494 4.21366 4.41179 0 
3495 4.21325 4.46985 0 
3496 4.213 4.52783 0 
3497 4.21293 4.58571 0 
3498 4.21307 4.64348 0 
3499 4.21344 4.70098 0 
3500 4.2148 4.75642 0 
3501 4.27203 3.78309 0 
3502 4.27338 3.83582 0 
3503 4.27432 3.89098 0 
3504 4.27485 3.94737 0 
3505 4.27499 4.00457 0 
3506 4.27483 4.06231 0 
3507 4.27441 4.12039 0 
3508 4.27378 4.17869 0 
3509 4.27302 4.23707 0 
3510 4.2722 4.29546 0 
3511 4.27136 4.35384 0 
3512 4.27058 4.41214 0 
3513 4.26991 4.47036 0 
3514 4.26946 4.52847 0 
3515 4.26928 4.58649 0 
3516 4.26942 4.64439 0 
3517 4.27003 4.70199 0 
3518 4.27203 4.75645 0 
3519 4.32928 3.78306 0 
3520 4.33149 3.83468 0 
3521 4.33286 3.88942 0 
3522 4.33351 3.94578 0 
3523 4.33364 4.00317 0 
3524 4.33334 4.06121 0 
3525 4.33272 4.11963 0 
3526 4.33187 4.17824 0 
3527 4.33085 4.23693 0 
3528 4.32974 4.2956 0 
3529 4.3286 4.35421 0 
3530 4.32753 4.4127 0 
3531 4.32659 4.47107 0 
3532 4.32592 4.5293 0 
3533 4.32562 4.58738 0 
3534 4.32586 4.64519 0 
3535 4.3269 4.70247 0 
3536 4.32928 4.75643 0 
3537 4.38649 3.78309 0 
3538 4.39012 3.8337 0 
3539 4.39191 3.88796 0 
3540 4.39265 3.9443 0 
3541 4.39268 4.00192 0 
3542 4.3922 4.06029 0 
3543 4.39133 4.11906 0 
3544 4.39019 4.17804 0 
3545 4.38887 4.23705 0 
3546 4.38746 4.29599 0 
3547 4.38602 4.35481 0 
3548 4.38464 4.41345 0 
3549 4.3834 4.47189 0 
3550 4.38247 4.53012 0 
3551 4.38204 4.58813 0 
3552 4.38225 4.64584 0 
3553 4.38341 4.70289 0 
3554 4.38651 4.75643 0 
3555 4.44376 3.78309 0 
3556 4.44878 3.83296 0 
3557 4.45125 3.88675 0 
3558 4.45213 3.94311 0 
3559 4.45205 4.00099 0 
3560 4.4513 4.05971 0 
3561 4.45013 4.11887 0 
3562 4.44867 4.17818 0 
3563 4.44706 4.23748 0 
3564 4.44537 4.29665 0 
3565 4.44367 4.35561 0 
3566 4.442 4.4143 0 
3567 4.44044 4.47265 0 
3568 4.4392 4.53065 0 
3569 4.43859 4.58827 0 
3570 4.43886 4.64551 0 
3571 4.44043 4.70209 0 
3572 4.44375 4.75643 0 
3573 4.50098 3.78307 0 
3574 4.50815 3.83194 0 
3575 4.51095 3.88575 0 
3576 4.51178 3.9424 0 
3577 4.51145 4.00064 0 
3578 4.51037 4.0597 0 
3579 4.50883 4.1192 0 
3580 4.50707 4.17879 0 
3581 4.50522 4.23827 0 
3582 4.50336 4.29755 0 
3583 4.50152 4.35652 0 
3584 4.49967 4.4151 0 
3585 4.49779 4.47317 0 
3586 4.4961 4.53055 0 
3587 4.49511 4.58725 0 
3588 4.49511 4.64352 0 
3589 4.49631 4.69952 0 
3590 4.50096 4.75642 0 
3591 4.55872 3.7827 0 
3592 4.5678 3.83075 0 
3593 4.57043 3.88548 0 
3594 4.57094 3.94268 0 
3595 4.57014 4.00131 0 
3596 4.56861 4.06058 0 
3597 4.56674 4.12024 0 
3598 4.56475 4.17994 0 
3599 4.56283 4.23939 0 
3600 4.56105 4.29852 0 
3601 4.55937 4.35731 0 
3602 4.55764 4.41563 0 
3603 4.55561 4.4732 0 
3604 4.55324 4.52969 0 
3605 4.55102 4.58433 0 
3606 4.54963 4.63726 0 
3607 4.55187 4.69201 0 
3608 4.55831 4.75648 0 
3609 4.61814 3.77809 0 
3610 4.62703 3.83225 0 
3611 4.62803 3.8879 0 
3612 4.62756 3.94542 0 
3613 4.62616 4.00418 0 
3614 4.62417 4.06304 0 
3615 4.62232 4.1224 0 
3616 4.62056 4.18168 0 
3617 4.619 4.24056 0 
3618 4.61776 4.29913 0 
3619 4.61677 4.35747 0 
3620 4.61586 4.41542 0 
3621 4.61445 4.47238 0 
3622 4.6119 4.52832 0 
3623 4.60624 4.58036 0 
3624 4.60257 4.63334 0 
3625 4.62766 4.71374 0 
3626 4.61542 4.75667 0 
3627 4.66395 3.79437 0 
3628 4.67785 3.83522 0 
3629 4.6732 3.89757 0 
3630 4.67295 3.95487 0 
3631 4.67292 4.01215 0 
3632 4.67286 4.06936 0 
3633 4.67285 4.12664 0 
3634 4.67284 4.18389 0 
3635 4.67283 4.24115 0 
3636 4.67283 4.29841 0 
3637 4.67283 4.35567 0 
3638 4.67283 4.41293 0 
3639 4.67285 4.47024 0 
3640 4.67292 4.5274 0 
3641 4.67292 4.58471 0 
3642 4.67311 4.64231 0 
3643 4.67317 4.69867 0 
3644 4.67214 4.75563 0 
