0 -0.537159 3.72587 0 
1 -0.537159 3.78312 0 
2 -0.537159 3.84038 0 
3 -0.537159 3.89763 0 
4 -0.537159 3.95488 0 
5 -0.537159 4.01214 0 
6 -0.537159 4.06939 0 
7 -0.537159 4.12664 0 
8 -0.537159 4.18389 0 
9 -0.537159 4.24114 0 
10 -0.537159 4.2984 0 
11 -0.537159 4.35565 0 
12 -0.537159 4.4129 0 
13 -0.537159 4.47015 0 
14 -0.537159 4.5274 0 
15 -0.479907 3.72587 0 
16 -0.454618 3.83098 0 
17 -0.509687 3.83692 0 
18 -0.493265 3.89805 0 
19 -0.442619 3.95609 0 
20 -0.51411 4.0004 0 
21 -0.463686 4.057 0 
22 -0.483059 4.12412 0 
23 -0.416567 4.17591 0 
24 -0.484556 4.22716 0 
25 -0.470124 4.27268 0 
26 -0.509183 4.41387 0 
27 -0.510215 4.45049 0 
28 -0.507068 4.47614 0 
29 -0.479907 4.5274 0 
30 -0.422654 3.72587 0 
31 -0.428856 3.75969 0 
32 -0.407828 3.87128 0 
33 -0.375223 3.91184 0 
34 -0.426397 3.93442 0 
35 -0.374092 3.99701 0 
36 -0.430981 4.03403 0 
37 -0.434953 4.12553 0 
38 -0.369808 4.17961 0 
39 -0.446546 4.24279 0 
40 -0.421928 4.32911 0 
41 -0.406687 4.39743 0 
42 -0.40693 4.41948 0 
43 -0.40534 4.50021 0 
44 -0.422654 4.5274 0 
45 -0.365402 3.72587 0 
46 -0.395424 3.73994 0 
47 -0.333665 3.84044 0 
48 -0.355618 3.88759 0 
49 -0.343635 3.95272 0 
50 -0.300581 3.99827 0 
51 -0.32726 4.04417 0 
52 -0.38266 4.06898 0 
53 -0.354673 4.14166 0 
54 -0.310008 4.22642 0 
55 -0.397593 4.29018 0 
56 -0.378001 4.33413 0 
57 -0.359336 4.41476 0 
58 -0.346107 4.43811 0 
59 -0.365402 4.5274 0 
60 -0.30815 3.72587 0 
61 -0.348314 3.75081 0 
62 -0.311028 3.80345 0 
63 -0.30227 3.84862 0 
64 -0.270015 3.9691 0 
65 -0.282705 3.9935 0 
66 -0.284323 4.02386 0 
67 -0.288568 4.15113 0 
68 -0.306229 4.16928 0 
69 -0.266662 4.2455 0 
70 -0.33092 4.29518 0 
71 -0.353069 4.32292 0 
72 -0.317919 4.41806 0 
73 -0.318097 4.44361 0 
74 -0.30815 4.5274 0 
75 -0.250897 3.72587 0 
76 -0.217633 3.78185 0 
77 -0.25753 3.79912 0 
78 -0.179607 3.92968 0 
79 -0.204695 3.94815 0 
80 -0.269758 3.99631 0 
81 -0.25063 4.01496 0 
82 -0.236524 4.09429 0 
83 -0.250611 4.17996 0 
84 -0.206673 4.262 0 
85 -0.288894 4.29826 0 
86 -0.221905 4.37903 0 
87 -0.288722 4.40601 0 
88 -0.219095 4.45231 0 
89 -0.250897 4.5274 0 
90 -0.193645 3.72587 0 
91 -0.210841 3.75368 0 
92 -0.191328 3.80991 0 
93 -0.156996 3.8772 0 
94 -0.142935 3.96245 0 
95 -0.151201 3.98113 0 
96 -0.20702 4.01992 0 
97 -0.200303 4.13333 0 
98 -0.198669 4.17039 0 
99 -0.157091 4.21231 0 
100 -0.17556 4.31614 0 
101 -0.204967 4.34103 0 
102 -0.185531 4.42303 0 
103 -0.186097 4.44742 0 
104 -0.193645 4.5274 0 
105 -0.136393 3.72587 0 
106 -0.0841238 3.83915 0 
107 -0.0926263 3.88135 0 
108 -0.11082 3.90458 0 
109 -0.116729 3.93632 0 
110 -0.125839 3.97618 0 
111 -0.155876 4.05312 0 
112 -0.154252 4.08245 0 
113 -0.173451 4.16292 0 
114 -0.136276 4.20686 0 
115 -0.098753 4.27659 0 
116 -0.148868 4.35918 0 
117 -0.161274 4.37319 0 
118 -0.115494 4.50203 0 
119 -0.136393 4.5274 0 
120 -0.0791406 3.72587 0 
121 -0.0800632 3.75982 0 
122 -0.00947674 3.82107 0 
123 -0.0540965 3.89976 0 
124 -0.0687188 3.91542 0 
125 -0.117545 4.00529 0 
126 -0.130675 4.05093 0 
127 -0.108138 4.07099 0 
128 -0.12617 4.1223 0 
129 -0.127743 4.16053 0 
130 -0.0781967 4.2465 0 
131 -0.010637 4.32535 0 
132 -0.0986459 4.41565 0 
133 -0.0890575 4.44521 0 
134 -0.0791406 4.5274 0 
135 -0.0218883 3.72587 0 
136 0.044954 3.77466 0 
137 0.0778772 3.83813 0 
138 -0.0124951 3.89143 0 
139 -0.059022 3.93907 0 
140 -0.0662325 3.9789 0 
141 -0.0792634 4.0126 0 
142 -0.0964739 4.05187 0 
143 -0.0480719 4.11014 0 
144 0.0109483 4.22125 0 
145 0.00946118 4.2601 0 
146 0.00252155 4.281 0 
147 0.052454 4.38024 0 
148 -0.0158381 4.45259 0 
149 -0.0218883 4.5274 0 
150 0.0353641 3.72587 0 
151 0.0666787 3.76524 0 
152 0.105141 3.84774 0 
153 0.115835 3.9121 0 
154 0.0957857 3.94573 0 
155 0.082682 3.98967 0 
156 0.0575622 4.02797 0 
157 0.0615469 4.06228 0 
158 0.0616907 4.10042 0 
159 0.0234426 4.15704 0 
160 0.0682439 4.26073 0 
161 0.0642202 4.32958 0 
162 0.0884321 4.38941 0 
163 0.0887921 4.47102 0 
164 0.0353641 4.5274 0 
165 0.0926164 3.72587 0 
166 0.129697 3.78851 0 
167 0.158469 3.88485 0 
168 0.146475 3.90515 0 
169 0.0980804 3.98007 0 
170 0.092717 3.99078 0 
171 0.113625 4.0181 0 
172 0.0786179 4.08184 0 
173 0.0807835 4.1391 0 
174 0.0594338 4.15473 0 
175 0.102283 4.26553 0 
176 0.0944968 4.28771 0 
177 0.115148 4.36057 0 
178 0.114378 4.45899 0 
179 0.0926164 4.5274 0 
180 0.149869 3.72587 0 
181 0.161408 3.75544 0 
182 0.185937 3.89378 0 
183 0.157863 3.91072 0 
184 0.173091 3.93689 0 
185 0.13388 3.98691 0 
186 0.190121 4.04051 0 
187 0.130986 4.05199 0 
188 0.127677 4.17671 0 
189 0.138378 4.20992 0 
190 0.125069 4.23867 0 
191 0.14334 4.31736 0 
192 0.190767 4.43183 0 
193 0.142906 4.43806 0 
194 0.149869 4.5274 0 
195 0.207121 3.72587 0 
196 0.228493 3.78717 0 
197 0.223402 3.80535 0 
198 0.238623 3.93431 0 
199 0.193076 3.94977 0 
200 0.183448 3.9659 0 
201 0.212378 4.02948 0 
202 0.214294 4.08841 0 
203 0.161837 4.1545 0 
204 0.158395 4.19071 0 
205 0.160446 4.22889 0 
206 0.237244 4.35297 0 
207 0.218223 4.37614 0 
208 0.235304 4.50337 0 
209 0.207121 4.5274 0 
210 0.264373 3.72587 0 
211 0.246603 3.75091 0 
212 0.272396 3.84519 0 
213 0.267944 3.91206 0 
214 0.279696 3.98795 0 
215 0.23602 3.99888 0 
216 0.278287 4.07736 0 
217 0.246332 4.08318 0 
218 0.196427 4.14811 0 
219 0.258092 4.24618 0 
220 0.274365 4.28885 0 
221 0.257837 4.3187 0 
222 0.291795 4.37959 0 
223 0.264209 4.5004 0 
224 0.264373 4.5274 0 
225 0.321626 3.72587 0 
226 0.337803 3.81704 0 
227 0.300424 3.83765 0 
228 0.370296 3.88411 0 
229 0.302663 3.95057 0 
230 0.308565 4.03649 0 
231 0.293621 4.05231 0 
232 0.296361 4.10423 0 
233 0.323474 4.17106 0 
234 0.266224 4.19859 0 
235 0.313951 4.29079 0 
236 0.378517 4.39119 0 
237 0.371464 4.42956 0 
238 0.322332 4.43356 0 
239 0.321626 4.5274 0 
240 0.378878 3.72587 0 
241 0.359379 3.78907 0 
242 0.389745 3.85527 0 
243 0.414068 3.88453 0 
244 0.338151 3.95075 0 
245 0.38569 3.99257 0 
246 0.356888 4.06299 0 
247 0.349372 4.08415 0 
248 0.351472 4.13679 0 
249 0.394891 4.2739 0 
250 0.349193 4.29867 0 
251 0.404217 4.3783 0 
252 0.426435 4.3882 0 
253 0.390281 4.50196 0 
254 0.378878 4.5274 0 
255 0.43613 3.72587 0 
256 0.404501 3.74556 0 
257 0.400531 3.83163 0 
258 0.429927 3.87145 0 
259 0.464833 3.92638 0 
260 0.39886 3.98397 0 
261 0.421635 4.0124 0 
262 0.393391 4.1101 0 
263 0.435057 4.21615 0 
264 0.424098 4.24647 0 
265 0.427165 4.30813 0 
266 0.404009 4.32888 0 
267 0.435147 4.36984 0 
268 0.475585 4.42383 0 
269 0.43613 4.5274 0 
270 0.493383 3.72587 0 
271 0.496505 3.78204 0 
272 0.429504 3.79237 0 
273 0.46944 3.88391 0 
274 0.493446 3.93198 0 
275 0.507184 3.993 0 
276 0.521376 4.02175 0 
277 0.501203 4.04529 0 
278 0.465585 4.20653 0 
279 0.546814 4.25677 0 
280 0.446967 4.30118 0 
281 0.502902 4.35809 0 
282 0.465061 4.37832 0 
283 0.503963 4.42787 0 
284 0.493383 4.5274 0 
285 0.550635 3.72587 0 
286 0.529493 3.74853 0 
287 0.546769 3.88551 0 
288 0.526311 3.92067 0 
289 0.518562 3.94255 0 
290 0.521543 3.95655 0 
291 0.540178 4.03214 0 
292 0.533519 4.07164 0 
293 0.523234 4.20682 0 
294 0.591361 4.25324 0 
295 0.54482 4.30862 0 
296 0.51521 4.3432 0 
297 0.521175 4.37941 0 
298 0.543931 4.44226 0 
299 0.550635 4.5274 0 
300 0.607887 3.72587 0 
301 0.631794 3.78595 0 
302 0.579786 3.86928 0 
303 0.614401 3.89276 0 
304 0.599544 3.9359 0 
305 0.569793 3.96216 0 
306 0.649268 4.0504 0 
307 0.601735 4.13999 0 
308 0.570785 4.14962 0 
309 0.62559 4.24856 0 
310 0.579583 4.30317 0 
311 0.648771 4.346 0 
312 0.647347 4.37946 0 
313 0.569232 4.4234 0 
314 0.607887 4.5274 0 
315 0.665139 3.72587 0 
316 0.646186 3.74742 0 
317 0.671403 3.83044 0 
318 0.62716 3.88854 0 
319 0.62036 3.92381 0 
320 0.683534 3.9881 0 
321 0.685042 4.04557 0 
322 0.629293 4.14238 0 
323 0.625016 4.16633 0 
324 0.693751 4.25474 0 
325 0.678537 4.29853 0 
326 0.669507 4.32782 0 
327 0.677232 4.41469 0 
328 0.679124 4.46184 0 
329 0.665139 4.5274 0 
330 0.722392 3.72587 0 
331 0.749672 3.7854 0 
332 0.686305 3.79818 0 
333 0.725138 3.86057 0 
334 0.75268 3.90302 0 
335 0.718843 3.94621 0 
336 0.724451 4.04091 0 
337 0.665441 4.13814 0 
338 0.718592 4.16783 0 
339 0.691711 4.19596 0 
340 0.738039 4.27025 0 
341 0.746065 4.33959 0 
342 0.766519 4.37544 0 
343 0.733842 4.51182 0 
344 0.722392 4.5274 0 
345 0.779644 3.72587 0 
346 0.772636 3.7751 0 
347 0.806159 3.8634 0 
348 0.788751 3.89267 0 
349 0.797362 3.91822 0 
350 0.746791 3.93985 0 
351 0.795259 4.04333 0 
352 0.789254 4.06944 0 
353 0.740383 4.159 0 
354 0.735001 4.19843 0 
355 0.81206 4.31556 0 
356 0.797814 4.3409 0 
357 0.791841 4.38836 0 
358 0.779016 4.50026 0 
359 0.779644 4.5274 0 
360 0.836896 3.72587 0 
361 0.787133 3.76824 0 
362 0.828916 3.80641 0 
363 0.849808 3.86753 0 
364 0.852149 3.94161 0 
365 0.780061 3.94713 0 
366 0.813188 4.01396 0 
367 0.843186 4.09453 0 
368 0.816946 4.10926 0 
369 0.819705 4.24288 0 
370 0.826483 4.27405 0 
371 0.837058 4.32261 0 
372 0.807153 4.38206 0 
373 0.851533 4.40221 0 
374 0.836896 4.5274 0 
375 0.894149 3.72587 0 
376 0.902271 3.7671 0 
377 0.847801 3.80426 0 
378 0.884799 3.85848 0 
379 0.899847 3.99507 0 
380 0.894163 4.01732 0 
381 0.918924 4.07928 0 
382 0.866006 4.0884 0 
383 0.901288 4.17875 0 
384 0.854785 4.20415 0 
385 0.938894 4.27744 0 
386 0.912289 4.31871 0 
387 0.91912 4.33983 0 
388 0.884175 4.39826 0 
389 0.894149 4.5274 0 
390 0.951401 3.72587 0 
391 0.931941 3.79748 0 
392 0.926906 3.82089 0 
393 0.91704 3.84006 0 
394 0.931707 3.96819 0 
395 0.922536 3.9948 0 
396 0.962789 4.08434 0 
397 0.923293 4.14053 0 
398 0.921156 4.16512 0 
399 0.985064 4.24285 0 
400 1.033 4.29978 0 
401 0.935069 4.3274 0 
402 0.956848 4.36182 0 
403 0.952128 4.48019 0 
404 0.951401 4.5274 0 
405 1.00865 3.72587 0 
406 0.957601 3.79221 0 
407 1.01821 3.83435 0 
408 0.967044 3.89181 0 
409 0.969749 3.92403 0 
410 0.974266 4.01643 0 
411 1.01619 4.07759 0 
412 0.951232 4.13427 0 
413 1.01205 4.1696 0 
414 0.984225 4.19348 0 
415 1.05399 4.28256 0 
416 1.06105 4.35585 0 
417 1.00542 4.38277 0 
418 0.979923 4.49131 0 
419 1.00865 4.5274 0 
420 1.06591 3.72587 0 
421 1.07464 3.80015 0 
422 1.10391 3.83801 0 
423 1.07817 3.86129 0 
424 1.0601 3.96369 0 
425 1.09761 4.01874 0 
426 1.02917 4.06417 0 
427 1.08687 4.117 0 
428 1.05028 4.1629 0 
429 1.0599 4.22922 0 
430 1.08242 4.27187 0 
431 1.08374 4.36128 0 
432 1.02318 4.41622 0 
433 1.01959 4.46101 0 
434 1.06591 4.5274 0 
435 1.12316 3.72587 0 
436 1.12176 3.81263 0 
437 1.12132 3.83887 0 
438 1.12602 3.89852 0 
439 1.10592 3.91094 0 
440 1.1283 4.03025 0 
441 1.07516 4.06452 0 
442 1.16004 4.13671 0 
443 1.07381 4.18453 0 
444 1.08639 4.22388 0 
445 1.14215 4.30734 0 
446 1.1149 4.314 0 
447 1.11541 4.42127 0 
448 1.0485 4.45329 0 
449 1.12316 4.5274 0 
450 1.18041 3.72587 0 
451 1.1651 3.77533 0 
452 1.1354 3.83132 0 
453 1.16737 3.83898 0 
454 1.16699 3.92548 0 
455 1.15481 3.94981 0 
456 1.20114 4.07309 0 
457 1.1717 4.10886 0 
458 1.20636 4.18832 0 
459 1.16724 4.2691 0 
460 1.21257 4.34056 0 
461 1.16693 4.37467 0 
462 1.14278 4.40218 0 
463 1.19442 4.48873 0 
464 1.18041 4.5274 0 
465 1.23766 3.72587 0 
466 1.20435 3.74403 0 
467 1.21535 3.78752 0 
468 1.1948 3.829 0 
469 1.18936 3.9054 0 
470 1.24309 4.01292 0 
471 1.25744 4.11386 0 
472 1.19811 4.1054 0 
473 1.23963 4.20552 0 
474 1.21408 4.26704 0 
475 1.2126 4.29181 0 
476 1.26862 4.37095 0 
477 1.19364 4.4146 0 
478 1.26843 4.50878 0 
479 1.23766 4.5274 0 
480 1.29491 3.72587 0 
481 1.27277 3.75306 0 
482 1.34111 3.8437 0 
483 1.33925 3.88334 0 
484 1.28927 3.91956 0 
485 1.27635 3.98027 0 
486 1.28245 4.11791 0 
487 1.25639 4.14921 0 
488 1.29893 4.25153 0 
489 1.25214 4.24671 0 
490 1.28111 4.33223 0 
491 1.30666 4.37955 0 
492 1.34106 4.4461 0 
493 1.28161 4.47863 0 
494 1.29491 4.5274 0 
495 1.35217 3.72587 0 
496 1.39248 3.79323 0 
497 1.37144 3.82111 0 
498 1.37271 3.92147 0 
499 1.35092 3.93673 0 
500 1.32289 4.0516 0 
501 1.31497 4.08019 0 
502 1.35194 4.17765 0 
503 1.37059 4.2133 0 
504 1.31727 4.31559 0 
505 1.31064 4.34609 0 
506 1.34062 4.39174 0 
507 1.36552 4.45182 0 
508 1.35019 4.47806 0 
509 1.35217 4.5274 0 
510 1.40942 3.72587 0 
511 1.41507 3.74225 0 
512 1.45849 3.87349 0 
513 1.43854 3.9006 0 
514 1.37216 3.99393 0 
515 1.36093 4.02612 0 
516 1.35111 4.07308 0 
517 1.36585 4.13721 0 
518 1.42633 4.24599 0 
519 1.3619 4.30434 0 
520 1.41987 4.37528 0 
521 1.43541 4.41186 0 
522 1.38144 4.43218 0 
523 1.44902 4.50447 0 
524 1.40942 4.5274 0 
525 1.46667 3.72587 0 
526 1.45753 3.76275 0 
527 1.49951 3.87384 0 
528 1.45845 3.89435 0 
529 1.51087 3.93345 0 
530 1.46335 4.00822 0 
531 1.5139 4.10135 0 
532 1.40531 4.14069 0 
533 1.4715 4.25978 0 
534 1.48109 4.28113 0 
535 1.44296 4.32559 0 
536 1.49846 4.44802 0 
537 1.49359 4.46693 0 
538 1.4765 4.49914 0 
539 1.46667 4.5274 0 
540 1.52392 3.72587 0 
541 1.59085 3.80214 0 
542 1.55857 3.8314 0 
543 1.54393 3.90793 0 
544 1.58258 3.9428 0 
545 1.52148 4.0453 0 
546 1.54754 4.10152 0 
547 1.51841 4.16291 0 
548 1.47774 4.19505 0 
549 1.51689 4.26082 0 
550 1.50929 4.37036 0 
551 1.51941 4.40595 0 
552 1.55203 4.46241 0 
553 1.58071 4.48558 0 
554 1.52392 4.5274 0 
555 1.58118 1.43578 0 
556 1.58118 1.49303 0 
557 1.58118 1.55028 0 
558 1.58118 1.60754 0 
559 1.58118 1.66479 0 
560 1.58118 1.72204 0 
561 1.58118 1.77929 0 
562 1.58118 1.83655 0 
563 1.58118 1.8938 0 
564 1.58118 1.95105 0 
565 1.58118 2.0083 0 
566 1.58118 2.06556 0 
567 1.58118 2.12281 0 
568 1.58118 2.18006 0 
569 1.58118 2.23731 0 
570 1.58118 2.29456 0 
571 1.58118 2.35182 0 
572 1.58118 2.40907 0 
573 1.58118 2.46632 0 
574 1.58118 2.52357 0 
575 1.58118 2.58083 0 
576 1.58118 2.63808 0 
577 1.58118 2.69533 0 
578 1.58118 2.75258 0 
579 1.58118 2.80984 0 
580 1.58118 2.86709 0 
581 1.58118 2.92434 0 
582 1.58118 2.98159 0 
583 1.58118 3.03885 0 
584 1.58118 3.0961 0 
585 1.58118 3.15335 0 
586 1.58118 3.2106 0 
587 1.58118 3.26785 0 
588 1.58118 3.32511 0 
589 1.58118 3.38236 0 
590 1.58118 3.43961 0 
591 1.58118 3.49686 0 
592 1.58118 3.55412 0 
593 1.58118 3.61137 0 
594 1.58118 3.66862 0 
595 1.58118 3.72587 0 
596 1.63786 3.81295 0 
597 1.61757 3.82672 0 
598 1.60338 3.84422 0 
599 1.61712 3.92891 0 
600 1.60458 4.06376 0 
601 1.60403 4.09928 0 
602 1.55039 4.1608 0 
603 1.61058 4.21141 0 
604 1.5491 4.25449 0 
605 1.56138 4.29233 0 
606 1.57579 4.35746 0 
607 1.58616 4.39614 0 
608 1.5964 4.47914 0 
609 1.58118 4.5274 0 
610 1.58118 4.58466 0 
611 1.58118 4.64191 0 
612 1.58118 4.69916 0 
613 1.58118 4.75641 0 
614 1.58118 4.81367 0 
615 1.58118 4.87092 0 
616 1.58118 4.92817 0 
617 1.58118 4.98542 0 
618 1.58118 5.04268 0 
619 1.58118 5.09993 0 
620 1.58118 5.15718 0 
621 1.58118 5.21443 0 
622 1.58118 5.27169 0 
623 1.58118 5.32894 0 
624 1.58118 5.38619 0 
625 1.58118 5.44344 0 
626 1.58118 5.5007 0 
627 1.58118 5.55795 0 
628 1.58118 5.6152 0 
629 1.58118 5.67245 0 
630 1.58118 5.7297 0 
631 1.58118 5.78696 0 
632 1.58118 5.84421 0 
633 1.58118 5.90146 0 
634 1.58118 5.95871 0 
635 1.58118 6.01596 0 
636 1.58118 6.07322 0 
637 1.58118 6.13047 0 
638 1.58118 6.18772 0 
639 1.58118 6.24498 0 
640 1.58118 6.30223 0 
641 1.58118 6.35948 0 
642 1.58118 6.41673 0 
643 1.63843 1.43578 0 
644 1.6169 1.45309 0 
645 1.62234 1.47887 0 
646 1.64465 1.6318 0 
647 1.65945 1.69522 0 
648 1.64785 1.7172 0 
649 1.63903 1.81137 0 
650 1.64449 1.83513 0 
651 1.66833 1.88027 0 
652 1.59443 1.94933 0 
653 1.6014 1.97652 0 
654 1.62787 2.07377 0 
655 1.59684 2.10001 0 
656 1.61107 2.13152 0 
657 1.6064 2.19107 0 
658 1.64905 2.30405 0 
659 1.59605 2.34499 0 
660 1.63119 2.38566 0 
661 1.60681 2.42566 0 
662 1.62516 2.49931 0 
663 1.61256 2.52481 0 
664 1.63514 2.65238 0 
665 1.64441 2.67362 0 
666 1.64047 2.69505 0 
667 1.62453 2.76561 0 
668 1.59985 2.8757 0 
669 1.5988 2.92192 0 
670 1.62076 2.96197 0 
671 1.64821 3.01866 0 
672 1.59611 3.08792 0 
673 1.60836 3.15858 0 
674 1.61699 3.21876 0 
675 1.6701 3.28847 0 
676 1.60462 3.30892 0 
677 1.59836 3.37778 0 
678 1.64708 3.42144 0 
679 1.61113 3.48021 0 
680 1.65286 3.55835 0 
681 1.61454 3.5802 0 
682 1.62357 3.67954 0 
683 1.68255 3.75109 0 
684 1.65631 3.80245 0 
685 1.64828 3.85992 0 
686 1.65571 3.90514 0 
687 1.67566 4.00564 0 
688 1.65416 4.02031 0 
689 1.62182 4.12157 0 
690 1.61572 4.13971 0 
691 1.61254 4.18059 0 
692 1.6543 4.24068 0 
693 1.6467 4.33789 0 
694 1.61765 4.36817 0 
695 1.67454 4.44506 0 
696 1.61661 4.47111 0 
697 1.67484 4.51887 0 
698 1.61027 4.60279 0 
699 1.6136 4.62842 0 
700 1.63871 4.72252 0 
701 1.61399 4.75567 0 
702 1.5984 4.80316 0 
703 1.6486 4.83754 0 
704 1.60486 4.90714 0 
705 1.63276 5.02876 0 
706 1.62702 5.0538 0 
707 1.62402 5.13708 0 
708 1.64011 5.18164 0 
709 1.62047 5.19828 0 
710 1.63816 5.29505 0 
711 1.64916 5.32254 0 
712 1.60397 5.42664 0 
713 1.60324 5.46641 0 
714 1.61054 5.50553 0 
715 1.65385 5.54374 0 
716 1.65249 5.56975 0 
717 1.64943 5.60189 0 
718 1.64686 5.66732 0 
719 1.60227 5.81475 0 
720 1.59633 5.84679 0 
721 1.60119 5.8818 0 
722 1.62369 5.98262 0 
723 1.65041 6.03041 0 
724 1.61804 6.06589 0 
725 1.62152 6.09759 0 
726 1.62398 6.11835 0 
727 1.62198 6.2141 0 
728 1.60908 6.29482 0 
729 1.63379 6.39305 0 
730 1.63843 6.41673 0 
731 1.69568 1.43578 0 
732 1.66479 1.47844 0 
733 1.6765 1.52437 0 
734 1.69167 1.63563 0 
735 1.67603 1.66857 0 
736 1.67405 1.71032 0 
737 1.6751 1.78825 0 
738 1.69516 1.85256 0 
739 1.68792 1.86686 0 
740 1.68462 1.92792 0 
741 1.67435 1.95688 0 
742 1.6518 2.06896 0 
743 1.69225 2.11852 0 
744 1.65351 2.14926 0 
745 1.69238 2.27839 0 
746 1.69401 2.3279 0 
747 1.67056 2.33753 0 
748 1.64006 2.36274 0 
749 1.65293 2.40758 0 
750 1.64233 2.43084 0 
751 1.70278 2.57005 0 
752 1.6975 2.59909 0 
753 1.66285 2.6876 0 
754 1.66086 2.72585 0 
755 1.63959 2.80194 0 
756 1.63536 2.84749 0 
757 1.7053 2.90511 0 
758 1.76051 2.95885 0 
759 1.70431 3.01758 0 
760 1.68098 3.04863 0 
761 1.6343 3.11307 0 
762 1.65266 3.22885 0 
763 1.68565 3.26113 0 
764 1.70207 3.3409 0 
765 1.6927 3.37147 0 
766 1.66293 3.40456 0 
767 1.71089 3.48812 0 
768 1.72989 3.61087 0 
769 1.70474 3.63175 0 
770 1.68938 3.66069 0 
771 1.68805 3.71783 0 
772 1.71072 3.7739 0 
773 1.70151 3.7997 0 
774 1.72281 3.89579 0 
775 1.69721 3.96038 0 
776 1.70162 4.02368 0 
777 1.65256 4.11399 0 
778 1.67144 4.15219 0 
779 1.75152 4.24026 0 
780 1.74172 4.27882 0 
781 1.70457 4.29105 0 
782 1.68929 4.34902 0 
783 1.68403 4.40358 0 
784 1.71057 4.47946 0 
785 1.6951 4.50932 0 
786 1.70015 4.56394 0 
787 1.66903 4.6102 0 
788 1.72252 4.72299 0 
789 1.69011 4.75608 0 
790 1.73938 4.7882 0 
791 1.70684 4.83408 0 
792 1.63338 4.90956 0 
793 1.65704 4.95149 0 
794 1.67593 5.04442 0 
795 1.67219 5.0628 0 
796 1.70661 5.20699 0 
797 1.69107 5.24356 0 
798 1.65638 5.25209 0 
799 1.66813 5.29343 0 
800 1.68412 5.38303 0 
801 1.64977 5.43764 0 
802 1.63082 5.4876 0 
803 1.73931 5.54408 0 
804 1.72722 5.56984 0 
805 1.67802 5.64971 0 
806 1.66711 5.70637 0 
807 1.65165 5.78788 0 
808 1.62384 5.83037 0 
809 1.72619 5.89916 0 
810 1.64167 5.93192 0 
811 1.69815 6.02665 0 
812 1.65436 6.06687 0 
813 1.7011 6.14287 0 
814 1.67041 6.14966 0 
815 1.6607 6.1595 0 
816 1.68058 6.25305 0 
817 1.67634 6.28805 0 
818 1.69568 6.41673 0 
819 1.75293 1.43578 0 
820 1.7743 1.51029 0 
821 1.75005 1.59048 0 
822 1.75017 1.66909 0 
823 1.75263 1.69029 0 
824 1.69858 1.70552 0 
825 1.7019 1.74302 0 
826 1.76321 1.81798 0 
827 1.71799 1.90292 0 
828 1.72106 1.99977 0 
829 1.70866 2.02648 0 
830 1.68761 2.05701 0 
831 1.73639 2.13588 0 
832 1.68838 2.16645 0 
833 1.71761 2.2538 0 
834 1.71263 2.32658 0 
835 1.73538 2.37566 0 
836 1.74049 2.40404 0 
837 1.77195 2.45658 0 
838 1.71312 2.47431 0 
839 1.72266 2.5268 0 
840 1.75427 2.63814 0 
841 1.69806 2.67878 0 
842 1.68297 2.7174 0 
843 1.74663 2.78048 0 
844 1.7923 2.87328 0 
845 1.81174 2.92326 0 
846 1.84833 2.98239 0 
847 1.79448 3.0004 0 
848 1.71847 3.14777 0 
849 1.69598 3.18436 0 
850 1.67673 3.20496 0 
851 1.74734 3.26655 0 
852 1.75952 3.35057 0 
853 1.7231 3.37049 0 
854 1.78859 3.45135 0 
855 1.7635 3.49104 0 
856 1.76003 3.54574 0 
857 1.76596 3.6288 0 
858 1.71665 3.65902 0 
859 1.71762 3.69208 0 
860 1.79463 3.83411 0 
861 1.75906 3.86962 0 
862 1.74937 3.90374 0 
863 1.7393 3.93463 0 
864 1.78434 4.02053 0 
865 1.70589 4.11238 0 
866 1.80032 4.17754 0 
867 1.77241 4.21878 0 
868 1.76911 4.28779 0 
869 1.79665 4.36174 0 
870 1.75459 4.37718 0 
871 1.71415 4.3868 0 
872 1.79407 4.50247 0 
873 1.73011 4.51708 0 
874 1.7774 4.60793 0 
875 1.72887 4.63436 0 
876 1.74013 4.68816 0 
877 1.79432 4.74768 0 
878 1.7557 4.78176 0 
879 1.75925 4.84442 0 
880 1.79052 4.87798 0 
881 1.76558 4.92683 0 
882 1.70075 4.99475 0 
883 1.70138 5.043 0 
884 1.73827 5.18996 0 
885 1.75999 5.23517 0 
886 1.71499 5.28425 0 
887 1.74848 5.33799 0 
888 1.72742 5.35749 0 
889 1.76483 5.41973 0 
890 1.78216 5.45743 0 
891 1.74156 5.51631 0 
892 1.76841 5.56219 0 
893 1.74251 5.66047 0 
894 1.69154 5.67972 0 
895 1.74635 5.79598 0 
896 1.76829 5.82878 0 
897 1.74132 5.8713 0 
898 1.77815 5.95987 0 
899 1.757 6.02858 0 
900 1.73438 6.11994 0 
901 1.7305 6.1433 0 
902 1.70242 6.16091 0 
903 1.71331 6.20027 0 
904 1.7166 6.22965 0 
905 1.76822 6.38364 0 
906 1.75293 6.41673 0 
907 1.81019 1.43578 0 
908 1.80046 1.50429 0 
909 1.77329 1.58817 0 
910 1.79294 1.60299 0 
911 1.7885 1.70339 0 
912 1.79053 1.73609 0 
913 1.8287 1.79236 0 
914 1.79905 1.81899 0 
915 1.79246 1.85343 0 
916 1.74511 1.98775 0 
917 1.78949 2.05087 0 
918 1.81132 2.11618 0 
919 1.76199 2.13448 0 
920 1.80592 2.21685 0 
921 1.7553 2.23432 0 
922 1.74831 2.26576 0 
923 1.74898 2.31282 0 
924 1.83024 2.41676 0 
925 1.79523 2.44709 0 
926 1.82753 2.55283 0 
927 1.82648 2.59954 0 
928 1.77279 2.60605 0 
929 1.82023 2.67941 0 
930 1.82466 2.73585 0 
931 1.7788 2.77721 0 
932 1.79523 2.79724 0 
933 1.84516 2.89594 0 
934 1.86736 2.95241 0 
935 1.86502 3.0144 0 
936 1.78217 3.13952 0 
937 1.79774 3.16483 0 
938 1.75504 3.21479 0 
939 1.8088 3.27914 0 
940 1.78122 3.29441 0 
941 1.82691 3.42362 0 
942 1.83197 3.46307 0 
943 1.80633 3.47118 0 
944 1.80451 3.61843 0 
945 1.79335 3.64464 0 
946 1.75022 3.6585 0 
947 1.82219 3.73943 0 
948 1.84868 3.84764 0 
949 1.85833 3.87026 0 
950 1.85746 3.89611 0 
951 1.83237 4.00713 0 
952 1.82285 4.03735 0 
953 1.82451 4.06657 0 
954 1.78936 4.13381 0 
955 1.86279 4.18568 0 
956 1.79417 4.28369 0 
957 1.82044 4.36734 0 
958 1.85415 4.41256 0 
959 1.80848 4.44273 0 
960 1.83896 4.50408 0 
961 1.78013 4.53754 0 
962 1.81695 4.58413 0 
963 1.85145 4.67918 0 
964 1.81893 4.70352 0 
965 1.8161 4.74252 0 
966 1.85101 4.78747 0 
967 1.79292 4.82762 0 
968 1.8618 4.87712 0 
969 1.76409 4.98349 0 
970 1.74047 4.99811 0 
971 1.81388 5.1217 0 
972 1.82501 5.18326 0 
973 1.76872 5.22116 0 
974 1.8303 5.271 0 
975 1.76443 5.3228 0 
976 1.76721 5.3611 0 
977 1.84701 5.46378 0 
978 1.82622 5.48594 0 
979 1.7703 5.50605 0 
980 1.85227 5.59876 0 
981 1.7913 5.60916 0 
982 1.77502 5.69923 0 
983 1.81547 5.73868 0 
984 1.81362 5.77458 0 
985 1.80829 5.93113 0 
986 1.81378 5.9693 0 
987 1.79721 5.9889 0 
988 1.81827 6.07219 0 
989 1.76441 6.16713 0 
990 1.78809 6.21667 0 
991 1.79589 6.25747 0 
992 1.79317 6.28315 0 
993 1.79873 6.31446 0 
994 1.81019 6.41673 0 
995 1.86744 1.43578 0 
996 1.85515 1.45116 0 
997 1.82904 1.55549 0 
998 1.82372 1.58306 0 
999 1.8176 1.6826 0 
1000 1.86144 1.74553 0 
1001 1.85939 1.78997 0 
1002 1.86819 1.91203 0 
1003 1.84669 1.93137 0 
1004 1.79984 1.95404 0 
1005 1.78334 1.9883 0 
1006 1.84779 2.07078 0 
1007 1.83818 2.16841 0 
1008 1.82268 2.1858 0 
1009 1.8458 2.27478 0 
1010 1.84368 2.30294 0 
1011 1.89565 2.36862 0 
1012 1.85783 2.40391 0 
1013 1.90797 2.45179 0 
1014 1.8788 2.48292 0 
1015 1.86368 2.56637 0 
1016 1.85207 2.65036 0 
1017 1.87103 2.70085 0 
1018 1.84895 2.71746 0 
1019 1.86643 2.75942 0 
1020 1.84705 2.79503 0 
1021 1.90107 2.92769 0 
1022 1.89033 2.96086 0 
1023 1.89888 3.05318 0 
1024 1.89725 3.07741 0 
1025 1.89514 3.13386 0 
1026 1.80812 3.22486 0 
1027 1.82567 3.26813 0 
1028 1.84027 3.34756 0 
1029 1.8492 3.39431 0 
1030 1.86792 3.4906 0 
1031 1.86598 3.51791 0 
1032 1.85583 3.53926 0 
1033 1.85653 3.62631 0 
1034 1.81977 3.67906 0 
1035 1.87272 3.72958 0 
1036 1.8745 3.75087 0 
1037 1.89414 3.81046 0 
1038 1.89083 3.8886 0 
1039 1.86482 4.00883 0 
1040 1.8499 4.04986 0 
1041 1.85966 4.1112 0 
1042 1.85663 4.13203 0 
1043 1.8822 4.17221 0 
1044 1.90917 4.22506 0 
1045 1.87675 4.30211 0 
1046 1.85724 4.3912 0 
1047 1.89682 4.43852 0 
1048 1.84591 4.47622 0 
1049 1.8738 4.53872 0 
1050 1.86734 4.59005 0 
1051 1.89305 4.69691 0 
1052 1.91426 4.72707 0 
1053 1.85551 4.75463 0 
1054 1.87695 4.79517 0 
1055 1.841 4.82321 0 
1056 1.8906 4.87184 0 
1057 1.85817 4.95408 0 
1058 1.81515 5.04574 0 
1059 1.85644 5.12163 0 
1060 1.83765 5.14857 0 
1061 1.88939 5.23929 0 
1062 1.86225 5.27179 0 
1063 1.79941 5.32632 0 
1064 1.86849 5.40431 0 
1065 1.8699 5.44974 0 
1066 1.86332 5.48331 0 
1067 1.84794 5.54039 0 
1068 1.88246 5.59167 0 
1069 1.87637 5.65211 0 
1070 1.81648 5.66237 0 
1071 1.84343 5.73368 0 
1072 1.8831 5.83531 0 
1073 1.86262 5.84832 0 
1074 1.86572 5.90566 0 
1075 1.86164 6.07297 0 
1076 1.86404 6.12279 0 
1077 1.84301 6.12479 0 
1078 1.80341 6.1941 0 
1079 1.82154 6.24775 0 
1080 1.88286 6.32755 0 
1081 1.84173 6.35034 0 
1082 1.86744 6.41673 0 
1083 1.92469 1.43578 0 
1084 1.88793 1.50362 0 
1085 1.88719 1.53503 0 
1086 1.91426 1.57634 0 
1087 1.91886 1.60753 0 
1088 1.88267 1.70319 0 
1089 1.92138 1.81436 0 
1090 1.9078 1.83149 0 
1091 1.91768 1.94265 0 
1092 1.85142 1.96566 0 
1093 1.91765 2.04108 0 
1094 1.8772 2.06536 0 
1095 1.89215 2.08522 0 
1096 1.88991 2.21804 0 
1097 1.86196 2.22941 0 
1098 1.92375 2.31211 0 
1099 1.90125 2.33245 0 
1100 2.0047 2.42359 0 
1101 1.96821 2.46266 0 
1102 1.90891 2.53232 0 
1103 1.90524 2.56065 0 
1104 1.89075 2.5924 0 
1105 1.89186 2.62923 0 
1106 1.91948 2.73238 0 
1107 1.97216 2.78735 0 
1108 1.97184 2.82925 0 
1109 1.91546 2.85869 0 
1110 1.99942 2.95199 0 
1111 1.91963 3.02849 0 
1112 1.91806 3.0585 0 
1113 1.94126 3.14481 0 
1114 1.95878 3.17912 0 
1115 1.94839 3.22789 0 
1116 1.87655 3.32261 0 
1117 1.87118 3.35642 0 
1118 1.89702 3.47777 0 
1119 1.93893 3.48355 0 
1120 1.93469 3.57712 0 
1121 1.89486 3.59062 0 
1122 1.87432 3.68821 0 
1123 1.94029 3.74136 0 
1124 1.93584 3.78038 0 
1125 1.9305 3.80744 0 
1126 1.91738 3.85976 0 
1127 1.92542 3.93917 0 
1128 1.92159 4.02176 0 
1129 1.92482 4.0948 0 
1130 1.91823 4.11529 0 
1131 1.94469 4.20372 0 
1132 1.92187 4.21886 0 
1133 1.92985 4.25848 0 
1134 1.92376 4.31193 0 
1135 1.90114 4.41735 0 
1136 1.92675 4.46343 0 
1137 1.90891 4.56179 0 
1138 1.91147 4.58397 0 
1139 1.94018 4.67968 0 
1140 1.91924 4.70788 0 
1141 1.96086 4.76364 0 
1142 1.97553 4.82883 0 
1143 1.96039 4.85337 0 
1144 1.93636 4.88359 0 
1145 1.90197 4.91861 0 
1146 1.87999 5.03555 0 
1147 1.85641 5.06011 0 
1148 1.93421 5.15636 0 
1149 1.89213 5.18888 0 
1150 1.96441 5.27792 0 
1151 1.94336 5.31473 0 
1152 1.94577 5.36531 0 
1153 1.95493 5.39641 0 
1154 1.93441 5.45757 0 
1155 1.93376 5.48276 0 
1156 1.92904 5.52819 0 
1157 1.92007 5.67638 0 
1158 1.86969 5.68325 0 
1159 1.94618 5.81138 0 
1160 1.90621 5.82651 0 
1161 1.91754 5.91519 0 
1162 1.93935 6.00075 0 
1163 1.92026 6.02301 0 
1164 1.88456 6.15222 0 
1165 1.88097 6.17465 0 
1166 1.86337 6.18389 0 
1167 1.88226 6.21184 0 
1168 1.88538 6.26743 0 
1169 1.93081 6.35603 0 
1170 1.92469 6.41673 0 
1171 1.98194 1.43578 0 
1172 1.97858 1.45427 0 
1173 1.97028 1.48972 0 
1174 1.97325 1.51469 0 
1175 1.94985 1.63711 0 
1176 1.94276 1.66002 0 
1177 1.95479 1.82129 0 
1178 1.97568 1.89292 0 
1179 1.94596 1.89743 0 
1180 1.95044 1.98567 0 
1181 1.92306 2.00685 0 
1182 1.96463 2.07554 0 
1183 1.91855 2.09721 0 
1184 1.93045 2.16158 0 
1185 1.92452 2.24889 0 
1186 1.92883 2.27658 0 
1187 1.98064 2.33931 0 
1188 2.01216 2.38913 0 
1189 2.04733 2.4402 0 
1190 1.97558 2.53692 0 
1191 1.93877 2.56121 0 
1192 2.00205 2.63908 0 
1193 2.00066 2.67601 0 
1194 1.96287 2.73779 0 
1195 2.02982 2.80406 0 
1196 1.98461 2.81597 0 
1197 2.00893 2.86712 0 
1198 2.03278 2.94637 0 
1199 1.99806 3.01042 0 
1200 1.97267 3.07011 0 
1201 1.95564 3.09631 0 
1202 1.99945 3.20544 0 
1203 1.95942 3.27007 0 
1204 1.93044 3.30898 0 
1205 1.94639 3.42548 0 
1206 1.93613 3.45946 0 
1207 1.97883 3.47107 0 
1208 1.97778 3.50818 0 
1209 1.98279 3.63354 0 
1210 1.9798 3.66455 0 
1211 1.97004 3.72754 0 
1212 1.96327 3.83037 0 
1213 1.95996 3.85825 0 
1214 1.94368 3.86482 0 
1215 1.95523 3.91982 0 
1216 1.99343 4.05128 0 
1217 1.99809 4.07511 0 
1218 1.98621 4.09943 0 
1219 1.96626 4.14917 0 
1220 2.00801 4.27718 0 
1221 1.98537 4.29317 0 
1222 1.94953 4.36955 0 
1223 1.92824 4.41764 0 
1224 1.94887 4.46959 0 
1225 1.93566 4.55355 0 
1226 1.9632 4.61791 0 
1227 1.98346 4.66591 0 
1228 2.01334 4.7235 0 
1229 1.97981 4.75081 0 
1230 1.99844 4.83604 0 
1231 2.02655 4.87999 0 
1232 2.06192 4.92499 0 
1233 1.99357 4.97541 0 
1234 1.96277 5.00231 0 
1235 1.90638 5.06769 0 
1236 1.99308 5.17427 0 
1237 1.92861 5.18625 0 
1238 2.01444 5.28991 0 
1239 1.97285 5.30279 0 
1240 1.97239 5.36854 0 
1241 2.02402 5.42779 0 
1242 1.99464 5.49872 0 
1243 1.9868 5.52046 0 
1244 2.02859 5.60161 0 
1245 1.98457 5.61857 0 
1246 1.95116 5.74018 0 
1247 1.97588 5.79575 0 
1248 1.98271 5.89359 0 
1249 1.94521 5.91641 0 
1250 1.96842 6.01886 0 
1251 1.99452 6.07361 0 
1252 1.98848 6.09401 0 
1253 1.97214 6.15499 0 
1254 1.91206 6.20543 0 
1255 1.92718 6.23226 0 
1256 1.97034 6.33204 0 
1257 1.95665 6.35125 0 
1258 1.98194 6.41673 0 
1259 2.0392 1.43578 0 
1260 2.04711 1.45407 0 
1261 2.01391 1.49367 0 
1262 2.03251 1.5585 0 
1263 2.01285 1.56756 0 
1264 1.99705 1.63986 0 
1265 2.01209 1.8327 0 
1266 2.00843 1.85335 0 
1267 2.01173 1.9695 0 
1268 2.00269 1.99804 0 
1269 1.97868 2.04086 0 
1270 2.00476 2.08595 0 
1271 2.05655 2.16641 0 
1272 1.95504 2.18454 0 
1273 1.95841 2.24762 0 
1274 2.02178 2.30331 0 
1275 2.08506 2.37547 0 
1276 2.10444 2.42831 0 
1277 2.11113 2.46352 0 
1278 2.09852 2.4787 0 
1279 2.02902 2.57245 0 
1280 2.0098 2.61214 0 
1281 2.05276 2.66975 0 
1282 2.04224 2.69353 0 
1283 2.04122 2.78431 0 
1284 2.07458 2.86259 0 
1285 2.09736 2.9144 0 
1286 2.06673 2.93191 0 
1287 2.04549 2.97868 0 
1288 2.00194 3.08492 0 
1289 2.03554 3.16921 0 
1290 2.0255 3.20135 0 
1291 2.02571 3.27243 0 
1292 2.08406 3.34862 0 
1293 1.99975 3.3823 0 
1294 1.98225 3.43124 0 
1295 2.00741 3.46521 0 
1296 2.07038 3.57208 0 
1297 2.04517 3.59439 0 
1298 2.01101 3.65889 0 
1299 2.02127 3.68687 0 
1300 1.99312 3.8168 0 
1301 2.056 3.82594 0 
1302 1.98403 3.90421 0 
1303 1.97779 3.92156 0 
1304 2.01547 3.97883 0 
1305 2.04147 4.03198 0 
1306 2.03401 4.17225 0 
1307 2.01591 4.18517 0 
1308 2.05315 4.29806 0 
1309 2.05312 4.33471 0 
1310 2.00869 4.33597 0 
1311 2.00581 4.37647 0 
1312 1.99433 4.40937 0 
1313 1.99288 4.47352 0 
1314 1.98519 4.56495 0 
1315 2.01423 4.65186 0 
1316 2.01404 4.672 0 
1317 2.09624 4.77624 0 
1318 2.03119 4.82717 0 
1319 2.02775 4.83996 0 
1320 2.09117 4.9259 0 
1321 2.02669 5.00329 0 
1322 1.99168 4.99964 0 
1323 2.02275 5.12458 0 
1324 2.02705 5.16885 0 
1325 2.03737 5.23782 0 
1326 2.04927 5.28497 0 
1327 2.0022 5.32031 0 
1328 1.99051 5.36236 0 
1329 2.04957 5.41694 0 
1330 2.06683 5.53603 0 
1331 2.02336 5.54674 0 
1332 2.04933 5.60393 0 
1333 2.04899 5.69945 0 
1334 1.98872 5.73785 0 
1335 2.0117 5.83039 0 
1336 2.02257 5.89643 0 
1337 1.97139 5.92843 0 
1338 1.99392 5.96332 0 
1339 2.00472 5.99521 0 
1340 2.04985 6.09419 0 
1341 2.02147 6.12546 0 
1342 2.02541 6.20272 0 
1343 2.04779 6.23316 0 
1344 1.987 6.26839 0 
1345 2.05676 6.39962 0 
1346 2.0392 6.41673 0 
1347 2.09645 1.43578 0 
1348 2.05889 1.45742 0 
1349 2.05762 1.47318 0 
1350 2.0943 1.57895 0 
1351 2.05713 1.64934 0 
1352 2.03244 1.65094 0 
1353 2.06452 1.76307 0 
1354 2.05601 1.9039 0 
1355 2.04216 1.95725 0 
1356 2.10977 1.97659 0 
1357 2.03076 2.0396 0 
1358 2.12226 2.11155 0 
1359 2.07545 2.13435 0 
1360 2.09591 2.22794 0 
1361 2.10748 2.27009 0 
1362 2.05919 2.30322 0 
1363 2.12198 2.37883 0 
1364 2.11954 2.39914 0 
1365 2.16785 2.5093 0 
1366 2.14981 2.52135 0 
1367 2.14868 2.57296 0 
1368 2.15832 2.64772 0 
1369 2.12895 2.68628 0 
1370 2.07044 2.73565 0 
1371 2.07596 2.79442 0 
1372 2.12646 2.86453 0 
1373 2.10881 2.88523 0 
1374 2.11561 2.93336 0 
1375 2.06131 3.05997 0 
1376 2.04038 3.0721 0 
1377 2.04252 3.1047 0 
1378 2.12046 3.23568 0 
1379 2.07873 3.29348 0 
1380 2.09809 3.32792 0 
1381 2.12129 3.40678 0 
1382 2.11618 3.444 0 
1383 2.10156 3.48435 0 
1384 2.08932 3.51946 0 
1385 2.10673 3.59376 0 
1386 2.04557 3.64988 0 
1387 2.12319 3.7029 0 
1388 2.08017 3.72892 0 
1389 2.08767 3.79786 0 
1390 2.08924 3.9038 0 
1391 2.05057 3.93412 0 
1392 2.03933 3.96824 0 
1393 2.08614 4.06259 0 
1394 2.09763 4.08936 0 
1395 2.08335 4.20654 0 
1396 2.07134 4.23753 0 
1397 2.09185 4.27524 0 
1398 2.10015 4.4196 0 
1399 2.08047 4.45824 0 
1400 2.06248 4.49955 0 
1401 2.06287 4.55791 0 
1402 2.05079 4.58785 0 
1403 2.1125 4.67176 0 
1404 2.07515 4.69234 0 
1405 2.13234 4.77157 0 
1406 2.07717 4.82089 0 
1407 2.06708 4.84928 0 
1408 2.12661 4.9304 0 
1409 2.04077 5.02236 0 
1410 2.04436 5.0543 0 
1411 2.04419 5.08856 0 
1412 2.12955 5.16979 0 
1413 2.05839 5.25181 0 
1414 2.07046 5.27621 0 
1415 2.13977 5.34429 0 
1416 2.10885 5.38126 0 
1417 2.12958 5.42669 0 
1418 2.13407 5.47253 0 
1419 2.09243 5.60204 0 
1420 2.08311 5.63102 0 
1421 2.07384 5.71665 0 
1422 2.0946 5.7495 0 
1423 2.03531 5.8166 0 
1424 2.08204 5.84451 0 
1425 2.11299 5.95816 0 
1426 2.07398 6.0026 0 
1427 2.08696 6.03253 0 
1428 2.0804 6.08861 0 
1429 2.05942 6.14661 0 
1430 2.0853 6.19783 0 
1431 2.07758 6.24689 0 
1432 2.06427 6.27504 0 
1433 2.1049 6.39783 0 
1434 2.09645 6.41673 0 
1435 2.1537 1.43578 0 
1436 2.14689 1.46016 0 
1437 2.10957 1.48674 0 
1438 2.13036 1.58165 0 
1439 2.12824 1.60495 0 
1440 2.08005 1.69566 0 
1441 2.09849 1.76915 0 
1442 2.13212 1.82993 0 
1443 2.14928 1.88095 0 
1444 2.15377 1.92683 0 
1445 2.13842 2.04216 0 
1446 2.16315 2.07621 0 
1447 2.15588 2.15077 0 
1448 2.16233 2.22025 0 
1449 2.19567 2.25624 0 
1450 2.10951 2.31452 0 
1451 2.17025 2.39102 0 
1452 2.17918 2.43755 0 
1453 2.192 2.49621 0 
1454 2.17702 2.53374 0 
1455 2.18503 2.63221 0 
1456 2.17766 2.65988 0 
1457 2.12815 2.72871 0 
1458 2.11266 2.75432 0 
1459 2.14366 2.79304 0 
1460 2.19253 2.89112 0 
1461 2.19275 2.91259 0 
1462 2.13281 2.92564 0 
1463 2.14768 3.00676 0 
1464 2.09199 3.09834 0 
1465 2.127 3.14906 0 
1466 2.18954 3.24335 0 
1467 2.16205 3.26251 0 
1468 2.15476 3.34374 0 
1469 2.13262 3.36236 0 
1470 2.19177 3.44917 0 
1471 2.12871 3.50864 0 
1472 2.15143 3.59074 0 
1473 2.15763 3.63717 0 
1474 2.11982 3.65665 0 
1475 2.15524 3.69519 0 
1476 2.12092 3.73205 0 
1477 2.12957 3.8584 0 
1478 2.12886 3.89268 0 
1479 2.16952 3.95862 0 
1480 2.18501 3.99206 0 
1481 2.09817 4.02591 0 
1482 2.17052 4.11495 0 
1483 2.13269 4.18531 0 
1484 2.11776 4.24087 0 
1485 2.17779 4.2851 0 
1486 2.13658 4.40255 0 
1487 2.17465 4.42367 0 
1488 2.1713 4.45223 0 
1489 2.17739 4.48353 0 
1490 2.14382 4.56059 0 
1491 2.1537 4.64191 0 
1492 2.1537 4.69916 0 
1493 2.1537 4.75641 0 
1494 2.1537 4.81367 0 
1495 2.1537 4.87092 0 
1496 2.1537 4.92817 0 
1497 2.1537 4.98542 0 
1498 2.1537 5.04268 0 
1499 2.1537 5.09993 0 
1500 2.1537 5.15718 0 
1501 2.1537 5.21443 0 
1502 2.1537 5.27169 0 
1503 2.1537 5.32894 0 
1504 2.1537 5.38619 0 
1505 2.1537 5.44344 0 
1506 2.1537 5.5007 0 
1507 2.1537 5.55795 0 
1508 2.1537 5.6152 0 
1509 2.1537 5.67245 0 
1510 2.1537 5.7297 0 
1511 2.1537 5.78696 0 
1512 2.11604 5.83736 0 
1513 2.15436 5.94358 0 
1514 2.11536 5.99772 0 
1515 2.18614 6.0559 0 
1516 2.1113 6.08931 0 
1517 2.15759 6.16933 0 
1518 2.17039 6.23219 0 
1519 2.11648 6.24991 0 
1520 2.15501 6.36934 0 
1521 2.14357 6.39826 0 
1522 2.1537 6.41673 0 
1523 2.21095 1.43578 0 
1524 2.21775 1.52593 0 
1525 2.21081 1.55172 0 
1526 2.17263 1.56628 0 
1527 2.14971 1.61223 0 
1528 2.11776 1.68605 0 
1529 2.19027 1.77801 0 
1530 2.15933 1.79934 0 
1531 2.17587 1.88603 0 
1532 2.19354 1.9771 0 
1533 2.16921 2.03759 0 
1534 2.2308 2.10268 0 
1535 2.23203 2.21435 0 
1536 2.22107 2.23569 0 
1537 2.23334 2.26526 0 
1538 2.14633 2.32082 0 
1539 2.18053 2.369 0 
1540 2.21095 2.40907 0 
1541 2.21095 2.46632 0 
1542 2.21095 2.52357 0 
1543 2.21095 2.58083 0 
1544 2.21095 2.63808 0 
1545 2.21095 2.69533 0 
1546 2.21095 2.75258 0 
1547 2.21095 2.80984 0 
1548 2.21095 2.86709 0 
1549 2.21095 2.92434 0 
1550 2.21095 2.98159 0 
1551 2.21095 3.03885 0 
1552 2.21095 3.0961 0 
1553 2.21095 3.15335 0 
1554 2.21095 3.2106 0 
1555 2.21095 3.26785 0 
1556 2.21095 3.32511 0 
1557 2.21095 3.38236 0 
1558 2.21095 3.43961 0 
1559 2.23717 3.49786 0 
1560 2.20232 3.55972 0 
1561 2.17824 3.61794 0 
1562 2.18197 3.6637 0 
1563 2.20418 3.71467 0 
1564 2.19788 3.74259 0 
1565 2.16245 3.8554 0 
1566 2.19087 3.90144 0 
1567 2.18382 3.92 0 
1568 2.26205 4.02385 0 
1569 2.20893 4.04365 0 
1570 2.19212 4.08119 0 
1571 2.19261 4.14919 0 
1572 2.24553 4.16786 0 
1573 2.1894 4.26947 0 
1574 2.21769 4.32474 0 
1575 2.22161 4.35791 0 
1576 2.2275 4.50463 0 
1577 2.2241 4.52567 0 
1578 2.1782 4.55083 0 
1579 2.21095 4.64191 0 
1580 2.21095 5.78696 0 
1581 2.15319 5.82576 0 
1582 2.2257 5.89056 0 
1583 2.27929 5.95632 0 
1584 2.2011 6.03414 0 
1585 2.2426 6.10334 0 
1586 2.19601 6.13672 0 
1587 2.20095 6.26605 0 
1588 2.20818 6.29481 0 
1589 2.18125 6.32739 0 
1590 2.2292 6.38165 0 
1591 2.21095 6.41673 0 
1592 2.2682 1.43578 0 
1593 2.2604 1.50427 0 
1594 2.26748 1.5144 0 
1595 2.23297 1.57961 0 
1596 2.25852 1.63903 0 
1597 2.2746 1.71851 0 
1598 2.22417 1.76117 0 
1599 2.21227 1.83994 0 
1600 2.22189 1.89418 0 
1601 2.27825 1.97252 0 
1602 2.25632 2.04571 0 
1603 2.28075 2.08545 0 
1604 2.26269 2.22968 0 
1605 2.27453 2.24907 0 
1606 2.25775 2.27591 0 
1607 2.2084 2.31707 0 
1608 2.2937 2.3926 0 
1609 2.2682 2.40907 0 
1610 2.2682 3.43961 0 
1611 2.2502 3.48052 0 
1612 2.29042 3.51884 0 
1613 2.26385 3.57212 0 
1614 2.22671 3.65 0 
1615 2.23358 3.6944 0 
1616 2.28326 3.81117 0 
1617 2.26149 3.82761 0 
1618 2.20239 3.88775 0 
1619 2.25542 3.9254 0 
1620 2.29159 4.00839 0 
1621 2.33048 4.08799 0 
1622 2.30471 4.11153 0 
1623 2.29165 4.13582 0 
1624 2.28444 4.1606 0 
1625 2.23593 4.27026 0 
1626 2.31146 4.3782 0 
1627 2.26681 4.40674 0 
1628 2.26802 4.45414 0 
1629 2.26838 4.53091 0 
1630 2.27343 4.56095 0 
1631 2.2682 4.64191 0 
1632 2.2682 5.78696 0 
1633 2.31428 5.86024 0 
1634 2.31171 5.89841 0 
1635 2.31303 5.95686 0 
1636 2.26295 6.04129 0 
1637 2.26379 6.08488 0 
1638 2.2894 6.12628 0 
1639 2.23734 6.24734 0 
1640 2.32321 6.30616 0 
1641 2.31123 6.33115 0 
1642 2.26178 6.38523 0 
1643 2.2682 6.41673 0 
1644 2.32546 1.43578 0 
1645 2.29521 1.45587 0 
1646 2.30514 1.50488 0 
1647 2.26545 1.5661 0 
1648 2.31309 1.68358 0 
1649 2.31493 1.70687 0 
1650 2.28383 1.83492 0 
1651 2.27972 1.86639 0 
1652 2.34805 1.96292 0 
1653 2.33248 1.99252 0 
1654 2.30226 2.00134 0 
1655 2.31297 2.0923 0 
1656 2.31633 2.20834 0 
1657 2.32005 2.24436 0 
1658 2.37149 2.31617 0 
1659 2.35585 2.33561 0 
1660 2.30931 2.36056 0 
1661 2.32546 2.40907 0 
1662 2.32546 3.43961 0 
1663 2.2942 3.46091 0 
1664 2.38041 3.54679 0 
1665 2.30409 3.56908 0 
1666 2.36056 3.67975 0 
1667 2.27539 3.71118 0 
1668 2.32094 3.8088 0 
1669 2.33473 3.83784 0 
1670 2.35783 3.87041 0 
1671 2.33081 3.91757 0 
1672 2.32946 3.94582 0 
1673 2.33415 3.99487 0 
1674 2.39704 4.11187 0 
1675 2.30622 4.18343 0 
1676 2.29878 4.20819 0 
1677 2.27553 4.27061 0 
1678 2.34105 4.35759 0 
1679 2.36938 4.41823 0 
1680 2.29051 4.45511 0 
1681 2.29805 4.4838 0 
1682 2.32562 4.61117 0 
1683 2.32546 4.64191 0 
1684 2.32546 5.78696 0 
1685 2.34886 5.86242 0 
1686 2.34923 5.88001 0 
1687 2.33387 5.98695 0 
1688 2.30272 6.03911 0 
1689 2.28111 6.0692 0 
1690 2.31595 6.13016 0 
1691 2.29778 6.21493 0 
1692 2.33441 6.27821 0 
1693 2.34658 6.32897 0 
1694 2.29028 6.38806 0 
1695 2.32546 6.41673 0 
1696 2.38271 1.43578 0 
1697 2.37168 1.51123 0 
1698 2.40127 1.57054 0 
1699 2.36474 1.60215 0 
1700 2.33008 1.61701 0 
1701 2.35487 1.69594 0 
1702 2.3559 1.76064 0 
1703 2.32486 1.87112 0 
1704 2.37872 1.94284 0 
1705 2.35925 2.0185 0 
1706 2.34337 2.0229 0 
1707 2.35916 2.1562 0 
1708 2.353 2.21772 0 
1709 2.38789 2.28584 0 
1710 2.40294 2.31738 0 
1711 2.42032 2.32827 0 
1712 2.38568 2.37818 0 
1713 2.38271 2.40907 0 
1714 2.38271 3.43961 0 
1715 2.42331 3.50023 0 
1716 2.41442 3.5293 0 
1717 2.43487 3.60735 0 
1718 2.38634 3.64883 0 
1719 2.40777 3.73652 0 
1720 2.33906 3.77125 0 
1721 2.44648 3.85803 0 
1722 2.40183 3.87874 0 
1723 2.36198 3.92175 0 
1724 2.39393 3.98021 0 
1725 2.45767 4.08562 0 
1726 2.44049 4.11662 0 
1727 2.36567 4.24421 0 
1728 2.36577 4.27678 0 
1729 2.34512 4.3012 0 
1730 2.393 4.3629 0 
1731 2.3812 4.37717 0 
1732 2.4492 4.47481 0 
1733 2.3947 4.50837 0 
1734 2.35599 4.52355 0 
1735 2.38271 4.64191 0 
1736 2.38271 5.78696 0 
1737 2.36511 5.80495 0 
1738 2.37447 5.85759 0 
1739 2.4086 5.88437 0 
1740 2.38912 6.03941 0 
1741 2.39791 6.05905 0 
1742 2.41302 6.08706 0 
1743 2.33779 6.21633 0 
1744 2.35421 6.24448 0 
1745 2.35998 6.27546 0 
1746 2.41592 6.38177 0 
1747 2.38271 6.41673 0 
1748 2.43996 1.43578 0 
1749 2.41375 1.45565 0 
1750 2.44331 1.58041 0 
1751 2.47936 1.62035 0 
1752 2.41499 1.6963 0 
1753 2.41025 1.72944 0 
1754 2.45035 1.87017 0 
1755 2.42682 1.89295 0 
1756 2.40716 1.93993 0 
1757 2.42046 1.96609 0 
1758 2.38525 2.07593 0 
1759 2.39782 2.15703 0 
1760 2.40166 2.1798 0 
1761 2.39273 2.21404 0 
1762 2.41042 2.24138 0 
1763 2.44623 2.32322 0 
1764 2.4332 2.38986 0 
1765 2.43996 2.40907 0 
1766 2.43996 3.43961 0 
1767 2.4373 3.47795 0 
1768 2.43798 3.51037 0 
1769 2.46314 3.59839 0 
1770 2.43712 3.63986 0 
1771 2.43018 3.71186 0 
1772 2.51113 3.7998 0 
1773 2.47348 3.83372 0 
1774 2.48104 3.89128 0 
1775 2.42934 3.90664 0 
1776 2.41305 3.94151 0 
1777 2.48812 4.06435 0 
1778 2.48962 4.11164 0 
1779 2.41816 4.23627 0 
1780 2.45554 4.28085 0 
1781 2.45073 4.31652 0 
1782 2.45401 4.34331 0 
1783 2.43375 4.39748 0 
1784 2.48746 4.47089 0 
1785 2.43078 4.53467 0 
1786 2.45649 4.61169 0 
1787 2.43996 4.64191 0 
1788 2.43996 5.78696 0 
1789 2.44768 5.81661 0 
1790 2.47477 5.84642 0 
1791 2.45943 5.8757 0 
1792 2.43185 6.04672 0 
1793 2.44438 6.0678 0 
1794 2.43237 6.08275 0 
1795 2.45897 6.14666 0 
1796 2.44168 6.26968 0 
1797 2.43397 6.32682 0 
1798 2.45488 6.38315 0 
1799 2.43996 6.41673 0 
1800 2.49721 1.43578 0 
1801 2.52615 1.54943 0 
1802 2.51977 1.60527 0 
1803 2.51179 1.62789 0 
1804 2.53003 1.66801 0 
1805 2.50349 1.72005 0 
1806 2.47843 1.76486 0 
1807 2.51128 1.88449 0 
1808 2.44071 1.93107 0 
1809 2.50851 1.98578 0 
1810 2.48349 2.00219 0 
1811 2.43043 2.11853 0 
1812 2.42669 2.16047 0 
1813 2.48649 2.17039 0 
1814 2.44982 2.26255 0 
1815 2.46059 2.28872 0 
1816 2.50908 2.33453 0 
1817 2.49721 2.40907 0 
1818 2.49721 3.43961 0 
1819 2.4726 3.47709 0 
1820 2.5235 3.52194 0 
1821 2.49738 3.56871 0 
1822 2.49301 3.67115 0 
1823 2.52868 3.72899 0 
1824 2.52306 3.75185 0 
1825 2.57999 3.84976 0 
1826 2.56349 3.87362 0 
1827 2.52384 3.94832 0 
1828 2.55468 4.03912 0 
1829 2.58689 4.11774 0 
1830 2.52203 4.12565 0 
1831 2.46418 4.23454 0 
1832 2.48878 4.2646 0 
1833 2.56467 4.30046 0 
1834 2.47514 4.37109 0 
1835 2.48153 4.40709 0 
1836 2.54785 4.49398 0 
1837 2.53043 4.50777 0 
1838 2.53723 4.5407 0 
1839 2.49721 4.64191 0 
1840 2.49721 5.78696 0 
1841 2.48301 5.80248 0 
1842 2.507 5.85678 0 
1843 2.50319 5.95912 0 
1844 2.49441 5.98813 0 
1845 2.49025 6.01991 0 
1846 2.49805 6.13111 0 
1847 2.51069 6.17746 0 
1848 2.47348 6.29896 0 
1849 2.47838 6.32734 0 
1850 2.46572 6.36372 0 
1851 2.49721 6.41673 0 
1852 2.55447 1.43578 0 
1853 2.56269 1.55544 0 
1854 2.55606 1.56901 0 
1855 2.60888 1.6162 0 
1856 2.54265 1.66313 0 
1857 2.56673 1.68804 0 
1858 2.52722 1.77455 0 
1859 2.54064 1.78985 0 
1860 2.57639 1.92846 0 
1861 2.52169 1.96588 0 
1862 2.5328 2.00174 0 
1863 2.52874 2.06229 0 
1864 2.49438 2.12147 0 
1865 2.50356 2.1556 0 
1866 2.51675 2.20971 0 
1867 2.55505 2.30219 0 
1868 2.53136 2.32295 0 
1869 2.55447 2.40907 0 
1870 2.55447 3.43961 0 
1871 2.50846 3.47269 0 
1872 2.55198 3.51788 0 
1873 2.54172 3.55735 0 
1874 2.61366 3.61332 0 
1875 2.54175 3.71295 0 
1876 2.58076 3.76409 0 
1877 2.60965 3.83867 0 
1878 2.59001 3.92873 0 
1879 2.58374 3.94944 0 
1880 2.58169 3.97124 0 
1881 2.61638 4.11232 0 
1882 2.62233 4.16728 0 
1883 2.62664 4.19639 0 
1884 2.58372 4.24885 0 
1885 2.58719 4.28649 0 
1886 2.58754 4.35579 0 
1887 2.63904 4.39239 0 
1888 2.56555 4.45191 0 
1889 2.60688 4.5576 0 
1890 2.55863 4.5586 0 
1891 2.55447 4.64191 0 
1892 2.55447 5.78696 0 
1893 2.55488 5.84976 0 
1894 2.55079 5.89058 0 
1895 2.53079 5.96157 0 
1896 2.53892 6.00519 0 
1897 2.57482 6.08995 0 
1898 2.58448 6.1354 0 
1899 2.55813 6.15584 0 
1900 2.55135 6.21921 0 
1901 2.52538 6.36442 0 
1902 2.5286 6.38528 0 
1903 2.55447 6.41673 0 
1904 2.61172 1.43578 0 
1905 2.61093 1.47083 0 
1906 2.61009 1.57739 0 
1907 2.65556 1.62234 0 
1908 2.60804 1.65835 0 
1909 2.60993 1.70236 0 
1910 2.59729 1.73991 0 
1911 2.58808 1.78565 0 
1912 2.61982 1.87203 0 
1913 2.61194 1.98695 0 
1914 2.5658 2.00259 0 
1915 2.61948 2.07229 0 
1916 2.60296 2.11431 0 
1917 2.60118 2.20867 0 
1918 2.59085 2.27117 0 
1919 2.60677 2.31963 0 
1920 2.59282 2.36622 0 
1921 2.61172 2.40907 0 
1922 2.61172 3.43961 0 
1923 2.56775 3.46299 0 
1924 2.67508 3.54869 0 
1925 2.66249 3.57357 0 
1926 2.64521 3.59923 0 
1927 2.6495 3.70965 0 
1928 2.60938 3.73922 0 
1929 2.6427 3.85684 0 
1930 2.62455 3.90579 0 
1931 2.65672 3.93509 0 
1932 2.64882 4.01872 0 
1933 2.64614 4.04522 0 
1934 2.64961 4.10493 0 
1935 2.66309 4.13449 0 
1936 2.69883 4.2455 0 
1937 2.61098 4.29282 0 
1938 2.64256 4.342 0 
1939 2.69999 4.39981 0 
1940 2.62849 4.44596 0 
1941 2.63332 4.51785 0 
1942 2.63958 4.61503 0 
1943 2.61172 4.64191 0 
1944 2.61172 5.78696 0 
1945 2.57483 5.84396 0 
1946 2.6185 5.87507 0 
1947 2.61074 5.96363 0 
1948 2.62071 6.0069 0 
1949 2.58475 6.03535 0 
1950 2.62915 6.12267 0 
1951 2.6093 6.23096 0 
1952 2.57859 6.22328 0 
1953 2.58733 6.32014 0 
1954 2.61541 6.3571 0 
1955 2.61172 6.41673 0 
1956 2.66897 1.43578 0 
1957 2.69664 1.52306 0 
1958 2.6781 1.53926 0 
1959 2.69343 1.62613 0 
1960 2.65725 1.65185 0 
1961 2.62897 1.6733 0 
1962 2.6521 1.7572 0 
1963 2.70939 1.90273 0 
1964 2.68374 1.92951 0 
1965 2.6482 1.95735 0 
1966 2.63027 2.01694 0 
1967 2.66337 2.04769 0 
1968 2.65494 2.0745 0 
1969 2.63545 2.22524 0 
1970 2.62227 2.25811 0 
1971 2.69459 2.33443 0 
1972 2.65302 2.35203 0 
1973 2.66897 2.40907 0 
1974 2.66897 3.43961 0 
1975 2.67389 3.47245 0 
1976 2.71414 3.50922 0 
1977 2.74991 3.63129 0 
1978 2.72948 3.70479 0 
1979 2.69926 3.71403 0 
1980 2.76617 3.79428 0 
1981 2.66737 3.81237 0 
1982 2.743 3.91165 0 
1983 2.74571 3.93876 0 
1984 2.67919 3.98067 0 
1985 2.75549 4.07585 0 
1986 2.74896 4.1079 0 
1987 2.69999 4.1467 0 
1988 2.73603 4.25377 0 
1989 2.73344 4.30672 0 
1990 2.7286 4.33949 0 
1991 2.736 4.40214 0 
1992 2.6866 4.52022 0 
1993 2.67985 4.54837 0 
1994 2.66766 4.56628 0 
1995 2.66897 4.64191 0 
1996 2.66897 5.78696 0 
1997 2.65018 5.8044 0 
1998 2.6608 5.87992 0 
1999 2.64683 5.9478 0 
2000 2.72554 6.05411 0 
2001 2.67407 6.07752 0 
2002 2.65 6.1018 0 
2003 2.67589 6.18851 0 
2004 2.62556 6.29255 0 
2005 2.62131 6.33087 0 
2006 2.6554 6.374 0 
2007 2.66897 6.41673 0 
2008 2.72622 1.43578 0 
2009 2.74674 1.52827 0 
2010 2.72606 1.60419 0 
2011 2.71798 1.62436 0 
2012 2.75929 1.65828 0 
2013 2.74101 1.74133 0 
2014 2.68969 1.74978 0 
2015 2.7434 1.873 0 
2016 2.72611 1.95154 0 
2017 2.7077 1.97531 0 
2018 2.75667 2.02428 0 
2019 2.72325 2.05718 0 
2020 2.70146 2.15051 0 
2021 2.69292 2.17624 0 
2022 2.68325 2.21652 0 
2023 2.71461 2.28741 0 
2024 2.7538 2.39175 0 
2025 2.72622 2.40907 0 
2026 2.72622 3.43961 0 
2027 2.7418 3.47932 0 
2028 2.77877 3.5162 0 
2029 2.77476 3.57228 0 
2030 2.80525 3.6738 0 
2031 2.76003 3.73696 0 
2032 2.80282 3.79187 0 
2033 2.78267 3.84712 0 
2034 2.78694 3.90986 0 
2035 2.85713 3.96183 0 
2036 2.83748 3.98453 0 
2037 2.78858 4.03446 0 
2038 2.77752 4.11577 0 
2039 2.76789 4.15018 0 
2040 2.77312 4.19152 0 
2041 2.79074 4.27055 0 
2042 2.75912 4.32523 0 
2043 2.75868 4.34825 0 
2044 2.78605 4.45934 0 
2045 2.75507 4.52782 0 
2046 2.74399 4.61691 0 
2047 2.72622 4.64191 0 
2048 2.72622 5.78696 0 
2049 2.7065 5.80927 0 
2050 2.69155 5.84574 0 
2051 2.74895 5.9782 0 
2052 2.77406 6.05498 0 
2053 2.77892 6.0905 0 
2054 2.77995 6.17093 0 
2055 2.71675 6.19832 0 
2056 2.6556 6.304 0 
2057 2.67 6.32817 0 
2058 2.75103 6.39985 0 
2059 2.72622 6.41673 0 
2060 2.78347 1.43578 0 
2061 2.76868 1.49784 0 
2062 2.81295 1.54012 0 
2063 2.78247 1.61128 0 
2064 2.82172 1.67041 0 
2065 2.79776 1.72872 0 
2066 2.74398 1.77827 0 
2067 2.77954 1.86762 0 
2068 2.75914 1.94714 0 
2069 2.82244 1.99633 0 
2070 2.79007 2.02586 0 
2071 2.75275 2.05374 0 
2072 2.74872 2.10662 0 
2073 2.74372 2.13977 0 
2074 2.81535 2.31457 0 
2075 2.79782 2.35427 0 
2076 2.78657 2.3848 0 
2077 2.78347 2.40907 0 
2078 2.78347 3.43961 0 
2079 2.81379 3.47015 0 
2080 2.81552 3.51766 0 
2081 2.8506 3.63098 0 
2082 2.83062 3.64858 0 
2083 2.83587 3.70531 0 
2084 2.82597 3.73468 0 
2085 2.85272 3.85244 0 
2086 2.80544 3.88827 0 
2087 2.87361 3.94453 0 
2088 2.879 3.97853 0 
2089 2.81694 4.03676 0 
2090 2.80805 4.1196 0 
2091 2.82264 4.17854 0 
2092 2.84263 4.25845 0 
2093 2.82014 4.26924 0 
2094 2.83092 4.35553 0 
2095 2.81359 4.39601 0 
2096 2.84305 4.51761 0 
2097 2.8012 4.53219 0 
2098 2.7926 4.613 0 
2099 2.78347 4.64191 0 
2100 2.78347 5.78696 0 
2101 2.75904 5.80342 0 
2102 2.84869 5.9387 0 
2103 2.79236 5.96075 0 
2104 2.84115 5.99416 0 
2105 2.80826 6.08792 0 
2106 2.80821 6.17881 0 
2107 2.82936 6.2129 0 
2108 2.74508 6.25458 0 
2109 2.78875 6.3113 0 
2110 2.77475 6.34095 0 
2111 2.78347 6.41673 0 
2112 2.84073 1.43578 0 
2113 2.82857 1.49383 0 
2114 2.87456 1.53252 0 
2115 2.80993 1.61564 0 
2116 2.8479 1.67225 0 
2117 2.835 1.71534 0 
2118 2.83623 1.75395 0 
2119 2.79287 1.8013 0 
2120 2.85635 1.9292 0 
2121 2.82187 1.96445 0 
2122 2.86482 2.01239 0 
2123 2.81822 2.05013 0 
2124 2.80206 2.11823 0 
2125 2.86389 2.20025 0 
2126 2.86407 2.23393 0 
2127 2.87575 2.30599 0 
2128 2.87471 2.34296 0 
2129 2.84073 2.40907 0 
2130 2.84073 3.43961 0 
2131 2.89101 3.489 0 
2132 2.8414 3.49862 0 
2133 2.88542 3.60056 0 
2134 2.92537 3.66554 0 
2135 2.87291 3.74341 0 
2136 2.86908 3.77052 0 
2137 2.89233 3.86947 0 
2138 2.89501 3.88543 0 
2139 2.89776 3.90642 0 
2140 2.91634 4.00657 0 
2141 2.8989 4.01397 0 
2142 2.88778 4.04003 0 
2143 2.84575 4.16668 0 
2144 2.8787 4.17321 0 
2145 2.88989 4.29369 0 
2146 2.85537 4.30269 0 
2147 2.87815 4.39226 0 
2148 2.87703 4.47525 0 
2149 2.8649 4.54349 0 
2150 2.81613 4.60997 0 
2151 2.84073 4.64191 0 
2152 2.84073 5.78696 0 
2153 2.82319 5.82513 0 
2154 2.88192 5.90046 0 
2155 2.87479 5.97021 0 
2156 2.8755 5.99332 0 
2157 2.89541 6.11042 0 
2158 2.84283 6.12554 0 
2159 2.85485 6.21343 0 
2160 2.81104 6.27485 0 
2161 2.83195 6.32646 0 
2162 2.86188 6.40171 0 
2163 2.84073 6.41673 0 
2164 2.89798 1.43578 0 
2165 2.93343 1.49301 0 
2166 2.90001 1.52038 0 
2167 2.91809 1.618 0 
2168 2.86073 1.65037 0 
2169 2.87754 1.70817 0 
2170 2.94206 1.81081 0 
2171 2.88478 1.81779 0 
2172 2.8691 1.84218 0 
2173 2.91823 1.96276 0 
2174 2.88073 2.00068 0 
2175 2.90997 2.0606 0 
2176 2.84208 2.09769 0 
2177 2.92143 2.14919 0 
2178 2.89231 2.25785 0 
2179 2.90591 2.29463 0 
2180 2.8921 2.37586 0 
2181 2.89798 2.40907 0 
2182 2.89798 3.43961 0 
2183 2.9388 3.4865 0 
2184 2.9558 3.57173 0 
2185 2.96171 3.64554 0 
2186 2.94845 3.66033 0 
2187 2.97286 3.72362 0 
2188 2.97477 3.75291 0 
2189 2.91237 3.8156 0 
2190 2.91906 3.86821 0 
2191 2.9354 3.93608 0 
2192 2.95967 4.0062 0 
2193 2.9532 4.04655 0 
2194 2.91091 4.04552 0 
2195 2.92654 4.09524 0 
2196 2.9208 4.1393 0 
2197 2.91985 4.27757 0 
2198 2.90427 4.3431 0 
2199 2.91128 4.38038 0 
2200 2.91131 4.49985 0 
2201 2.88312 4.55428 0 
2202 2.87614 4.61016 0 
2203 2.89798 4.64191 0 
2204 2.89798 4.69916 0 
2205 2.89798 4.75641 0 
2206 2.89798 4.81367 0 
2207 2.89798 4.87092 0 
2208 2.89798 4.92817 0 
2209 2.89798 4.98542 0 
2210 2.89798 5.04268 0 
2211 2.89798 5.09993 0 
2212 2.89798 5.15718 0 
2213 2.89798 5.21443 0 
2214 2.89798 5.27169 0 
2215 2.89798 5.32894 0 
2216 2.89798 5.38619 0 
2217 2.89798 5.44344 0 
2218 2.89798 5.5007 0 
2219 2.89798 5.55795 0 
2220 2.89798 5.6152 0 
2221 2.89798 5.67245 0 
2222 2.89798 5.7297 0 
2223 2.89798 5.78696 0 
2224 2.85098 5.80825 0 
2225 2.89504 5.86679 0 
2226 2.96064 5.94941 0 
2227 2.93737 6.04126 0 
2228 2.93305 6.11639 0 
2229 2.92121 6.15211 0 
2230 2.94341 6.18761 0 
2231 2.94961 6.21885 0 
2232 2.89627 6.30583 0 
2233 2.87878 6.37851 0 
2234 2.89798 6.41673 0 
2235 2.95523 1.43578 0 
2236 2.99978 1.52845 0 
2237 2.99453 1.5511 0 
2238 2.98632 1.57179 0 
2239 2.94062 1.67782 0 
2240 2.97843 1.77188 0 
2241 2.97633 1.80309 0 
2242 2.9424 1.8431 0 
2243 2.97476 1.91198 0 
2244 2.94027 1.92379 0 
2245 2.99273 2.01246 0 
2246 2.96622 2.08173 0 
2247 2.99963 2.11889 0 
2248 2.98988 2.15533 0 
2249 2.96523 2.20046 0 
2250 2.9347 2.27918 0 
2251 3.01869 2.29314 0 
2252 2.95523 2.40907 0 
2253 2.95523 2.46632 0 
2254 2.95523 2.52357 0 
2255 2.95523 2.58083 0 
2256 2.95523 2.63808 0 
2257 2.95523 2.69533 0 
2258 2.95523 2.75258 0 
2259 2.95523 2.80984 0 
2260 2.95523 2.86709 0 
2261 2.95523 2.92434 0 
2262 2.95523 2.98159 0 
2263 2.95523 3.03885 0 
2264 2.95523 3.0961 0 
2265 2.95523 3.15335 0 
2266 2.95523 3.2106 0 
2267 2.95523 3.26785 0 
2268 2.95523 3.32511 0 
2269 2.95523 3.38236 0 
2270 2.95523 3.43961 0 
2271 2.96506 3.48022 0 
2272 3.00929 3.58099 0 
2273 2.98093 3.59632 0 
2274 3.00252 3.69197 0 
2275 3.03356 3.77185 0 
2276 2.99067 3.76431 0 
2277 2.99594 3.81467 0 
2278 2.96214 3.90986 0 
2279 2.98185 3.98049 0 
2280 3.00058 4.0398 0 
2281 2.96906 4.03508 0 
2282 2.97472 4.08735 0 
2283 3.01485 4.16224 0 
2284 3.03744 4.22441 0 
2285 2.9626 4.22499 0 
2286 2.99238 4.40944 0 
2287 2.95413 4.42886 0 
2288 2.94926 4.50366 0 
2289 2.9515 4.52858 0 
2290 2.90404 4.58772 0 
2291 2.97641 4.60332 0 
2292 2.97587 4.66135 0 
2293 2.9577 4.7615 0 
2294 2.92215 4.80069 0 
2295 3.01107 4.83293 0 
2296 2.93991 4.96267 0 
2297 2.96667 5.03252 0 
2298 2.94986 5.05473 0 
2299 2.94321 5.16851 0 
2300 2.9325 5.20364 0 
2301 2.93595 5.24474 0 
2302 2.95954 5.29865 0 
2303 2.93634 5.34764 0 
2304 2.97445 5.40779 0 
2305 2.92708 5.42794 0 
2306 2.93542 5.51323 0 
2307 2.93944 5.55166 0 
2308 2.91798 5.58103 0 
2309 2.94127 5.61506 0 
2310 2.93602 5.66794 0 
2311 2.96933 5.84178 0 
2312 2.9623 5.86018 0 
2313 2.96903 5.89486 0 
2314 2.99924 5.9357 0 
2315 2.9665 6.03757 0 
2316 2.95577 6.10454 0 
2317 2.98187 6.11264 0 
2318 2.9789 6.13569 0 
2319 2.9737 6.22586 0 
2320 2.9349 6.30216 0 
2321 2.90956 6.37538 0 
2322 2.95523 6.41673 0 
2323 3.01248 1.43578 0 
2324 3.02857 1.50431 0 
2325 3.03482 1.51746 0 
2326 3.01151 1.61655 0 
2327 3.00726 1.63453 0 
2328 2.99716 1.66537 0 
2329 3.07821 1.78135 0 
2330 3.05003 1.81578 0 
2331 2.99292 1.89912 0 
2332 3.02653 1.97796 0 
2333 3.02467 2.00999 0 
2334 3.03287 2.0266 0 
2335 3.01025 2.09112 0 
2336 3.05021 2.14119 0 
2337 3.03211 2.19592 0 
2338 3.07226 2.21764 0 
2339 3.06514 2.27151 0 
2340 3.05434 2.41867 0 
2341 2.97515 2.4577 0 
2342 3.03967 2.5125 0 
2343 2.98117 2.61045 0 
2344 2.98718 2.64185 0 
2345 3.01373 2.69167 0 
2346 3.00359 2.71376 0 
2347 3.00643 2.84662 0 
2348 3.00143 2.91106 0 
2349 2.98667 2.91944 0 
2350 2.9822 2.98084 0 
2351 2.97703 3.01308 0 
2352 3.00386 3.12109 0 
2353 3.00588 3.16227 0 
2354 3.03187 3.21463 0 
2355 2.98789 3.25987 0 
2356 3.06501 3.36871 0 
2357 2.99375 3.40618 0 
2358 2.9817 3.43186 0 
2359 3.03105 3.51544 0 
2360 3.03547 3.54587 0 
2361 3.06421 3.68718 0 
2362 3.06449 3.74693 0 
2363 3.05535 3.7669 0 
2364 3.05503 3.84347 0 
2365 3.03324 3.85587 0 
2366 2.9938 3.90208 0 
2367 3.03627 3.91541 0 
2368 3.02145 4.04554 0 
2369 3.0126 4.07865 0 
2370 3.01392 4.1051 0 
2371 3.04067 4.14349 0 
2372 3.05544 4.22422 0 
2373 3.05215 4.27364 0 
2374 3.0406 4.29535 0 
2375 3.05714 4.45396 0 
2376 3.01654 4.4739 0 
2377 2.99156 4.51165 0 
2378 3.03731 4.55138 0 
2379 3.02397 4.59174 0 
2380 3.04306 4.73995 0 
2381 3.00102 4.75187 0 
2382 3.01796 4.79079 0 
2383 3.03093 4.8198 0 
2384 3.06392 4.92588 0 
2385 2.98396 5.00782 0 
2386 2.97666 5.04599 0 
2387 3.00486 5.08456 0 
2388 3.00556 5.17064 0 
2389 2.99123 5.23019 0 
2390 2.96335 5.26257 0 
2391 3.05339 5.31761 0 
2392 2.98666 5.38939 0 
2393 2.99289 5.43523 0 
2394 3.07546 5.51379 0 
2395 3.06516 5.55467 0 
2396 3.02663 5.60367 0 
2397 3.01494 5.63467 0 
2398 3.01278 5.74232 0 
2399 3.00275 5.78165 0 
2400 2.99572 5.84296 0 
2401 3.08216 5.89575 0 
2402 3.04501 5.92214 0 
2403 2.99883 6.03365 0 
2404 2.97697 6.09494 0 
2405 3.01026 6.09978 0 
2406 3.05531 6.17546 0 
2407 3.03354 6.19133 0 
2408 2.98469 6.27988 0 
2409 2.97114 6.31904 0 
2410 3.01248 6.41673 0 
2411 3.06974 1.43578 0 
2412 3.04388 1.46464 0 
2413 3.05254 1.51598 0 
2414 3.05683 1.57486 0 
2415 3.05282 1.60445 0 
2416 3.11747 1.73231 0 
2417 3.12266 1.77535 0 
2418 3.13876 1.79199 0 
2419 3.14071 1.83306 0 
2420 3.04541 1.95854 0 
2421 3.12203 1.98324 0 
2422 3.06918 2.03717 0 
2423 3.0864 2.11999 0 
2424 3.12949 2.17483 0 
2425 3.12021 2.19404 0 
2426 3.11441 2.22029 0 
2427 3.11665 2.35205 0 
2428 3.09578 2.36785 0 
2429 3.0879 2.47582 0 
2430 3.14682 2.52988 0 
2431 3.0871 2.55813 0 
2432 3.02 2.64687 0 
2433 3.06363 2.72154 0 
2434 3.0413 2.72647 0 
2435 3.04124 2.87722 0 
2436 3.02397 2.88388 0 
2437 3.03174 2.9647 0 
2438 3.01195 2.97547 0 
2439 3.06972 3.07945 0 
2440 3.04973 3.10459 0 
2441 3.0719 3.17052 0 
2442 3.03907 3.19257 0 
2443 3.10654 3.24508 0 
2444 3.08816 3.34658 0 
2445 3.0762 3.40838 0 
2446 3.05001 3.48114 0 
2447 3.04821 3.50884 0 
2448 3.07454 3.52989 0 
2449 3.10582 3.70405 0 
2450 3.10271 3.72639 0 
2451 3.10725 3.76228 0 
2452 3.08385 3.80613 0 
2453 3.07356 3.85652 0 
2454 3.08069 3.87132 0 
2455 3.06565 3.90252 0 
2456 3.08104 3.95998 0 
2457 3.10134 4.03273 0 
2458 3.06052 4.09379 0 
2459 3.09282 4.16949 0 
2460 3.10268 4.19943 0 
2461 3.10469 4.30999 0 
2462 3.11403 4.34349 0 
2463 3.09594 4.43391 0 
2464 3.11086 4.49826 0 
2465 3.10373 4.52113 0 
2466 3.1049 4.56976 0 
2467 3.10141 4.68297 0 
2468 3.07687 4.70264 0 
2469 3.07338 4.78577 0 
2470 3.09533 4.82577 0 
2471 3.07322 4.84582 0 
2472 3.09478 4.92048 0 
2473 3.07911 4.97614 0 
2474 3.06333 5.01288 0 
2475 3.01017 5.06961 0 
2476 3.05359 5.09758 0 
2477 3.05341 5.24578 0 
2478 3.05479 5.26615 0 
2479 3.07091 5.3027 0 
2480 3.07949 5.35697 0 
2481 3.11255 5.43445 0 
2482 3.14607 5.48019 0 
2483 3.09381 5.56234 0 
2484 3.07708 5.57973 0 
2485 3.08367 5.6606 0 
2486 3.04714 5.67043 0 
2487 3.09298 5.77962 0 
2488 3.01563 5.81741 0 
2489 3.11302 5.8807 0 
2490 3.08548 5.91894 0 
2491 3.0452 6.01253 0 
2492 3.07805 6.0164 0 
2493 3.07855 6.05617 0 
2494 3.07394 6.15088 0 
2495 3.07077 6.19443 0 
2496 3.0643 6.30454 0 
2497 3.12511 6.39059 0 
2498 3.06974 6.41673 0 
2499 3.12699 1.43578 0 
2500 3.15917 1.45982 0 
2501 3.07681 1.50657 0 
2502 3.13449 1.58969 0 
2503 3.13542 1.61778 0 
2504 3.15284 1.71712 0 
2505 3.15084 1.77294 0 
2506 3.16457 1.79255 0 
2507 3.18784 1.87469 0 
2508 3.19375 1.90349 0 
2509 3.15681 1.96685 0 
2510 3.12851 2.0708 0 
2511 3.12885 2.13797 0 
2512 3.14795 2.16192 0 
2513 3.1759 2.24352 0 
2514 3.17924 2.28148 0 
2515 3.15745 2.29579 0 
2516 3.15488 2.41802 0 
2517 3.12621 2.42627 0 
2518 3.17846 2.53115 0 
2519 3.11403 2.58406 0 
2520 3.05072 2.65195 0 
2521 3.0911 2.68896 0 
2522 3.08007 2.76067 0 
2523 3.09271 2.81979 0 
2524 3.06596 2.91787 0 
2525 3.05899 2.9307 0 
2526 3.07496 3.00284 0 
2527 3.10283 3.0414 0 
2528 3.13383 3.09841 0 
2529 3.16789 3.15591 0 
2530 3.12516 3.20876 0 
2531 3.14023 3.23994 0 
2532 3.11537 3.36066 0 
2533 3.12269 3.39205 0 
2534 3.17077 3.40113 0 
2535 3.12431 3.50022 0 
2536 3.10919 3.53435 0 
2537 3.13848 3.60966 0 
2538 3.15188 3.68942 0 
2539 3.16618 3.73786 0 
2540 3.10842 3.80782 0 
2541 3.09999 3.83134 0 
2542 3.1333 3.87689 0 
2543 3.11018 3.93337 0 
2544 3.11591 3.95959 0 
2545 3.16365 4.06406 0 
2546 3.15337 4.0957 0 
2547 3.10643 4.12475 0 
2548 3.17875 4.23903 0 
2549 3.14223 4.24799 0 
2550 3.1566 4.37467 0 
2551 3.13734 4.38926 0 
2552 3.13238 4.42166 0 
2553 3.15831 4.51377 0 
2554 3.14268 4.57661 0 
2555 3.1276 4.67575 0 
2556 3.12638 4.73422 0 
2557 3.12931 4.76321 0 
2558 3.12318 4.78602 0 
2559 3.14272 4.9126 0 
2560 3.13196 4.94185 0 
2561 3.16444 4.99068 0 
2562 3.15558 5.01779 0 
2563 3.13163 5.05117 0 
2564 3.08659 5.09918 0 
2565 3.09812 5.22173 0 
2566 3.07162 5.26404 0 
2567 3.10743 5.3288 0 
2568 3.12259 5.38475 0 
2569 3.15846 5.45885 0 
2570 3.17134 5.48789 0 
2571 3.15366 5.52766 0 
2572 3.13441 5.59074 0 
2573 3.11333 5.68491 0 
2574 3.13187 5.73637 0 
2575 3.15896 5.8148 0 
2576 3.15495 5.83535 0 
2577 3.16222 5.87128 0 
2578 3.10479 5.93011 0 
2579 3.11808 5.95409 0 
2580 3.10652 6.00103 0 
2581 3.11549 6.11392 0 
2582 3.11262 6.17984 0 
2583 3.13555 6.28235 0 
2584 3.10505 6.31061 0 
2585 3.15985 6.38857 0 
2586 3.12699 6.41673 0 
2587 3.18424 1.43578 0 
2588 3.19222 1.45234 0 
2589 3.21739 1.58236 0 
2590 3.20821 1.6216 0 
2591 3.2262 1.65422 0 
2592 3.17567 1.66492 0 
2593 3.20234 1.76798 0 
2594 3.20092 1.80823 0 
2595 3.22658 1.84108 0 
2596 3.21809 1.87474 0 
2597 3.21102 1.95102 0 
2598 3.21258 2.01166 0 
2599 3.21247 2.04491 0 
2600 3.21938 2.09875 0 
2601 3.21485 2.18252 0 
2602 3.21012 2.26354 0 
2603 3.1899 2.35462 0 
2604 3.18809 2.3948 0 
2605 3.17087 2.44121 0 
2606 3.20764 2.52896 0 
2607 3.16792 2.59523 0 
2608 3.16598 2.63615 0 
2609 3.19072 2.6906 0 
2610 3.1064 2.73771 0 
2611 3.12611 2.8581 0 
2612 3.10959 2.9063 0 
2613 3.09063 2.93992 0 
2614 3.09452 2.96404 0 
2615 3.12455 3.01569 0 
2616 3.18153 3.12988 0 
2617 3.18447 3.15102 0 
2618 3.20898 3.19107 0 
2619 3.19902 3.22274 0 
2620 3.15071 3.34062 0 
2621 3.21755 3.34531 0 
2622 3.20113 3.39064 0 
2623 3.16331 3.49178 0 
2624 3.20426 3.50413 0 
2625 3.19438 3.53538 0 
2626 3.19731 3.73738 0 
2627 3.18618 3.75021 0 
2628 3.14136 3.80536 0 
2629 3.1234 3.82357 0 
2630 3.17548 3.89427 0 
2631 3.14466 3.91726 0 
2632 3.16214 3.94498 0 
2633 3.23916 4.11729 0 
2634 3.1833 4.11351 0 
2635 3.21126 4.18323 0 
2636 3.22229 4.22506 0 
2637 3.19288 4.32597 0 
2638 3.18658 4.36106 0 
2639 3.20534 4.46413 0 
2640 3.19846 4.49586 0 
2641 3.19723 4.53578 0 
2642 3.16713 4.5555 0 
2643 3.18104 4.61714 0 
2644 3.17603 4.66317 0 
2645 3.17529 4.7186 0 
2646 3.1682 4.83123 0 
2647 3.16985 4.86271 0 
2648 3.21454 4.9473 0 
2649 3.24204 4.97805 0 
2650 3.16388 5.03985 0 
2651 3.14476 5.05699 0 
2652 3.14498 5.08429 0 
2653 3.12403 5.21333 0 
2654 3.20285 5.25618 0 
2655 3.12358 5.31204 0 
2656 3.20823 5.38757 0 
2657 3.16599 5.42983 0 
2658 3.26452 5.48733 0 
2659 3.27436 5.52239 0 
2660 3.18686 5.60176 0 
2661 3.19222 5.67389 0 
2662 3.1399 5.71301 0 
2663 3.17139 5.77827 0 
2664 3.17726 5.81798 0 
2665 3.22813 5.87005 0 
2666 3.21881 5.89305 0 
2667 3.17213 5.96807 0 
2668 3.12738 5.98949 0 
2669 3.14576 6.05137 0 
2670 3.18315 6.17542 0 
2671 3.18027 6.22681 0 
2672 3.23294 6.32417 0 
2673 3.17445 6.35693 0 
2674 3.18424 6.41673 0 
2675 3.24149 1.43578 0 
2676 3.24741 1.45965 0 
2677 3.24496 1.48774 0 
2678 3.26233 1.57312 0 
2679 3.24434 1.65512 0 
2680 3.22089 1.67803 0 
2681 3.22673 1.74917 0 
2682 3.26517 1.8282 0 
2683 3.28033 1.85442 0 
2684 3.26697 1.93832 0 
2685 3.26539 1.97085 0 
2686 3.23903 1.98486 0 
2687 3.28427 2.10998 0 
2688 3.26073 2.12182 0 
2689 3.2412 2.18645 0 
2690 3.23262 2.28928 0 
2691 3.23348 2.31098 0 
2692 3.25096 2.36982 0 
2693 3.25877 2.52273 0 
2694 3.25727 2.56731 0 
2695 3.22052 2.56382 0 
2696 3.20874 2.59235 0 
2697 3.2281 2.71836 0 
2698 3.15603 2.81095 0 
2699 3.15548 2.85946 0 
2700 3.15656 2.9052 0 
2701 3.21829 2.94959 0 
2702 3.16171 2.99144 0 
2703 3.16786 3.02292 0 
2704 3.23432 3.09261 0 
2705 3.21303 3.13761 0 
2706 3.30302 3.22552 0 
2707 3.30521 3.28578 0 
2708 3.23075 3.28794 0 
2709 3.23684 3.32878 0 
2710 3.22517 3.37191 0 
2711 3.24154 3.41919 0 
2712 3.22994 3.49713 0 
2713 3.24132 3.60712 0 
2714 3.24706 3.68398 0 
2715 3.22373 3.76395 0 
2716 3.22955 3.85276 0 
2717 3.20651 3.86859 0 
2718 3.20677 3.89593 0 
2719 3.25912 3.94648 0 
2720 3.21849 3.96786 0 
2721 3.2828 4.09591 0 
2722 3.25159 4.16324 0 
2723 3.26641 4.22834 0 
2724 3.26611 4.26773 0 
2725 3.25179 4.27935 0 
2726 3.25069 4.30846 0 
2727 3.23834 4.48716 0 
2728 3.22772 4.51729 0 
2729 3.2369 4.56801 0 
2730 3.26421 4.64051 0 
2731 3.21514 4.65006 0 
2732 3.21333 4.67782 0 
2733 3.25658 4.80781 0 
2734 3.22179 4.82401 0 
2735 3.24777 4.88956 0 
2736 3.28138 4.93393 0 
2737 3.30596 4.95192 0 
2738 3.24566 5.03489 0 
2739 3.21084 5.07899 0 
2740 3.21964 5.11029 0 
2741 3.20442 5.13255 0 
2742 3.2249 5.24596 0 
2743 3.27711 5.35116 0 
2744 3.2991 5.40769 0 
2745 3.29973 5.43585 0 
2746 3.31186 5.47549 0 
2747 3.29984 5.53704 0 
2748 3.23744 5.62616 0 
2749 3.21006 5.64361 0 
2750 3.26257 5.72249 0 
2751 3.20081 5.77343 0 
2752 3.26603 5.82187 0 
2753 3.26109 5.84899 0 
2754 3.24084 5.95087 0 
2755 3.21396 5.96202 0 
2756 3.27386 6.10518 0 
2757 3.23314 6.12852 0 
2758 3.23403 6.20283 0 
2759 3.22025 6.23303 0 
2760 3.27775 6.3314 0 
2761 3.21047 6.36094 0 
2762 3.24149 6.41673 0 
2763 3.29875 1.43578 0 
2764 3.31151 1.49366 0 
2765 3.31354 1.5487 0 
2766 3.30588 1.58581 0 
2767 3.28393 1.60991 0 
2768 3.32014 1.71325 0 
2769 3.29137 1.7314 0 
2770 3.28254 1.80763 0 
2771 3.32139 1.87518 0 
2772 3.308 1.88322 0 
2773 3.30425 1.9885 0 
2774 3.3254 2.05263 0 
2775 3.32798 2.0907 0 
2776 3.30117 2.13846 0 
2777 3.28462 2.14874 0 
2778 3.2885 2.21431 0 
2779 3.27317 2.29608 0 
2780 3.29348 2.38489 0 
2781 3.32503 2.43954 0 
2782 3.31396 2.54575 0 
2783 3.266 2.60244 0 
2784 3.28863 2.6661 0 
2785 3.26474 2.68566 0 
2786 3.25698 2.78705 0 
2787 3.32799 2.85498 0 
2788 3.31761 2.90209 0 
2789 3.27261 2.95546 0 
2790 3.20619 2.98575 0 
2791 3.2157 3.02668 0 
2792 3.29281 3.09113 0 
2793 3.36956 3.1402 0 
2794 3.30508 3.18607 0 
2795 3.36472 3.24972 0 
2796 3.32687 3.34563 0 
2797 3.33097 3.39001 0 
2798 3.34284 3.43819 0 
2799 3.31504 3.46873 0 
2800 3.27185 3.50579 0 
2801 3.29044 3.67696 0 
2802 3.26755 3.69287 0 
2803 3.28546 3.7238 0 
2804 3.27062 3.75972 0 
2805 3.28109 3.8888 0 
2806 3.28926 3.91168 0 
2807 3.328 3.96521 0 
2808 3.27168 3.97909 0 
2809 3.34271 4.12485 0 
2810 3.36006 4.16753 0 
2811 3.34904 4.19347 0 
2812 3.28368 4.27411 0 
2813 3.28794 4.31903 0 
2814 3.29687 4.3576 0 
2815 3.31505 4.4254 0 
2816 3.31118 4.48429 0 
2817 3.33071 4.50656 0 
2818 3.27857 4.60035 0 
2819 3.30292 4.6921 0 
2820 3.26625 4.72714 0 
2821 3.28997 4.81506 0 
2822 3.29912 4.85179 0 
2823 3.26075 4.86743 0 
2824 3.2886 4.92521 0 
2825 3.31985 4.9471 0 
2826 3.34618 4.9892 0 
2827 3.28295 5.07621 0 
2828 3.23885 5.10639 0 
2829 3.25565 5.19541 0 
2830 3.24774 5.24181 0 
2831 3.2895 5.30583 0 
2832 3.33272 5.34919 0 
2833 3.33243 5.45164 0 
2834 3.34312 5.47058 0 
2835 3.34229 5.48532 0 
2836 3.32533 5.58368 0 
2837 3.30005 5.69542 0 
2838 3.31209 5.74335 0 
2839 3.30025 5.75376 0 
2840 3.27704 5.79571 0 
2841 3.2971 5.85979 0 
2842 3.32319 5.98492 0 
2843 3.27092 5.99311 0 
2844 3.3055 6.04627 0 
2845 3.30675 6.14337 0 
2846 3.26303 6.15752 0 
2847 3.33411 6.30652 0 
2848 3.32987 6.35236 0 
2849 3.34921 6.38574 0 
2850 3.29875 6.41673 0 
2851 3.356 1.43578 0 
2852 3.35353 1.46462 0 
2853 3.32955 1.53856 0 
2854 3.33868 1.58415 0 
2855 3.38665 1.69797 0 
2856 3.36659 1.7246 0 
2857 3.32067 1.78519 0 
2858 3.31895 1.82664 0 
2859 3.35279 1.88616 0 
2860 3.33749 1.92894 0 
2861 3.33498 1.9593 0 
2862 3.34392 1.99688 0 
2863 3.38008 2.11106 0 
2864 3.31911 2.14802 0 
2865 3.32416 2.20972 0 
2866 3.33173 2.2835 0 
2867 3.33701 2.36006 0 
2868 3.34435 2.41098 0 
2869 3.35244 2.43388 0 
2870 3.34529 2.54468 0 
2871 3.39779 2.58356 0 
2872 3.38407 2.63999 0 
2873 3.30046 2.71724 0 
2874 3.29495 2.73193 0 
2875 3.34969 2.84081 0 
2876 3.33117 2.89512 0 
2877 3.37173 2.91924 0 
2878 3.30778 3.00418 0 
2879 3.35858 3.05291 0 
2880 3.40471 3.10682 0 
2881 3.40575 3.13594 0 
2882 3.40453 3.21126 0 
2883 3.39387 3.24666 0 
2884 3.36972 3.31886 0 
2885 3.36171 3.40349 0 
2886 3.39309 3.45154 0 
2887 3.33086 3.47321 0 
2888 3.33715 3.49915 0 
2889 3.35123 3.57093 0 
2890 3.34445 3.71552 0 
2891 3.36799 3.74869 0 
2892 3.34855 3.8622 0 
2893 3.34399 3.91533 0 
2894 3.34655 3.93847 0 
2895 3.38923 3.99621 0 
2896 3.38123 4.01848 0 
2897 3.40768 4.15353 0 
2898 3.37686 4.17177 0 
2899 3.37296 4.23521 0 
2900 3.36281 4.24131 0 
2901 3.30746 4.31073 0 
2902 3.35945 4.37236 0 
2903 3.37896 4.44775 0 
2904 3.33644 4.45638 0 
2905 3.35656 4.51433 0 
2906 3.31283 4.60949 0 
2907 3.31766 4.62911 0 
2908 3.35275 4.71346 0 
2909 3.31936 4.7476 0 
2910 3.36467 4.77627 0 
2911 3.33546 4.89375 0 
2912 3.31134 4.91621 0 
2913 3.38213 4.94422 0 
2914 3.38525 5.01059 0 
2915 3.36012 5.0368 0 
2916 3.35323 5.13287 0 
2917 3.28103 5.17639 0 
2918 3.38958 5.28448 0 
2919 3.34164 5.32003 0 
2920 3.39442 5.36775 0 
2921 3.3869 5.38497 0 
2922 3.3718 5.478 0 
2923 3.37808 5.51057 0 
2924 3.37538 5.53705 0 
2925 3.34428 5.65663 0 
2926 3.33518 5.69021 0 
2927 3.3476 5.77824 0 
2928 3.31164 5.7803 0 
2929 3.32971 5.88682 0 
2930 3.35206 5.96247 0 
2931 3.34473 6.02233 0 
2932 3.33328 6.04584 0 
2933 3.34371 6.08989 0 
2934 3.33656 6.18621 0 
2935 3.37214 6.26818 0 
2936 3.3693 6.29605 0 
2937 3.37112 6.39718 0 
2938 3.356 6.41673 0 
2939 3.41325 1.43578 0 
2940 3.39777 1.51244 0 
2941 3.36512 1.52531 0 
2942 3.36619 1.56446 0 
2943 3.41869 1.68608 0 
2944 3.41543 1.71193 0 
2945 3.42893 1.7477 0 
2946 3.35447 1.82821 0 
2947 3.41514 1.88385 0 
2948 3.46293 1.95208 0 
2949 3.42078 1.98488 0 
2950 3.38182 2.0004 0 
2951 3.42763 2.13065 0 
2952 3.44169 2.16719 0 
2953 3.46068 2.21433 0 
2954 3.35569 2.27441 0 
2955 3.37469 2.35399 0 
2956 3.36646 2.37792 0 
2957 3.3669 2.40299 0 
2958 3.41032 2.44065 0 
2959 3.42458 2.56933 0 
2960 3.40209 2.65509 0 
2961 3.40017 2.69426 0 
2962 3.35056 2.75326 0 
2963 3.36023 2.78836 0 
2964 3.41048 2.84327 0 
2965 3.38123 2.9071 0 
2966 3.42828 2.94567 0 
2967 3.38978 3.0098 0 
2968 3.39284 3.0368 0 
2969 3.45001 3.11449 0 
2970 3.43114 3.24289 0 
2971 3.40629 3.25274 0 
2972 3.41078 3.29269 0 
2973 3.43712 3.34489 0 
2974 3.4021 3.43683 0 
2975 3.43789 3.49692 0 
2976 3.41391 3.52265 0 
2977 3.41548 3.604 0 
2978 3.37786 3.71239 0 
2979 3.43762 3.76254 0 
2980 3.41451 3.77776 0 
2981 3.39427 3.89939 0 
2982 3.43263 3.90722 0 
2983 3.38805 3.95839 0 
2984 3.44816 4.02438 0 
2985 3.4455 4.04263 0 
2986 3.47023 4.1937 0 
2987 3.41104 4.22207 0 
2988 3.36877 4.27253 0 
2989 3.36 4.2924 0 
2990 3.38703 4.33555 0 
2991 3.40067 4.45235 0 
2992 3.36763 4.46706 0 
2993 3.40223 4.55318 0 
2994 3.39231 4.58406 0 
2995 3.35357 4.65343 0 
2996 3.36844 4.69513 0 
2997 3.41183 4.73799 0 
2998 3.40102 4.76816 0 
2999 3.36433 4.88182 0 
3000 3.37294 4.91243 0 
3001 3.40761 4.93319 0 
3002 3.42264 4.99808 0 
3003 3.3802 5.05094 0 
3004 3.38641 5.14219 0 
3005 3.43404 5.20131 0 
3006 3.39349 5.24423 0 
3007 3.46324 5.33727 0 
3008 3.47782 5.37914 0 
3009 3.42166 5.4182 0 
3010 3.42008 5.43789 0 
3011 3.45239 5.55469 0 
3012 3.45183 5.58302 0 
3013 3.40932 5.59 0 
3014 3.38266 5.76696 0 
3015 3.37839 5.80825 0 
3016 3.37629 5.84651 0 
3017 3.36283 5.8828 0 
3018 3.36414 5.91545 0 
3019 3.38192 5.97044 0 
3020 3.43116 6.08511 0 
3021 3.43354 6.15549 0 
3022 3.42512 6.18105 0 
3023 3.4175 6.20392 0 
3024 3.41612 6.35122 0 
3025 3.40386 6.38166 0 
3026 3.41325 6.41673 0 
3027 3.4705 1.43578 0 
3028 3.50012 1.4873 0 
3029 3.43902 1.55067 0 
3030 3.50241 1.61333 0 
3031 3.45311 1.67855 0 
3032 3.51117 1.73068 0 
3033 3.49281 1.75195 0 
3034 3.39861 1.82694 0 
3035 3.45701 1.88328 0 
3036 3.50886 1.95798 0 
3037 3.4439 1.98701 0 
3038 3.47961 2.04143 0 
3039 3.45462 2.08796 0 
3040 3.45606 2.11449 0 
3041 3.47399 2.17566 0 
3042 3.51748 2.27379 0 
3043 3.46179 2.32019 0 
3044 3.44838 2.36488 0 
3045 3.45132 2.39856 0 
3046 3.4593 2.44956 0 
3047 3.46036 2.48851 0 
3048 3.48748 2.63042 0 
3049 3.42857 2.68536 0 
3050 3.50191 2.71776 0 
3051 3.48413 2.76364 0 
3052 3.42392 2.8243 0 
3053 3.49189 2.88861 0 
3054 3.44639 2.93781 0 
3055 3.44373 3.00029 0 
3056 3.49457 3.05646 0 
3057 3.45217 3.0767 0 
3058 3.51972 3.15614 0 
3059 3.47264 3.29709 0 
3060 3.49733 3.35211 0 
3061 3.48542 3.37818 0 
3062 3.49665 3.41791 0 
3063 3.44857 3.47498 0 
3064 3.45283 3.50846 0 
3065 3.4556 3.66811 0 
3066 3.43857 3.68157 0 
3067 3.4473 3.71801 0 
3068 3.48486 3.80354 0 
3069 3.45427 3.84413 0 
3070 3.49025 3.86987 0 
3071 3.52843 3.94726 0 
3072 3.48344 4.02491 0 
3073 3.48846 4.07568 0 
3074 3.5037 4.15659 0 
3075 3.49534 4.22765 0 
3076 3.51083 4.25024 0 
3077 3.44501 4.30866 0 
3078 3.46878 4.37139 0 
3079 3.44791 4.38919 0 
3080 3.43224 4.4937 0 
3081 3.42009 4.53505 0 
3082 3.41597 4.56321 0 
3083 3.48881 4.67282 0 
3084 3.49687 4.7136 0 
3085 3.49168 4.75346 0 
3086 3.49527 4.78231 0 
3087 3.4578 4.80869 0 
3088 3.45249 4.86453 0 
3089 3.45462 4.9154 0 
3090 3.49266 5.02204 0 
3091 3.46732 5.03756 0 
3092 3.40586 5.12118 0 
3093 3.50599 5.23088 0 
3094 3.50343 5.26282 0 
3095 3.51024 5.34828 0 
3096 3.51572 5.37577 0 
3097 3.50412 5.41295 0 
3098 3.48154 5.44342 0 
3099 3.48535 5.49533 0 
3100 3.49308 5.60767 0 
3101 3.45679 5.66467 0 
3102 3.44971 5.70374 0 
3103 3.4576 5.73965 0 
3104 3.47719 5.85195 0 
3105 3.40456 5.88867 0 
3106 3.47148 5.96995 0 
3107 3.51047 6.03659 0 
3108 3.45374 6.05161 0 
3109 3.4833 6.12619 0 
3110 3.46125 6.17617 0 
3111 3.50257 6.24687 0 
3112 3.46857 6.25223 0 
3113 3.46758 6.3869 0 
3114 3.4705 6.41673 0 
3115 3.52776 1.43578 0 
3116 3.52187 1.48792 0 
3117 3.52999 1.56877 0 
3118 3.55984 1.61549 0 
3119 3.51059 1.65344 0 
3120 3.55228 1.73455 0 
3121 3.49328 1.78201 0 
3122 3.47331 1.81709 0 
3123 3.47922 1.86907 0 
3124 3.53889 1.9594 0 
3125 3.57318 2.01037 0 
3126 3.50476 2.0414 0 
3127 3.48238 2.07922 0 
3128 3.52836 2.15825 0 
3129 3.52122 2.195 0 
3130 3.5773 2.3077 0 
3131 3.47511 2.33003 0 
3132 3.47308 2.36206 0 
3133 3.4938 2.42164 0 
3134 3.53787 2.52266 0 
3135 3.50599 2.53084 0 
3136 3.52011 2.57452 0 
3137 3.5596 2.675 0 
3138 3.57718 2.71062 0 
3139 3.48819 2.79114 0 
3140 3.46868 2.81997 0 
3141 3.56559 2.90891 0 
3142 3.54762 2.9312 0 
3143 3.54108 2.99604 0 
3144 3.50859 3.04479 0 
3145 3.52963 3.11004 0 
3146 3.55701 3.15764 0 
3147 3.55446 3.23456 0 
3148 3.5144 3.31624 0 
3149 3.53554 3.40755 0 
3150 3.54476 3.45938 0 
3151 3.53187 3.47814 0 
3152 3.54643 3.54676 0 
3153 3.49377 3.64195 0 
3154 3.47184 3.69021 0 
3155 3.51392 3.76745 0 
3156 3.50734 3.79009 0 
3157 3.49916 3.82387 0 
3158 3.49959 3.84826 0 
3159 3.53882 3.91112 0 
3160 3.57066 3.96985 0 
3161 3.56115 4.00739 0 
3162 3.52439 4.14756 0 
3163 3.53937 4.16185 0 
3164 3.53468 4.25924 0 
3165 3.50687 4.29346 0 
3166 3.50457 4.39563 0 
3167 3.47218 4.41145 0 
3168 3.47103 4.44763 0 
3169 3.45803 4.54397 0 
3170 3.49114 4.58671 0 
3171 3.48495 4.60745 0 
3172 3.55068 4.70545 0 
3173 3.52776 4.75641 0 
3174 3.52776 4.81367 0 
3175 3.52776 4.87092 0 
3176 3.52776 4.92817 0 
3177 3.52776 4.98542 0 
3178 3.52776 5.04268 0 
3179 3.52776 5.09993 0 
3180 3.52776 5.15718 0 
3181 3.52776 5.21443 0 
3182 3.52776 5.27169 0 
3183 3.52776 5.32894 0 
3184 3.52776 5.38619 0 
3185 3.52776 5.44344 0 
3186 3.52776 5.5007 0 
3187 3.52776 5.55795 0 
3188 3.52776 5.6152 0 
3189 3.52776 5.67245 0 
3190 3.52776 5.7297 0 
3191 3.52776 5.78696 0 
3192 3.52776 5.84421 0 
3193 3.52776 5.90146 0 
3194 3.52776 5.95871 0 
3195 3.52776 6.01596 0 
3196 3.52776 6.07322 0 
3197 3.52776 6.13047 0 
3198 3.52776 6.18772 0 
3199 3.52776 6.24498 0 
3200 3.52776 6.30223 0 
3201 3.52776 6.35948 0 
3202 3.52776 6.41673 0 
3203 3.58501 1.43578 0 
3204 3.53747 1.48415 0 
3205 3.55442 1.51796 0 
3206 3.6055 1.63018 0 
3207 3.54917 1.65155 0 
3208 3.61706 1.74365 0 
3209 3.59246 1.79283 0 
3210 3.62316 1.8346 0 
3211 3.5238 1.8731 0 
3212 3.6019 1.95769 0 
3213 3.60179 1.97566 0 
3214 3.61349 2.09713 0 
3215 3.57327 2.11644 0 
3216 3.5836 2.19021 0 
3217 3.62482 2.27 0 
3218 3.60536 2.2965 0 
3219 3.58071 2.36425 0 
3220 3.57524 2.41374 0 
3221 3.62447 2.49368 0 
3222 3.58257 2.51745 0 
3223 3.56164 2.55919 0 
3224 3.60402 2.62401 0 
3225 3.60435 2.70487 0 
3226 3.61392 2.73601 0 
3227 3.58794 2.79009 0 
3228 3.57667 2.82768 0 
3229 3.61033 2.90593 0 
3230 3.61066 3.01785 0 
3231 3.59126 3.03823 0 
3232 3.60964 3.08645 0 
3233 3.61597 3.1213 0 
3234 3.59336 3.14173 0 
3235 3.58483 3.29018 0 
3236 3.54441 3.31713 0 
3237 3.55121 3.34901 0 
3238 3.56765 3.39382 0 
3239 3.60543 3.49963 0 
3240 3.56142 3.51368 0 
3241 3.61762 3.61909 0 
3242 3.56795 3.71464 0 
3243 3.55837 3.74383 0 
3244 3.54405 3.77709 0 
3245 3.64392 3.83697 0 
3246 3.59484 3.87414 0 
3247 3.58843 3.93839 0 
3248 3.60702 3.9859 0 
3249 3.58032 4.05954 0 
3250 3.57035 4.12877 0 
3251 3.55838 4.15188 0 
3252 3.57022 4.22661 0 
3253 3.56191 4.28599 0 
3254 3.552 4.30162 0 
3255 3.57774 4.47977 0 
3256 3.57531 4.51383 0 
3257 3.49567 4.53091 0 
3258 3.59002 4.61572 0 
3259 3.57416 4.64215 0 
3260 3.58898 4.69722 0 
3261 3.58501 4.75641 0 
3262 3.64226 1.43578 0 
3263 3.64226 1.49303 0 
3264 3.64226 1.55028 0 
3265 3.64226 1.60754 0 
3266 3.64226 1.66479 0 
3267 3.64226 1.72204 0 
3268 3.64226 1.77929 0 
3269 3.64226 1.83655 0 
3270 3.64226 1.8938 0 
3271 3.64226 1.95105 0 
3272 3.64226 2.0083 0 
3273 3.64226 2.06556 0 
3274 3.64226 2.12281 0 
3275 3.64226 2.18006 0 
3276 3.64226 2.23731 0 
3277 3.64226 2.29456 0 
3278 3.64226 2.35182 0 
3279 3.64226 2.40907 0 
3280 3.64226 2.46632 0 
3281 3.64226 2.52357 0 
3282 3.64226 2.58083 0 
3283 3.64226 2.63808 0 
3284 3.64226 2.69533 0 
3285 3.64226 2.75258 0 
3286 3.64226 2.80984 0 
3287 3.64226 2.86709 0 
3288 3.64226 2.92434 0 
3289 3.64226 2.98159 0 
3290 3.64226 3.03885 0 
3291 3.64226 3.0961 0 
3292 3.64226 3.15335 0 
3293 3.64226 3.2106 0 
3294 3.64226 3.26785 0 
3295 3.64226 3.32511 0 
3296 3.64226 3.38236 0 
3297 3.64226 3.43961 0 
3298 3.64226 3.49686 0 
3299 3.64226 3.55412 0 
3300 3.64226 3.61137 0 
3301 3.64226 3.66862 0 
3302 3.64226 3.72587 0 
3303 3.64226 3.78312 0 
3304 3.68331 3.82089 0 
3305 3.65264 3.86557 0 
3306 3.60867 3.95328 0 
3307 3.62165 3.98733 0 
3308 3.63551 4.02151 0 
3309 3.61764 4.06056 0 
3310 3.63379 4.22162 0 
3311 3.62877 4.25204 0 
3312 3.59996 4.27019 0 
3313 3.604 4.35616 0 
3314 3.61723 4.40976 0 
3315 3.62396 4.52075 0 
3316 3.61443 4.56258 0 
3317 3.61294 4.59062 0 
3318 3.64331 4.65059 0 
3319 3.62376 4.72109 0 
3320 3.64226 4.75641 0 
3321 3.69951 3.78312 0 
3322 3.74121 3.82734 0 
3323 3.72389 3.84108 0 
3324 3.64885 3.94578 0 
3325 3.73675 4.01637 0 
3326 3.74735 4.05005 0 
3327 3.64834 4.07703 0 
3328 3.67615 4.14088 0 
3329 3.67724 4.2218 0 
3330 3.70676 4.34059 0 
3331 3.63132 4.3488 0 
3332 3.64492 4.42098 0 
3333 3.65319 4.4581 0 
3334 3.70117 4.57196 0 
3335 3.69588 4.59336 0 
3336 3.65074 4.61682 0 
3337 3.71003 4.67401 0 
3338 3.69951 4.75641 0 
3339 3.75676 3.78312 0 
3340 3.79439 3.84216 0 
3341 3.7463 3.85284 0 
3342 3.74437 3.89855 0 
3343 3.76961 4.00232 0 
3344 3.77313 4.06688 0 
3345 3.68641 4.09648 0 
3346 3.72021 4.16685 0 
3347 3.75873 4.26387 0 
3348 3.7343 4.28727 0 
3349 3.75441 4.40671 0 
3350 3.74838 4.43966 0 
3351 3.78481 4.49007 0 
3352 3.71579 4.51714 0 
3353 3.78188 4.62632 0 
3354 3.77297 4.6459 0 
3355 3.73754 4.66801 0 
3356 3.75676 4.75641 0 
3357 3.81402 3.78312 0 
3358 3.81474 3.80327 0 
3359 3.85736 3.9192 0 
3360 3.82475 3.98491 0 
3361 3.81288 4.01466 0 
3362 3.79289 4.02429 0 
3363 3.83884 4.13189 0 
3364 3.75985 4.1601 0 
3365 3.76998 4.20382 0 
3366 3.85243 4.32942 0 
3367 3.86273 4.36834 0 
3368 3.81151 4.42702 0 
3369 3.7942 4.45079 0 
3370 3.84558 4.53799 0 
3371 3.8027 4.59162 0 
3372 3.80908 4.62981 0 
3373 3.87105 4.72994 0 
3374 3.81402 4.75641 0 
3375 3.87127 3.78312 0 
3376 3.89619 3.81204 0 
3377 3.88867 3.8622 0 
3378 3.88731 3.94184 0 
3379 3.86161 3.99534 0 
3380 3.83433 4.04404 0 
3381 3.87544 4.13619 0 
3382 3.81576 4.17093 0 
3383 3.89471 4.26568 0 
3384 3.87715 4.29431 0 
3385 3.90261 4.35816 0 
3386 3.88992 4.40671 0 
3387 3.90056 4.50686 0 
3388 3.86515 4.5206 0 
3389 3.87844 4.57814 0 
3390 3.88519 4.67063 0 
3391 3.9135 4.73116 0 
3392 3.87127 4.75641 0 
3393 3.92852 3.78312 0 
3394 3.93308 3.81731 0 
3395 3.99233 3.88978 0 
3396 3.93517 3.93042 0 
3397 3.87781 4.02402 0 
3398 3.87777 4.04939 0 
3399 3.94521 4.15534 0 
3400 3.9234 4.17272 0 
3401 3.93767 4.20084 0 
3402 3.94919 4.35958 0 
3403 3.93319 4.37474 0 
3404 3.91595 4.38912 0 
3405 3.93014 4.48655 0 
3406 3.93123 4.59678 0 
3407 3.93385 4.63981 0 
3408 3.94322 4.71686 0 
3409 3.93928 4.73682 0 
3410 3.92852 4.75641 0 
3411 3.98577 3.78312 0 
3412 4.06552 3.83063 0 
3413 4.02806 3.86297 0 
3414 4.02165 3.95873 0 
3415 3.96541 3.98901 0 
3416 3.91169 4.05453 0 
3417 3.95146 4.08634 0 
3418 4.01329 4.19863 0 
3419 4.02612 4.22701 0 
3420 4.02708 4.25585 0 
3421 4.00443 4.4256 0 
3422 3.97574 4.46792 0 
3423 3.96112 4.49395 0 
3424 3.98262 4.51252 0 
3425 3.99538 4.55464 0 
3426 4.04405 4.65923 0 
3427 4.02236 4.72306 0 
3428 3.98577 4.75641 0 
3429 4.04303 3.78312 0 
3430 4.0973 3.82068 0 
3431 4.06601 3.85391 0 
3432 4.04731 3.98767 0 
3433 4.04662 4.00868 0 
3434 4.0512 4.03049 0 
3435 4.01862 4.07806 0 
3436 4.05873 4.20976 0 
3437 4.0466 4.22666 0 
3438 4.06242 4.30369 0 
3439 4.05641 4.4102 0 
3440 4.10895 4.43643 0 
3441 4.06332 4.48766 0 
3442 4.05191 4.51318 0 
3443 4.05118 4.59092 0 
3444 4.09953 4.69558 0 
3445 4.06133 4.69516 0 
3446 4.04303 4.75641 0 
3447 4.10028 3.78312 0 
3448 4.13854 3.82176 0 
3449 4.09765 3.90466 0 
3450 4.09469 3.938 0 
3451 4.08437 3.98442 0 
3452 4.08802 4.01468 0 
3453 4.07917 4.13726 0 
3454 4.08743 4.17853 0 
3455 4.08348 4.25836 0 
3456 4.10705 4.34689 0 
3457 4.09757 4.38516 0 
3458 4.13654 4.42769 0 
3459 4.13523 4.48169 0 
3460 4.10535 4.53203 0 
3461 4.07966 4.55538 0 
3462 4.13285 4.69615 0 
3463 4.10658 4.73872 0 
3464 4.10028 4.75641 0 
3465 4.15753 3.78312 0 
3466 4.16467 3.82148 0 
3467 4.12148 3.90735 0 
3468 4.14783 3.94028 0 
3469 4.11081 3.97833 0 
3470 4.1715 4.05692 0 
3471 4.11348 4.11415 0 
3472 4.18519 4.23372 0 
3473 4.15936 4.25083 0 
3474 4.12789 4.33127 0 
3475 4.14843 4.35715 0 
3476 4.16531 4.43156 0 
3477 4.17151 4.51317 0 
3478 4.16373 4.53415 0 
3479 4.18335 4.65434 0 
3480 4.17313 4.69411 0 
3481 4.17643 4.72832 0 
3482 4.15753 4.75641 0 
3483 4.21478 3.78312 0 
3484 4.22716 3.85429 0 
3485 4.16009 3.89092 0 
3486 4.26111 3.94249 0 
3487 4.16952 3.99496 0 
3488 4.23195 4.05494 0 
3489 4.2431 4.0859 0 
3490 4.20778 4.17458 0 
3491 4.2227 4.26082 0 
3492 4.20806 4.27515 0 
3493 4.17679 4.35053 0 
3494 4.18568 4.41025 0 
3495 4.2049 4.47434 0 
3496 4.20688 4.58969 0 
3497 4.21042 4.62784 0 
3498 4.23144 4.67428 0 
3499 4.19422 4.73393 0 
3500 4.21478 4.75641 0 
3501 4.27204 3.78312 0 
3502 4.24176 3.8244 0 
3503 4.26953 3.90124 0 
3504 4.30581 3.93428 0 
3505 4.24378 4.00457 0 
3506 4.27997 4.05785 0 
3507 4.28845 4.12232 0 
3508 4.24059 4.2145 0 
3509 4.24353 4.24082 0 
3510 4.23764 4.27541 0 
3511 4.23706 4.3022 0 
3512 4.21675 4.43862 0 
3513 4.22785 4.476 0 
3514 4.2659 4.52588 0 
3515 4.26683 4.56047 0 
3516 4.24403 4.66941 0 
3517 4.28368 4.68969 0 
3518 4.27204 4.75641 0 
3519 4.32929 3.78312 0 
3520 4.30079 3.81258 0 
3521 4.28229 3.87766 0 
3522 4.33248 3.93069 0 
3523 4.31802 4.0266 0 
3524 4.32419 4.05118 0 
3525 4.30789 4.07781 0 
3526 4.34637 4.17854 0 
3527 4.28761 4.24538 0 
3528 4.35814 4.32839 0 
3529 4.26354 4.33859 0 
3530 4.25697 4.43527 0 
3531 4.32896 4.52414 0 
3532 4.32309 4.55061 0 
3533 4.29784 4.60556 0 
3534 4.29186 4.64536 0 
3535 4.29767 4.6792 0 
3536 4.32929 4.75641 0 
3537 4.38654 3.78312 0 
3538 4.33913 3.81566 0 
3539 4.40213 3.86944 0 
3540 4.36248 3.92945 0 
3541 4.35368 4.04036 0 
3542 4.39219 4.08596 0 
3543 4.41526 4.1541 0 
3544 4.38845 4.20164 0 
3545 4.39074 4.24009 0 
3546 4.41499 4.3421 0 
3547 4.3339 4.37017 0 
3548 4.38716 4.44882 0 
3549 4.3298 4.47684 0 
3550 4.36537 4.52978 0 
3551 4.37465 4.61388 0 
3552 4.43291 4.67227 0 
3553 4.3606 4.7104 0 
3554 4.38654 4.75641 0 
3555 4.44379 3.78312 0 
3556 4.42634 3.83962 0 
3557 4.44847 3.87979 0 
3558 4.43364 3.89457 0 
3559 4.38654 4.04492 0 
3560 4.43326 4.08233 0 
3561 4.42814 4.09641 0 
3562 4.46239 4.16185 0 
3563 4.42582 4.23619 0 
3564 4.4504 4.35983 0 
3565 4.46972 4.39683 0 
3566 4.44546 4.42334 0 
3567 4.40221 4.50168 0 
3568 4.44883 4.56283 0 
3569 4.40855 4.61095 0 
3570 4.45194 4.66086 0 
3571 4.43417 4.71382 0 
3572 4.44379 4.75641 0 
3573 4.50104 3.78312 0 
3574 4.45574 3.81804 0 
3575 4.51253 3.91924 0 
3576 4.49293 3.94195 0 
3577 4.48497 3.96276 0 
3578 4.49686 4.05353 0 
3579 4.49069 4.12602 0 
3580 4.55515 4.22808 0 
3581 4.47137 4.21978 0 
3582 4.4944 4.38199 0 
3583 4.48985 4.39534 0 
3584 4.47598 4.41369 0 
3585 4.46309 4.48876 0 
3586 4.44071 4.5089 0 
3587 4.49011 4.57138 0 
3588 4.50923 4.63065 0 
3589 4.45911 4.71181 0 
3590 4.50104 4.75641 0 
3591 4.5583 3.78312 0 
3592 4.55194 3.87933 0 
3593 4.55426 3.93295 0 
3594 4.58178 3.99829 0 
3595 4.56913 4.02224 0 
3596 4.53986 4.03392 0 
3597 4.58628 4.18431 0 
3598 4.60595 4.23712 0 
3599 4.55125 4.27753 0 
3600 4.5425 4.29657 0 
3601 4.54718 4.38579 0 
3602 4.51776 4.42209 0 
3603 4.49789 4.49979 0 
3604 4.50992 4.51875 0 
3605 4.56667 4.58412 0 
3606 4.53718 4.59479 0 
3607 4.52536 4.67233 0 
3608 4.5583 4.75641 0 
3609 4.61555 3.78312 0 
3610 4.5943 3.86119 0 
3611 4.58953 3.95005 0 
3612 4.5965 3.96975 0 
3613 4.64404 4.02042 0 
3614 4.60464 4.08552 0 
3615 4.64326 4.19289 0 
3616 4.64668 4.21685 0 
3617 4.63329 4.27688 0 
3618 4.59318 4.30629 0 
3619 4.64811 4.36834 0 
3620 4.63332 4.39411 0 
3621 4.53695 4.48541 0 
3622 4.59677 4.5225 0 
3623 4.5867 4.53503 0 
3624 4.62401 4.62772 0 
3625 4.56239 4.64022 0 
3626 4.61555 4.75641 0 
3627 4.6728 3.78312 0 
3628 4.6728 3.84038 0 
3629 4.6728 3.89763 0 
3630 4.6728 3.95488 0 
3631 4.6728 4.01214 0 
3632 4.6728 4.06939 0 
3633 4.6728 4.12664 0 
3634 4.6728 4.18389 0 
3635 4.6728 4.24114 0 
3636 4.6728 4.2984 0 
3637 4.6728 4.35565 0 
3638 4.6728 4.4129 0 
3639 4.6728 4.47015 0 
3640 4.6728 4.5274 0 
3641 4.6728 4.58466 0 
3642 4.6728 4.64191 0 
3643 4.6728 4.69916 0 
3644 4.6728 4.75641 0 
