0 -0.537159 3.72587 0 
1 -0.537159 3.78312 0 
2 -0.537159 3.84038 0 
3 -0.537159 3.89763 0 
4 -0.537159 3.95488 0 
5 -0.537159 4.01214 0 
6 -0.537159 4.06939 0 
7 -0.537159 4.12664 0 
8 -0.537159 4.18389 0 
9 -0.537159 4.24114 0 
10 -0.537159 4.2984 0 
11 -0.537159 4.35565 0 
12 -0.537159 4.4129 0 
13 -0.537159 4.47015 0 
14 -0.537159 4.5274 0 
15 -0.479907 3.72587 0 
16 -0.420907 3.82285 0 
17 -0.416097 3.86291 0 
18 -0.411822 3.88408 0 
19 -0.416374 3.90805 0 
20 -0.418838 3.9376 0 
21 -0.414754 3.96965 0 
22 -0.40467 4.00211 0 
23 -0.390153 4.04077 0 
24 -0.364689 4.08972 0 
25 -0.339746 4.15214 0 
26 -0.355773 4.23142 0 
27 -0.395854 4.32465 0 
28 -0.444798 4.41715 0 
29 -0.479907 4.5274 0 
30 -0.422654 3.72587 0 
31 -0.371277 3.77157 0 
32 -0.323102 3.81975 0 
33 -0.340152 3.87256 0 
34 -0.349745 3.91326 0 
35 -0.347855 3.95272 0 
36 -0.337704 3.99094 0 
37 -0.319502 4.02647 0 
38 -0.296043 4.07112 0 
39 -0.269644 4.12972 0 
40 -0.252046 4.21473 0 
41 -0.250233 4.30813 0 
42 -0.256953 4.38245 0 
43 -0.349907 4.43487 0 
44 -0.422654 4.5274 0 
45 -0.365402 3.72587 0 
46 -0.339163 3.75571 0 
47 -0.304073 3.80756 0 
48 -0.299255 3.86579 0 
49 -0.296924 3.91985 0 
50 -0.288227 3.96866 0 
51 -0.272617 4.01498 0 
52 -0.249432 4.06044 0 
53 -0.220821 4.1095 0 
54 -0.194758 4.16974 0 
55 -0.173267 4.24732 0 
56 -0.163891 4.33009 0 
57 -0.189502 4.38016 0 
58 -0.265617 4.47135 0 
59 -0.365402 4.5274 0 
60 -0.30815 3.72587 0 
61 -0.298521 3.75625 0 
62 -0.272685 3.81225 0 
63 -0.262397 3.87438 0 
64 -0.251292 3.93204 0 
65 -0.236831 3.98595 0 
66 -0.217445 4.03768 0 
67 -0.192042 4.0888 0 
68 -0.162572 4.14187 0 
69 -0.137257 4.19906 0 
70 -0.119816 4.2645 0 
71 -0.121762 4.34285 0 
72 -0.16913 4.41662 0 
73 -0.234873 4.48857 0 
74 -0.30815 4.5274 0 
75 -0.250897 3.72587 0 
76 -0.252722 3.75636 0 
77 -0.239564 3.82257 0 
78 -0.224362 3.88604 0 
79 -0.208461 3.94614 0 
80 -0.190558 4.00309 0 
81 -0.169354 4.05799 0 
82 -0.143708 4.11222 0 
83 -0.115305 4.16766 0 
84 -0.092813 4.22519 0 
85 -0.0802511 4.28797 0 
86 -0.0882652 4.35675 0 
87 -0.143645 4.43446 0 
88 -0.205185 4.49807 0 
89 -0.250897 4.5274 0 
90 -0.193645 3.72587 0 
91 -0.228644 3.75063 0 
92 -0.205943 3.82891 0 
93 -0.185841 3.89752 0 
94 -0.166679 3.96029 0 
95 -0.147084 4.01922 0 
96 -0.125909 4.0758 0 
97 -0.102239 4.13138 0 
98 -0.0760941 4.18711 0 
99 -0.0557442 4.24431 0 
100 -0.0465591 4.30636 0 
101 -0.0602112 4.37549 0 
102 -0.110206 4.44559 0 
103 -0.167146 4.50248 0 
104 -0.193645 4.5274 0 
105 -0.136393 3.72587 0 
106 -0.195337 3.75258 0 
107 -0.169955 3.83762 0 
108 -0.145192 3.91025 0 
109 -0.123957 3.97463 0 
110 -0.10413 4.0343 0 
111 -0.0844223 4.09128 0 
112 -0.0641 4.14706 0 
113 -0.0429579 4.20278 0 
114 -0.0238693 4.25925 0 
115 -0.017048 4.32175 0 
116 -0.032036 4.38944 0 
117 -0.0735454 4.45283 0 
118 -0.121644 4.50425 0 
119 -0.136393 4.5274 0 
120 -0.0791406 3.72587 0 
121 -0.153845 3.76466 0 
122 -0.126942 3.8535 0 
123 -0.0998655 3.92583 0 
124 -0.0783404 3.98949 0 
125 -0.0596612 4.04835 0 
126 -0.0424462 4.10458 0 
127 -0.0261229 4.15964 0 
128 -0.0108532 4.21463 0 
129 0.00235067 4.27053 0 
130 0.00827256 4.33076 0 
131 -0.00275936 4.3953 0 
132 -0.0316131 4.45522 0 
133 -0.0691479 4.50316 0 
134 -0.0791406 4.5274 0 
135 -0.0218883 3.72587 0 
136 -0.10322 3.7959 0 
137 -0.074558 3.8768 0 
138 -0.0482936 3.94389 0 
139 -0.0285389 4.00444 0 
140 -0.0122663 4.0611 0 
141 0.00183767 4.11558 0 
142 0.0141209 4.16909 0 
143 0.0242508 4.22254 0 
144 0.0309641 4.27679 0 
145 0.0316052 4.33273 0 
146 0.0234312 4.38953 0 
147 0.00759428 4.44343 0 
148 -0.0110612 4.48968 0 
149 -0.0218883 4.5274 0 
150 0.0353641 3.72587 0 
151 -0.0373822 3.83717 0 
152 -0.0104188 3.90258 0 
153 0.00979763 3.96243 0 
154 0.0257089 4.01843 0 
155 0.0386381 4.07195 0 
156 0.0493609 4.12407 0 
157 0.0580389 4.17545 0 
158 0.0643359 4.22677 0 
159 0.0674294 4.27847 0 
160 0.0662387 4.33081 0 
161 0.060511 4.3831 0 
162 0.0527955 4.4336 0 
163 0.0501062 4.47991 0 
164 0.0353641 4.5274 0 
165 0.0926164 3.72587 0 
166 0.0392276 3.873 0 
167 0.057215 3.92617 0 
168 0.0716999 3.97877 0 
169 0.0833342 4.03015 0 
170 0.0927469 4.0804 0 
171 0.100279 4.12988 0 
172 0.105903 4.17893 0 
173 0.109366 4.22788 0 
174 0.110149 4.27698 0 
175 0.107839 4.32639 0 
176 0.102719 4.37618 0 
177 0.0969505 4.42663 0 
178 0.0963846 4.47935 0 
179 0.0926164 4.5274 0 
180 0.149869 3.72587 0 
181 0.114291 3.89842 0 
182 0.125657 3.94401 0 
183 0.1353 3.99127 0 
184 0.143189 4.03877 0 
185 0.149403 4.08604 0 
186 0.154153 4.13307 0 
187 0.15735 4.17984 0 
188 0.15873 4.22643 0 
189 0.157884 4.27291 0 
190 0.154372 4.31946 0 
191 0.147775 4.36649 0 
192 0.137245 4.41552 0 
193 0.12296 4.47117 0 
194 0.149869 4.5274 0 
195 0.207121 3.72587 0 
196 0.183357 3.91288 0 
197 0.192564 3.95536 0 
198 0.199239 3.99926 0 
199 0.204147 4.04394 0 
200 0.207825 4.08889 0 
201 0.210408 4.13388 0 
202 0.211796 4.17864 0 
203 0.211781 4.22304 0 
204 0.209998 4.26693 0 
205 0.205962 4.31025 0 
206 0.198832 4.35307 0 
207 0.186622 4.39602 0 
208 0.165004 4.44333 0 
209 0.207121 4.5274 0 
210 0.264373 3.72587 0 
211 0.251243 3.92159 0 
212 0.258767 3.96153 0 
213 0.262955 4.00306 0 
214 0.265583 4.04584 0 
215 0.267321 4.08921 0 
216 0.268318 4.1327 0 
217 0.268531 4.17589 0 
218 0.267772 4.21845 0 
219 0.265778 4.26004 0 
220 0.262187 4.30027 0 
221 0.256403 4.33848 0 
222 0.247262 4.37352 0 
223 0.233057 4.40406 0 
224 0.264373 4.5274 0 
225 0.321626 3.72587 0 
226 0.321316 3.92676 0 
227 0.324679 3.96322 0 
228 0.326156 4.00312 0 
229 0.326942 4.0449 0 
230 0.327298 4.08743 0 
231 0.327285 4.13003 0 
232 0.326824 4.17219 0 
233 0.325825 4.21347 0 
234 0.324152 4.25339 0 
235 0.321636 4.29136 0 
236 0.318064 4.32636 0 
237 0.313281 4.35652 0 
238 0.307762 4.37825 0 
239 0.321626 4.5274 0 
240 0.378878 3.72587 0 
241 0.389846 3.92454 0 
242 0.388703 3.95981 0 
243 0.388106 3.99974 0 
244 0.387675 4.04158 0 
245 0.387232 4.08404 0 
246 0.386674 4.12637 0 
247 0.385966 4.16807 0 
248 0.38507 4.20871 0 
249 0.383965 4.24781 0 
250 0.382634 4.28472 0 
251 0.381061 4.31846 0 
252 0.379332 4.3475 0 
253 0.378078 4.36947 0 
254 0.378878 4.5274 0 
255 0.43613 3.72587 0 
256 0.45101 3.91076 0 
257 0.44924 3.95128 0 
258 0.448225 3.99356 0 
259 0.447476 4.03656 0 
260 0.446775 4.07958 0 
261 0.446087 4.12216 0 
262 0.445405 4.16393 0 
263 0.444792 4.20454 0 
264 0.444311 4.2436 0 
265 0.444032 4.28056 0 
266 0.443975 4.31467 0 
267 0.443948 4.34498 0 
268 0.443188 4.37077 0 
269 0.43613 4.5274 0 
270 0.493383 3.72587 0 
271 0.508171 3.89535 0 
272 0.507353 3.94113 0 
273 0.506888 3.9862 0 
274 0.506396 4.03073 0 
275 0.50585 4.07464 0 
276 0.505284 4.11779 0 
277 0.504808 4.16 0 
278 0.504529 4.20106 0 
279 0.504605 4.24072 0 
280 0.50522 4.27855 0 
281 0.506497 4.31398 0 
282 0.508297 4.34625 0 
283 0.509351 4.37452 0 
284 0.493383 4.5274 0 
285 0.550635 3.72587 0 
286 0.562516 3.88213 0 
287 0.564122 3.93182 0 
288 0.5647 3.97907 0 
289 0.564767 4.02491 0 
290 0.564555 4.0697 0 
291 0.564243 4.11352 0 
292 0.564001 4.15639 0 
293 0.564013 4.19822 0 
294 0.564502 4.23886 0 
295 0.565775 4.27812 0 
296 0.568253 4.31558 0 
297 0.572526 4.35049 0 
298 0.579339 4.38092 0 
299 0.550635 4.5274 0 
300 0.607887 3.72587 0 
301 0.619166 3.87448 0 
302 0.621382 3.92478 0 
303 0.622485 3.97294 0 
304 0.622984 4.01959 0 
305 0.623099 4.06505 0 
306 0.623043 4.10952 0 
307 0.622997 4.15309 0 
308 0.623172 4.19578 0 
309 0.623823 4.23762 0 
310 0.625327 4.27863 0 
311 0.628272 4.31878 0 
312 0.633746 4.35797 0 
313 0.644028 4.39578 0 
314 0.607887 4.5274 0 
315 0.665139 3.72587 0 
316 0.677812 3.87007 0 
317 0.679265 3.91963 0 
318 0.680495 3.96793 0 
319 0.681273 4.01494 0 
320 0.681656 4.06083 0 
321 0.6818 4.1058 0 
322 0.681878 4.14998 0 
323 0.682084 4.19347 0 
324 0.682659 4.23645 0 
325 0.68393 4.27912 0 
326 0.686364 4.32191 0 
327 0.690753 4.3656 0 
328 0.698326 4.4119 0 
329 0.665139 4.5274 0 
330 0.722392 3.72587 0 
331 0.735278 3.8659 0 
332 0.737082 3.91556 0 
333 0.738708 3.96385 0 
334 0.73978 4.01094 0 
335 0.740389 4.05702 0 
336 0.740664 4.10232 0 
337 0.740807 4.14693 0 
338 0.740962 4.19105 0 
339 0.741319 4.23487 0 
340 0.742123 4.27876 0 
341 0.743582 4.32332 0 
342 0.746031 4.36971 0 
343 0.749825 4.42019 0 
344 0.722392 4.5274 0 
345 0.779644 3.72587 0 
346 0.791299 3.86238 0 
347 0.795075 3.9125 0 
348 0.797325 3.96058 0 
349 0.798662 4.00749 0 
350 0.799398 4.05357 0 
351 0.799766 4.09899 0 
352 0.799911 4.14389 0 
353 0.800016 4.18837 0 
354 0.800204 4.23269 0 
355 0.800566 4.27716 0 
356 0.801148 4.32235 0 
357 0.801846 4.36933 0 
358 0.80223 4.42002 0 
359 0.779644 4.5274 0 
360 0.836896 3.72587 0 
361 0.850923 3.86255 0 
362 0.854529 3.91081 0 
363 0.856725 3.958 0 
364 0.858044 4.00446 0 
365 0.858794 4.05036 0 
366 0.859174 4.09578 0 
367 0.85934 4.14079 0 
368 0.859427 4.18546 0 
369 0.859526 4.22997 0 
370 0.859699 4.2745 0 
371 0.859857 4.31941 0 
372 0.859699 4.36526 0 
373 0.858316 4.41312 0 
374 0.836896 4.5274 0 
375 0.894149 3.72587 0 
376 0.912533 3.86368 0 
377 0.915006 3.9096 0 
378 0.916735 3.95572 0 
379 0.917851 4.00165 0 
380 0.918516 4.04731 0 
381 0.918867 4.09266 0 
382 0.919074 4.1377 0 
383 0.91922 4.18246 0 
384 0.919412 4.22699 0 
385 0.919665 4.27132 0 
386 0.919932 4.31555 0 
387 0.919964 4.35966 0 
388 0.919126 4.40334 0 
389 0.894149 4.5274 0 
390 0.951401 3.72587 0 
391 0.973668 3.86293 0 
392 0.975605 3.90789 0 
393 0.977016 3.95333 0 
394 0.977944 3.99887 0 
395 0.9785 4.04433 0 
396 0.97883 4.08963 0 
397 0.979077 4.13471 0 
398 0.979352 4.17952 0 
399 0.979731 4.22406 0 
400 0.980279 4.26823 0 
401 0.980962 4.31194 0 
402 0.981696 4.35486 0 
403 0.982278 4.39607 0 
404 0.951401 4.5274 0 
405 1.00865 3.72587 0 
406 1.03424 3.86083 0 
407 1.03615 3.90559 0 
408 1.0374 3.95072 0 
409 1.03816 3.99604 0 
410 1.03861 4.04141 0 
411 1.03894 4.08671 0 
412 1.03925 4.13186 0 
413 1.03968 4.17681 0 
414 1.04033 4.22143 0 
415 1.04122 4.26562 0 
416 1.0424 4.30924 0 
417 1.04387 4.35189 0 
418 1.0456 4.39278 0 
419 1.00865 4.5274 0 
420 1.06591 3.72587 0 
421 1.09468 3.85807 0 
422 1.09675 3.90294 0 
423 1.09788 3.94793 0 
424 1.09848 3.99315 0 
425 1.09881 4.03852 0 
426 1.09909 4.08392 0 
427 1.0995 4.12923 0 
428 1.10012 4.17437 0 
429 1.10105 4.21921 0 
430 1.10232 4.26364 0 
431 1.10394 4.30755 0 
432 1.10598 4.35067 0 
433 1.10865 4.39254 0 
434 1.06591 4.5274 0 
435 1.12316 3.72587 0 
436 1.15595 3.85601 0 
437 1.15768 3.90025 0 
438 1.15848 3.94502 0 
439 1.15881 3.99021 0 
440 1.15898 4.03569 0 
441 1.15923 4.08128 0 
442 1.15971 4.12684 0 
443 1.16054 4.17227 0 
444 1.16178 4.21745 0 
445 1.16342 4.26225 0 
446 1.16546 4.30664 0 
447 1.16775 4.35059 0 
448 1.17026 4.39438 0 
449 1.12316 4.5274 0 
450 1.18041 3.72587 0 
451 1.21788 3.85376 0 
452 1.21888 3.89731 0 
453 1.21912 3.94194 0 
454 1.21906 3.98724 0 
455 1.21903 4.03294 0 
456 1.21923 4.07882 0 
457 1.2198 4.12472 0 
458 1.22086 4.17052 0 
459 1.22245 4.21611 0 
460 1.22461 4.26136 0 
461 1.2272 4.30619 0 
462 1.22988 4.35059 0 
463 1.23185 4.39499 0 
464 1.18041 4.5274 0 
465 1.23766 3.72587 0 
466 1.27989 3.85031 0 
467 1.2801 3.89383 0 
468 1.27967 3.93863 0 
469 1.27915 3.98424 0 
470 1.27888 4.03029 0 
471 1.27902 4.07656 0 
472 1.27968 4.12289 0 
473 1.28098 4.16914 0 
474 1.28299 4.21523 0 
475 1.28579 4.26099 0 
476 1.28931 4.30626 0 
477 1.29316 4.35072 0 
478 1.29628 4.39404 0 
479 1.23766 4.5274 0 
480 1.29491 3.72587 0 
481 1.34232 3.84607 0 
482 1.34132 3.88989 0 
483 1.34001 3.93518 0 
484 1.33899 3.9813 0 
485 1.33846 4.02784 0 
486 1.33852 4.07458 0 
487 1.33926 4.12136 0 
488 1.34079 4.16813 0 
489 1.34324 4.2148 0 
490 1.3468 4.26122 0 
491 1.35154 4.30715 0 
492 1.35735 4.35203 0 
493 1.36348 4.39482 0 
494 1.29491 4.5274 0 
495 1.35217 3.72587 0 
496 1.40554 3.84136 0 
497 1.40247 3.88556 0 
498 1.40006 3.9317 0 
499 1.3985 3.97855 0 
500 1.39771 4.02567 0 
501 1.39767 4.07289 0 
502 1.39843 4.12016 0 
503 1.40012 4.16747 0 
504 1.40296 4.2148 0 
505 1.40727 4.26208 0 
506 1.41341 4.30908 0 
507 1.4217 4.35516 0 
508 1.43214 4.39916 0 
509 1.35217 4.5274 0 
510 1.40942 3.72587 0 
511 1.46836 3.83472 0 
512 1.46294 3.88084 0 
513 1.45961 3.92845 0 
514 1.45763 3.9762 0 
515 1.45662 4.02388 0 
516 1.45645 4.07154 0 
517 1.45714 4.11922 0 
518 1.45885 4.16708 0 
519 1.46188 4.21513 0 
520 1.46674 4.26344 0 
521 1.47416 4.3119 0 
522 1.48508 4.36001 0 
523 1.50035 4.40631 0 
524 1.40942 4.5274 0 
525 1.46667 3.72587 0 
526 1.52808 3.82455 0 
527 1.52232 3.87639 0 
528 1.51879 3.92594 0 
529 1.51654 3.97447 0 
530 1.51528 4.02253 0 
531 1.51487 4.07049 0 
532 1.51532 4.11852 0 
533 1.51681 4.16684 0 
534 1.51969 4.2156 0 
535 1.52464 4.26501 0 
536 1.53289 4.31534 0 
537 1.54619 4.36651 0 
538 1.56309 4.41563 0 
539 1.46667 4.5274 0 
540 1.52392 3.72587 0 
541 1.58937 3.82046 0 
542 1.58252 3.87465 0 
543 1.57825 3.92482 0 
544 1.57548 3.97342 0 
545 1.57373 4.02156 0 
546 1.57288 4.06965 0 
547 1.5729 4.11793 0 
548 1.57388 4.16662 0 
549 1.57613 4.21595 0 
550 1.58033 4.26635 0 
551 1.58834 4.31868 0 
552 1.60649 4.37556 0 
553 1.60649 4.42979 0 
554 1.52392 4.5274 0 
555 1.58118 1.43578 0 
556 1.58118 1.49303 0 
557 1.58118 1.55028 0 
558 1.58118 1.60754 0 
559 1.58118 1.66479 0 
560 1.58118 1.72204 0 
561 1.58118 1.77929 0 
562 1.58118 1.83655 0 
563 1.58118 1.8938 0 
564 1.58118 1.95105 0 
565 1.58118 2.0083 0 
566 1.58118 2.06556 0 
567 1.58118 2.12281 0 
568 1.58118 2.18006 0 
569 1.58118 2.23731 0 
570 1.58118 2.29456 0 
571 1.58118 2.35182 0 
572 1.58118 2.40907 0 
573 1.58118 2.46632 0 
574 1.58118 2.52357 0 
575 1.58118 2.58083 0 
576 1.58118 2.63808 0 
577 1.58118 2.69533 0 
578 1.58118 2.75258 0 
579 1.58118 2.80984 0 
580 1.58118 2.86709 0 
581 1.58118 2.92434 0 
582 1.58118 2.98159 0 
583 1.58118 3.03885 0 
584 1.58118 3.0961 0 
585 1.58118 3.15335 0 
586 1.58118 3.2106 0 
587 1.58118 3.26785 0 
588 1.58118 3.32511 0 
589 1.58118 3.38236 0 
590 1.58118 3.43961 0 
591 1.58118 3.49686 0 
592 1.58118 3.55412 0 
593 1.58118 3.61137 0 
594 1.58118 3.66862 0 
595 1.58118 3.72587 0 
596 1.651 3.82226 0 
597 1.64351 3.87599 0 
598 1.63808 3.92475 0 
599 1.63434 3.97271 0 
600 1.6319 4.02065 0 
601 1.63044 4.0688 0 
602 1.62984 4.11728 0 
603 1.63006 4.16626 0 
604 1.63116 4.21594 0 
605 1.63325 4.26672 0 
606 1.63629 4.31931 0 
607 1.63878 4.37556 0 
608 1.62817 4.44093 0 
609 1.58118 4.5274 0 
610 1.58118 4.58466 0 
611 1.58118 4.64191 0 
612 1.58118 4.69916 0 
613 1.58118 4.75641 0 
614 1.58118 4.81367 0 
615 1.58118 4.87092 0 
616 1.58118 4.92817 0 
617 1.58118 4.98542 0 
618 1.58118 5.04268 0 
619 1.58118 5.09993 0 
620 1.58118 5.15718 0 
621 1.58118 5.21443 0 
622 1.58118 5.27169 0 
623 1.58118 5.32894 0 
624 1.58118 5.38619 0 
625 1.58118 5.44344 0 
626 1.58118 5.5007 0 
627 1.58118 5.55795 0 
628 1.58118 5.6152 0 
629 1.58118 5.67245 0 
630 1.58118 5.7297 0 
631 1.58118 5.78696 0 
632 1.58118 5.84421 0 
633 1.58118 5.90146 0 
634 1.58118 5.95871 0 
635 1.58118 6.01596 0 
636 1.58118 6.07322 0 
637 1.58118 6.13047 0 
638 1.58118 6.18772 0 
639 1.58118 6.24498 0 
640 1.58118 6.30223 0 
641 1.58118 6.35948 0 
642 1.58118 6.41673 0 
643 1.63843 1.43578 0 
644 1.74512 1.56836 0 
645 1.69362 1.62833 0 
646 1.65622 1.65992 0 
647 1.63507 1.67907 0 
648 1.64135 1.71505 0 
649 1.6608 1.76974 0 
650 1.67877 1.83173 0 
651 1.68961 1.89372 0 
652 1.69329 1.95065 0 
653 1.69509 2.00532 0 
654 1.69794 2.05971 0 
655 1.702 2.11286 0 
656 1.70774 2.16467 0 
657 1.71788 2.22286 0 
658 1.72847 2.2869 0 
659 1.73298 2.35171 0 
660 1.73125 2.41693 0 
661 1.7245 2.48241 0 
662 1.70943 2.54052 0 
663 1.69831 2.59588 0 
664 1.694 2.65239 0 
665 1.69348 2.70945 0 
666 1.69538 2.76702 0 
667 1.70025 2.82763 0 
668 1.7034 2.88902 0 
669 1.70372 2.95024 0 
670 1.70199 3.011 0 
671 1.70017 3.07179 0 
672 1.69848 3.13214 0 
673 1.69798 3.19192 0 
674 1.69937 3.25133 0 
675 1.70398 3.31172 0 
676 1.70735 3.37271 0 
677 1.7078 3.43389 0 
678 1.70816 3.4944 0 
679 1.71074 3.55362 0 
680 1.71642 3.61164 0 
681 1.72275 3.66957 0 
682 1.72394 3.73316 0 
683 1.71823 3.79257 0 
684 1.72097 3.83999 0 
685 1.70555 3.87908 0 
686 1.69744 3.92445 0 
687 1.69254 3.97162 0 
688 1.68939 4.01945 0 
689 1.68735 4.06773 0 
690 1.6861 4.11645 0 
691 1.6855 4.1657 0 
692 1.68538 4.21563 0 
693 1.68552 4.2665 0 
694 1.68525 4.31864 0 
695 1.68262 4.37252 0 
696 1.67249 4.42819 0 
697 1.65294 4.47712 0 
698 1.65067 4.51474 0 
699 1.67196 4.56072 0 
700 1.6841 4.62813 0 
701 1.68659 4.69977 0 
702 1.68416 4.76798 0 
703 1.68082 4.83228 0 
704 1.67965 4.89311 0 
705 1.6826 4.95232 0 
706 1.68875 5.01246 0 
707 1.69568 5.07476 0 
708 1.7033 5.13674 0 
709 1.70856 5.2023 0 
710 1.70372 5.27006 0 
711 1.69362 5.33228 0 
712 1.68736 5.3852 0 
713 1.69563 5.43094 0 
714 1.70815 5.49125 0 
715 1.70916 5.55984 0 
716 1.70861 5.62015 0 
717 1.70957 5.67756 0 
718 1.70946 5.73627 0 
719 1.70678 5.79515 0 
720 1.70596 5.84881 0 
721 1.70627 5.90328 0 
722 1.69858 5.96405 0 
723 1.6856 6.01931 0 
724 1.67485 6.06253 0 
725 1.66948 6.1007 0 
726 1.67276 6.13455 0 
727 1.67896 6.15398 0 
728 1.70034 6.268 0 
729 1.69853 6.34824 0 
730 1.63843 6.41673 0 
731 1.69568 1.43578 0 
732 1.82382 1.56628 0 
733 1.76554 1.67206 0 
734 1.74432 1.69906 0 
735 1.72354 1.7195 0 
736 1.72097 1.74582 0 
737 1.72774 1.7891 0 
738 1.73649 1.84081 0 
739 1.74342 1.89525 0 
740 1.74777 1.94925 0 
741 1.75092 2.00286 0 
742 1.75413 2.05656 0 
743 1.75776 2.11048 0 
744 1.76207 2.1654 0 
745 1.76717 2.2237 0 
746 1.77137 2.2852 0 
747 1.77228 2.34807 0 
748 1.76942 2.4113 0 
749 1.7633 2.47381 0 
750 1.75451 2.53322 0 
751 1.74722 2.5912 0 
752 1.74328 2.64927 0 
753 1.7421 2.70777 0 
754 1.74287 2.76699 0 
755 1.74495 2.82751 0 
756 1.74662 2.88848 0 
757 1.74717 2.94938 0 
758 1.74685 3.01 0 
759 1.74642 3.07045 0 
760 1.74632 3.13061 0 
761 1.74704 3.19055 0 
762 1.74882 3.25045 0 
763 1.75162 3.31067 0 
764 1.75405 3.37085 0 
765 1.75563 3.43074 0 
766 1.75729 3.49009 0 
767 1.75988 3.5486 0 
768 1.76343 3.60631 0 
769 1.76684 3.66341 0 
770 1.7686 3.72096 0 
771 1.76818 3.77542 0 
772 1.76681 3.82699 0 
773 1.75969 3.87409 0 
774 1.75359 3.92151 0 
775 1.74908 3.9694 0 
776 1.74579 4.01767 0 
777 1.74341 4.06631 0 
778 1.74167 4.11536 0 
779 1.74033 4.16491 0 
780 1.73919 4.21508 0 
781 1.73792 4.26605 0 
782 1.7359 4.31786 0 
783 1.73199 4.37028 0 
784 1.72439 4.42192 0 
785 1.71284 4.46745 0 
786 1.69966 4.49681 0 
787 1.71547 4.57124 0 
788 1.72383 4.63883 0 
789 1.72713 4.70639 0 
790 1.72719 4.77265 0 
791 1.72619 4.83665 0 
792 1.72604 4.89842 0 
793 1.72798 4.95873 0 
794 1.73191 5.01896 0 
795 1.73685 5.07992 0 
796 1.74188 5.14134 0 
797 1.74524 5.20413 0 
798 1.74412 5.26747 0 
799 1.74039 5.32787 0 
800 1.73822 5.38355 0 
801 1.74156 5.43625 0 
802 1.74696 5.49375 0 
803 1.74826 5.55506 0 
804 1.74758 5.61459 0 
805 1.74668 5.67309 0 
806 1.7456 5.73187 0 
807 1.7446 5.79005 0 
808 1.74459 5.84556 0 
809 1.74471 5.89879 0 
810 1.74189 5.94894 0 
811 1.73561 5.98806 0 
812 1.7327 6.01291 0 
813 1.73447 6.04254 0 
814 1.73106 6.08312 0 
815 1.72532 6.13577 0 
816 1.74596 6.2255 0 
817 1.78033 6.31743 0 
818 1.69568 6.41673 0 
819 1.75293 1.43578 0 
820 1.8591 1.54558 0 
821 1.84757 1.65677 0 
822 1.81767 1.71076 0 
823 1.79866 1.73175 0 
824 1.79025 1.75964 0 
825 1.79077 1.79981 0 
826 1.79474 1.84693 0 
827 1.79916 1.89732 0 
828 1.80296 1.9489 0 
829 1.80615 2.0011 0 
830 1.80905 2.05397 0 
831 1.81175 2.10776 0 
832 1.81416 2.16307 0 
833 1.81601 2.2208 0 
834 1.8165 2.28092 0 
835 1.81484 2.34258 0 
836 1.81095 2.40489 0 
837 1.80537 2.46683 0 
838 1.79907 2.52735 0 
839 1.79373 2.58699 0 
840 1.79034 2.64642 0 
841 1.78884 2.70603 0 
842 1.78881 2.7661 0 
843 1.78964 2.82677 0 
844 1.79062 2.88767 0 
845 1.79133 2.94848 0 
846 1.79184 3.00905 0 
847 1.79246 3.06938 0 
848 1.79345 3.12948 0 
849 1.795 3.18942 0 
850 1.79715 3.24931 0 
851 1.79966 3.30921 0 
852 1.80207 3.36888 0 
853 1.8042 3.4281 0 
854 1.8063 3.48671 0 
855 1.8087 3.54458 0 
856 1.81137 3.60155 0 
857 1.81389 3.65763 0 
858 1.81573 3.71288 0 
859 1.81638 3.76643 0 
860 1.81528 3.81857 0 
861 1.81163 3.8685 0 
862 1.80758 3.91763 0 
863 1.804 3.96653 0 
864 1.80103 4.01546 0 
865 1.79859 4.06458 0 
866 1.79652 4.11401 0 
867 1.79463 4.16389 0 
868 1.79271 4.21435 0 
869 1.79048 4.2655 0 
870 1.7875 4.31741 0 
871 1.78322 4.36985 0 
872 1.77714 4.42211 0 
873 1.76969 4.47285 0 
874 1.76349 4.52228 0 
875 1.76609 4.58414 0 
876 1.7693 4.64824 0 
877 1.77109 4.71315 0 
878 1.77149 4.77769 0 
879 1.7713 4.84105 0 
880 1.77154 4.90294 0 
881 1.77296 4.9637 0 
882 1.77565 5.02397 0 
883 1.77919 5.08441 0 
884 1.78284 5.14515 0 
885 1.78557 5.20636 0 
886 1.78624 5.26745 0 
887 1.7855 5.32674 0 
888 1.78515 5.38334 0 
889 1.78659 5.43819 0 
890 1.7885 5.49432 0 
891 1.78828 5.55217 0 
892 1.7862 5.61031 0 
893 1.78336 5.66907 0 
894 1.78112 5.72861 0 
895 1.78105 5.78775 0 
896 1.78291 5.84459 0 
897 1.78552 5.89783 0 
898 1.7876 5.9458 0 
899 1.78979 5.98508 0 
900 1.79605 6.01265 0 
901 1.80251 6.04457 0 
902 1.81085 6.08765 0 
903 1.8127 6.14769 0 
904 1.82833 6.22264 0 
905 1.83607 6.30762 0 
906 1.75293 6.41673 0 
907 1.81019 1.43578 0 
908 1.89982 1.53867 0 
909 1.90073 1.62707 0 
910 1.87433 1.68529 0 
911 1.85761 1.7256 0 
912 1.85102 1.76215 0 
913 1.8501 1.80415 0 
914 1.8521 1.85014 0 
915 1.85515 1.89861 0 
916 1.85828 1.94847 0 
917 1.8611 1.99932 0 
918 1.86344 2.05109 0 
919 1.86514 2.10402 0 
920 1.86591 2.1586 0 
921 1.8654 2.21537 0 
922 1.86329 2.27448 0 
923 1.85949 2.33562 0 
924 1.8544 2.39797 0 
925 1.84874 2.46048 0 
926 1.84333 2.52224 0 
927 1.83891 2.58322 0 
928 1.83592 2.64377 0 
929 1.8343 2.70421 0 
930 1.83379 2.76485 0 
931 1.83404 2.82574 0 
932 1.83471 2.88673 0 
933 1.8356 2.94758 0 
934 1.83672 3.0082 0 
935 1.83817 3.06853 0 
936 1.84005 3.12859 0 
937 1.84239 3.18846 0 
938 1.84509 3.24823 0 
939 1.84799 3.30788 0 
940 1.8508 3.36724 0 
941 1.85337 3.4261 0 
942 1.85569 3.48426 0 
943 1.85792 3.54155 0 
944 1.86016 3.59789 0 
945 1.86231 3.65323 0 
946 1.86409 3.70753 0 
947 1.86504 3.76069 0 
948 1.86469 3.81285 0 
949 1.86284 3.86376 0 
950 1.86033 3.91385 0 
951 1.8577 3.96353 0 
952 1.85522 4.01305 0 
953 1.85291 4.06265 0 
954 1.85071 4.11247 0 
955 1.84845 4.16265 0 
956 1.846 4.21338 0 
957 1.84307 4.26478 0 
958 1.83945 4.31697 0 
959 1.83488 4.36994 0 
960 1.82934 4.42353 0 
961 1.82334 4.47767 0 
962 1.81841 4.53309 0 
963 1.81681 4.59302 0 
964 1.8167 4.65539 0 
965 1.81683 4.71882 0 
966 1.81677 4.78227 0 
967 1.81664 4.84505 0 
968 1.81688 4.90683 0 
969 1.81789 4.96769 0 
970 1.81981 5.02801 0 
971 1.82243 5.08822 0 
972 1.8253 5.14851 0 
973 1.82783 5.20883 0 
974 1.82942 5.26873 0 
975 1.83019 5.32727 0 
976 1.83071 5.38391 0 
977 1.83133 5.439 0 
978 1.83122 5.4939 0 
979 1.82906 5.54945 0 
980 1.82468 5.60612 0 
981 1.81899 5.66519 0 
982 1.81448 5.72651 0 
983 1.81565 5.78812 0 
984 1.82046 5.84739 0 
985 1.82667 5.90241 0 
986 1.83288 5.9518 0 
987 1.83902 5.99471 0 
988 1.84598 6.03194 0 
989 1.85339 6.06826 0 
990 1.86157 6.11192 0 
991 1.87253 6.16566 0 
992 1.88153 6.23549 0 
993 1.87019 6.31326 0 
994 1.81019 6.41673 0 
995 1.86744 1.43578 0 
996 1.93179 1.5283 0 
997 1.93389 1.60511 0 
998 1.9202 1.66676 0 
999 1.91116 1.71586 0 
1000 1.90719 1.76025 0 
1001 1.90671 1.80503 0 
1002 1.90829 1.85128 0 
1003 1.91081 1.89887 0 
1004 1.91354 1.94755 0 
1005 1.916 1.99709 0 
1006 1.91787 2.04753 0 
1007 1.91876 2.0991 0 
1008 1.91825 2.15229 0 
1009 1.9159 2.20769 0 
1010 1.91152 2.26591 0 
1011 1.90547 2.32704 0 
1012 1.89872 2.39036 0 
1013 1.8924 2.4543 0 
1014 1.88712 2.51763 0 
1015 1.88316 2.57989 0 
1016 1.88046 2.64135 0 
1017 1.87881 2.70241 0 
1018 1.87804 2.76345 0 
1019 1.87798 2.8246 0 
1020 1.87854 2.88575 0 
1021 1.87962 2.94675 0 
1022 1.88125 3.00749 0 
1023 1.88342 3.06789 0 
1024 1.88616 3.12795 0 
1025 1.88934 3.18777 0 
1026 1.89286 3.24743 0 
1027 1.89653 3.30696 0 
1028 1.90011 3.36623 0 
1029 1.90329 3.42494 0 
1030 1.90574 3.48277 0 
1031 1.90772 3.53962 0 
1032 1.90959 3.59544 0 
1033 1.91145 3.65021 0 
1034 1.91316 3.70397 0 
1035 1.91431 3.75679 0 
1036 1.91457 3.80882 0 
1037 1.91383 3.86 0 
1038 1.9124 3.91055 0 
1039 1.91061 3.9607 0 
1040 1.90866 4.01066 0 
1041 1.90658 4.06063 0 
1042 1.90436 4.11077 0 
1043 1.9019 4.1612 0 
1044 1.89905 4.21212 0 
1045 1.89565 4.26369 0 
1046 1.8915 4.3161 0 
1047 1.88654 4.36952 0 
1048 1.88088 4.42411 0 
1049 1.87504 4.4801 0 
1050 1.86995 4.5379 0 
1051 1.86653 4.59813 0 
1052 1.86445 4.66012 0 
1053 1.86331 4.72306 0 
1054 1.86262 4.78602 0 
1055 1.86226 4.84843 0 
1056 1.8623 4.91008 0 
1057 1.86296 4.97094 0 
1058 1.8643 5.03125 0 
1059 1.8663 5.09139 0 
1060 1.8687 5.15148 0 
1061 1.87118 5.21139 0 
1062 1.87333 5.27069 0 
1063 1.87499 5.32876 0 
1064 1.87607 5.38508 0 
1065 1.87632 5.43963 0 
1066 1.87488 5.49299 0 
1067 1.87068 5.54614 0 
1068 1.8632 5.60078 0 
1069 1.85278 5.66065 0 
1070 1.84318 5.72538 0 
1071 1.84733 5.79165 0 
1072 1.85707 5.85506 0 
1073 1.86812 5.91312 0 
1074 1.8784 5.96492 0 
1075 1.88742 6.01076 0 
1076 1.89535 6.05235 0 
1077 1.90228 6.09305 0 
1078 1.9083 6.13697 0 
1079 1.91338 6.18783 0 
1080 1.91562 6.25068 0 
1081 1.89844 6.3241 0 
1082 1.86744 6.41673 0 
1083 1.92469 1.43578 0 
1084 1.96558 1.52551 0 
1085 1.96659 1.59896 0 
1086 1.9637 1.65953 0 
1087 1.96129 1.71107 0 
1088 1.96059 1.75845 0 
1089 1.96148 1.80477 0 
1090 1.96347 1.8513 0 
1091 1.96601 1.89839 0 
1092 1.96866 1.9461 0 
1093 1.97104 1.99439 0 
1094 1.97273 2.04331 0 
1095 1.97324 2.09306 0 
1096 1.97195 2.14418 0 
1097 1.96812 2.1976 0 
1098 1.96139 2.25459 0 
1099 1.95245 2.31617 0 
1100 1.94316 2.38168 0 
1101 1.93557 2.44821 0 
1102 1.93013 2.51357 0 
1103 1.92651 2.57717 0 
1104 1.92417 2.63931 0 
1105 1.92261 2.70072 0 
1106 1.92168 2.762 0 
1107 1.9214 2.82337 0 
1108 1.92185 2.88476 0 
1109 1.92309 2.946 0 
1110 1.92517 3.00694 0 
1111 1.92806 3.06748 0 
1112 1.93171 3.1276 0 
1113 1.93589 3.18739 0 
1114 1.94046 3.24705 0 
1115 1.94529 3.30667 0 
1116 1.95013 3.36608 0 
1117 1.95438 3.42492 0 
1118 1.95683 3.48238 0 
1119 1.95819 3.53874 0 
1120 1.95945 3.59408 0 
1121 1.96097 3.64835 0 
1122 1.96259 3.70165 0 
1123 1.96394 3.7541 0 
1124 1.9647 3.80587 0 
1125 1.96472 3.85705 0 
1126 1.96411 3.90775 0 
1127 1.96301 3.95815 0 
1128 1.96153 4.00839 0 
1129 1.95973 4.05861 0 
1130 1.95759 4.10896 0 
1131 1.95505 4.15957 0 
1132 1.95198 4.21055 0 
1133 1.94822 4.26215 0 
1134 1.94364 4.31454 0 
1135 1.93817 4.36807 0 
1136 1.932 4.42312 0 
1137 1.92565 4.48012 0 
1138 1.91994 4.53929 0 
1139 1.91547 4.60036 0 
1140 1.91203 4.6627 0 
1141 1.91001 4.72597 0 
1142 1.9088 4.78886 0 
1143 1.90815 4.85114 0 
1144 1.90794 4.91269 0 
1145 1.90823 4.97349 0 
1146 1.90905 5.03375 0 
1147 1.91053 5.09391 0 
1148 1.91263 5.15406 0 
1149 1.91515 5.21392 0 
1150 1.91778 5.27304 0 
1151 1.92015 5.33092 0 
1152 1.92183 5.38693 0 
1153 1.92207 5.4406 0 
1154 1.91976 5.49202 0 
1155 1.91358 5.54183 0 
1156 1.90238 5.59256 0 
1157 1.88403 5.65423 0 
1158 1.86188 5.72526 0 
1159 1.87537 5.79969 0 
1160 1.89363 5.8693 0 
1161 1.91125 5.93115 0 
1162 1.92592 5.98501 0 
1163 1.93741 6.03191 0 
1164 1.94615 6.07404 0 
1165 1.9525 6.11435 0 
1166 1.95642 6.15572 0 
1167 1.95699 6.20063 0 
1168 1.9512 6.25168 0 
1169 1.93196 6.31381 0 
1170 1.92469 6.41673 0 
1171 1.98194 1.43578 0 
1172 2.00104 1.5436 0 
1173 2.00514 1.60499 0 
1174 2.00826 1.65981 0 
1175 2.01054 1.71003 0 
1176 2.01272 1.75773 0 
1177 2.01517 1.80438 0 
1178 2.0179 1.85086 0 
1179 2.02081 1.89748 0 
1180 2.02368 1.94435 0 
1181 2.02627 1.99142 0 
1182 2.02822 2.03867 0 
1183 2.02903 2.08618 0 
1184 2.02777 2.13443 0 
1185 2.02308 2.18464 0 
1186 2.0137 2.23925 0 
1187 2.00039 2.30156 0 
1188 1.98682 2.37137 0 
1189 1.97733 2.44245 0 
1190 1.97181 2.51058 0 
1191 1.96887 2.57543 0 
1192 1.96721 2.63787 0 
1193 1.96594 2.69918 0 
1194 1.96482 2.76049 0 
1195 1.96422 2.82207 0 
1196 1.9645 2.88371 0 
1197 1.96584 2.94523 0 
1198 1.96827 3.00651 0 
1199 1.97187 3.06735 0 
1200 1.9765 3.1276 0 
1201 1.98188 3.18742 0 
1202 1.98777 3.2472 0 
1203 1.99419 3.3071 0 
1204 2.0011 3.36708 0 
1205 2.00756 3.42658 0 
1206 2.00952 3.48322 0 
1207 2.00936 3.53879 0 
1208 2.00952 3.59358 0 
1209 2.01055 3.64736 0 
1210 2.01213 3.70017 0 
1211 2.01374 3.75219 0 
1212 2.01498 3.80366 0 
1213 2.01562 3.85467 0 
1214 2.01564 3.90538 0 
1215 2.01508 3.95589 0 
1216 2.01405 4.00628 0 
1217 2.01254 4.05666 0 
1218 2.01055 4.10713 0 
1219 2.00801 4.1578 0 
1220 2.00485 4.20873 0 
1221 2.00089 4.26012 0 
1222 1.99595 4.31222 0 
1223 1.98995 4.36542 0 
1224 1.98296 4.42033 0 
1225 1.97563 4.47774 0 
1226 1.9691 4.53808 0 
1227 1.96408 4.60044 0 
1228 1.95918 4.66332 0 
1229 1.95665 4.72779 0 
1230 1.95512 4.79085 0 
1231 1.95427 4.85316 0 
1232 1.95386 4.91471 0 
1233 1.95371 4.97538 0 
1234 1.95392 5.0354 0 
1235 1.95487 5.09571 0 
1236 1.95678 5.1562 0 
1237 1.95945 5.21634 0 
1238 1.96258 5.27563 0 
1239 1.96579 5.33366 0 
1240 1.96833 5.3896 0 
1241 1.96901 5.44246 0 
1242 1.96634 5.49168 0 
1243 1.95856 5.53669 0 
1244 1.94428 5.57825 0 
1245 1.91684 5.64366 0 
1246 1.88804 5.7263 0 
1247 1.90718 5.81351 0 
1248 1.93354 5.89365 0 
1249 1.95937 5.95908 0 
1250 1.97819 6.01354 0 
1251 1.99129 6.05873 0 
1252 2.00019 6.09789 0 
1253 2.00589 6.13428 0 
1254 2.00862 6.17023 0 
1255 2.00762 6.20682 0 
1256 2.00038 6.24343 0 
1257 1.98078 6.2771 0 
1258 1.98194 6.41673 0 
1259 2.0392 1.43578 0 
1260 2.02915 1.56468 0 
1261 2.04472 1.61416 0 
1262 2.05403 1.66315 0 
1263 2.06008 1.71094 0 
1264 2.06457 1.75779 0 
1265 2.06836 1.80413 0 
1266 2.07187 1.85032 0 
1267 2.07525 1.89647 0 
1268 2.07852 1.94262 0 
1269 2.08161 1.98861 0 
1270 2.08435 2.03423 0 
1271 2.08633 2.07923 0 
1272 2.08654 2.12364 0 
1273 2.08254 2.16852 0 
1274 2.07048 2.21742 0 
1275 2.05 2.27968 0 
1276 2.02807 2.35865 0 
1277 2.01626 2.438 0 
1278 2.01148 2.50956 0 
1279 2.0101 2.57537 0 
1280 2.00986 2.63736 0 
1281 2.00912 2.69781 0 
1282 2.00762 2.7588 0 
1283 2.00644 2.82055 0 
1284 2.00634 2.8825 0 
1285 2.00759 2.94437 0 
1286 2.01022 3.00611 0 
1287 2.01445 3.06749 0 
1288 2.02026 3.12797 0 
1289 2.02705 3.18787 0 
1290 2.03442 3.2479 0 
1291 2.04278 3.30837 0 
1292 2.05298 3.36949 0 
1293 2.0651 3.43129 0 
1294 2.06483 3.48524 0 
1295 2.06098 3.53929 0 
1296 2.05925 3.59357 0 
1297 2.05974 3.6469 0 
1298 2.06147 3.6992 0 
1299 2.0635 3.75077 0 
1300 2.06526 3.80188 0 
1301 2.06647 3.8527 0 
1302 2.06705 3.90333 0 
1303 2.06698 3.95385 0 
1304 2.06632 4.00434 0 
1305 2.0651 4.05481 0 
1306 2.0633 4.10533 0 
1307 2.06089 4.15597 0 
1308 2.05775 4.20675 0 
1309 2.05373 4.25778 0 
1310 2.04861 4.30928 0 
1311 2.04215 4.36161 0 
1312 2.03419 4.41558 0 
1313 2.02516 4.4726 0 
1314 2.01726 4.53433 0 
1315 2.01351 4.59909 0 
1316 2.00556 4.66174 0 
1317 2.00315 4.7291 0 
1318 2.00138 4.79211 0 
1319 2.00059 4.85457 0 
1320 2.00024 4.91626 0 
1321 1.99961 4.97664 0 
1322 1.99872 5.03585 0 
1323 1.99902 5.09658 0 
1324 2.00083 5.15787 0 
1325 2.0038 5.21858 0 
1326 2.00757 5.27826 0 
1327 2.01185 5.3369 0 
1328 2.0158 5.39335 0 
1329 2.01754 5.4458 0 
1330 2.01511 5.49341 0 
1331 2.0057 5.5337 0 
1332 1.9867 5.55923 0 
1333 1.9553 5.64128 0 
1334 1.92341 5.73793 0 
1335 1.9514 5.83976 0 
1336 1.98721 5.93207 0 
1337 2.01855 6.00138 0 
1338 2.03885 6.05329 0 
1339 2.05119 6.09252 0 
1340 2.05865 6.12463 0 
1341 2.06324 6.15419 0 
1342 2.06544 6.18336 0 
1343 2.06551 6.21242 0 
1344 2.06304 6.23925 0 
1345 2.05719 6.25884 0 
1346 2.0392 6.41673 0 
1347 2.09645 1.43578 0 
1348 2.07268 1.5773 0 
1349 2.0914 1.62111 0 
1350 2.10317 1.66643 0 
1351 2.11107 1.71223 0 
1352 2.11685 1.75811 0 
1353 2.1215 1.80398 0 
1354 2.12557 1.84982 0 
1355 2.12935 1.89561 0 
1356 2.13303 1.94127 0 
1357 2.13674 1.98652 0 
1358 2.14058 2.03091 0 
1359 2.14464 2.07369 0 
1360 2.14859 2.11373 0 
1361 2.14965 2.15074 0 
1362 2.13654 2.18489 0 
1363 2.10418 2.2413 0 
1364 2.06284 2.34208 0 
1365 2.05002 2.43773 0 
1366 2.04831 2.51199 0 
1367 2.05008 2.57795 0 
1368 2.05259 2.63826 0 
1369 2.05288 2.69633 0 
1370 2.05043 2.75655 0 
1371 2.04797 2.81871 0 
1372 2.04723 2.88094 0 
1373 2.0482 2.94309 0 
1374 2.05065 3.00544 0 
1375 2.05525 3.06784 0 
1376 2.06255 3.12882 0 
1377 2.07112 3.18875 0 
1378 2.07992 3.2491 0 
1379 2.08996 3.31035 0 
1380 2.10416 3.3729 0 
1381 2.13174 3.44232 0 
1382 2.12414 3.48735 0 
1383 2.11176 3.53904 0 
1384 2.10749 3.59352 0 
1385 2.10787 3.64661 0 
1386 2.11024 3.69844 0 
1387 2.11305 3.74956 0 
1388 2.11551 3.80034 0 
1389 2.11732 3.85095 0 
1390 2.11839 3.90151 0 
1391 2.11875 3.95203 0 
1392 2.11845 4.00256 0 
1393 2.1175 4.0531 0 
1394 2.11594 4.10365 0 
1395 2.11371 4.15422 0 
1396 2.11071 4.20479 0 
1397 2.10681 4.2554 0 
1398 2.10177 4.30609 0 
1399 2.09515 4.35707 0 
1400 2.08638 4.40897 0 
1401 2.07453 4.46376 0 
1402 2.06208 4.52632 0 
1403 2.06517 4.6001 0 
1404 2.04947 4.65682 0 
1405 2.04971 4.73086 0 
1406 2.04708 4.79238 0 
1407 2.04704 4.85549 0 
1408 2.04759 4.9178 0 
1409 2.04662 4.97752 0 
1410 2.0429 5.03419 0 
1411 2.04248 5.09628 0 
1412 2.04455 5.15923 0 
1413 2.04806 5.22064 0 
1414 2.05245 5.28059 0 
1415 2.05818 5.34043 0 
1416 2.06448 5.39847 0 
1417 2.06804 5.45094 0 
1418 2.06678 5.49867 0 
1419 2.05698 5.53949 0 
1420 2.02404 5.58261 0 
1421 1.99175 5.65183 0 
1422 1.98229 5.75016 0 
1423 2.02826 5.88519 0 
1424 2.07391 5.98311 0 
1425 2.09598 6.05137 0 
1426 2.10819 6.09937 0 
1427 2.11667 6.13008 0 
1428 2.12133 6.15351 0 
1429 2.12401 6.17367 0 
1430 2.12537 6.19575 0 
1431 2.12703 6.21992 0 
1432 2.13048 6.24383 0 
1433 2.1388 6.26428 0 
1434 2.09645 6.41673 0 
1435 2.1537 1.43578 0 
1436 2.12872 1.58453 0 
1437 2.14479 1.62516 0 
1438 2.15583 1.66847 0 
1439 2.16379 1.71307 0 
1440 2.16983 1.75829 0 
1441 2.17475 1.80379 0 
1442 2.17902 1.8494 0 
1443 2.18297 1.89503 0 
1444 2.18688 1.94052 0 
1445 2.19098 1.98559 0 
1446 2.19572 2.02972 0 
1447 2.20185 2.07178 0 
1448 2.21152 2.10875 0 
1449 2.22691 2.13529 0 
1450 2.21892 2.16778 0 
1451 2.20256 2.20286 0 
1452 2.09835 2.34159 0 
1453 2.07574 2.44893 0 
1454 2.08194 2.51905 0 
1455 2.08878 2.58435 0 
1456 2.09642 2.64128 0 
1457 2.09886 2.69394 0 
1458 2.09381 2.75285 0 
1459 2.08855 2.81648 0 
1460 2.08697 2.87896 0 
1461 2.08768 2.94084 0 
1462 2.08911 3.00378 0 
1463 2.09321 3.06836 0 
1464 2.10273 3.13038 0 
1465 2.114 3.18998 0 
1466 2.12383 3.25075 0 
1467 2.13372 3.31286 0 
1468 2.14595 3.37345 0 
1469 2.16228 3.41811 0 
1470 2.16615 3.46868 0 
1471 2.15762 3.53551 0 
1472 2.15234 3.59315 0 
1473 2.15414 3.64631 0 
1474 2.15823 3.69769 0 
1475 2.16236 3.7484 0 
1476 2.16574 3.79888 0 
1477 2.1682 3.84934 0 
1478 2.16975 3.89984 0 
1479 2.1705 3.95037 0 
1480 2.1705 4.00095 0 
1481 2.16982 4.05154 0 
1482 2.16849 4.10213 0 
1483 2.16647 4.15264 0 
1484 2.16372 4.20304 0 
1485 2.1601 4.25328 0 
1486 2.15539 4.30324 0 
1487 2.1492 4.3528 0 
1488 2.14072 4.40188 0 
1489 2.12799 4.45071 0 
1490 2.10481 4.50172 0 
1491 2.1537 4.64191 0 
1492 2.1537 4.69916 0 
1493 2.1537 4.75641 0 
1494 2.1537 4.81367 0 
1495 2.1537 4.87092 0 
1496 2.1537 4.92817 0 
1497 2.1537 4.98542 0 
1498 2.1537 5.04268 0 
1499 2.1537 5.09993 0 
1500 2.1537 5.15718 0 
1501 2.1537 5.21443 0 
1502 2.1537 5.27169 0 
1503 2.1537 5.32894 0 
1504 2.1537 5.38619 0 
1505 2.1537 5.44344 0 
1506 2.1537 5.5007 0 
1507 2.1537 5.55795 0 
1508 2.1537 5.6152 0 
1509 2.1537 5.67245 0 
1510 2.1537 5.7297 0 
1511 2.1537 5.78696 0 
1512 2.17161 6.00589 0 
1513 2.19505 6.09642 0 
1514 2.21164 6.13302 0 
1515 2.20147 6.15428 0 
1516 2.19255 6.17197 0 
1517 2.187 6.1896 0 
1518 2.18561 6.20467 0 
1519 2.18732 6.22706 0 
1520 2.19298 6.25254 0 
1521 2.2053 6.27986 0 
1522 2.1537 6.41673 0 
1523 2.21095 1.43578 0 
1524 2.19174 1.58575 0 
1525 2.20243 1.62597 0 
1526 2.21102 1.66887 0 
1527 2.21788 1.71312 0 
1528 2.22344 1.75808 0 
1529 2.22813 1.80344 0 
1530 2.23224 1.84899 0 
1531 2.23604 1.89467 0 
1532 2.23981 1.94034 0 
1533 2.2438 1.98584 0 
1534 2.24839 2.03098 0 
1535 2.25418 2.07543 0 
1536 2.26208 2.11893 0 
1537 2.27305 2.16245 0 
1538 2.28746 2.21616 0 
1539 2.28474 2.28404 0 
1540 2.21095 2.40907 0 
1541 2.21095 2.46632 0 
1542 2.21095 2.52357 0 
1543 2.21095 2.58083 0 
1544 2.21095 2.63808 0 
1545 2.21095 2.69533 0 
1546 2.21095 2.75258 0 
1547 2.21095 2.80984 0 
1548 2.21095 2.86709 0 
1549 2.21095 2.92434 0 
1550 2.21095 2.98159 0 
1551 2.21095 3.03885 0 
1552 2.21095 3.0961 0 
1553 2.21095 3.15335 0 
1554 2.21095 3.2106 0 
1555 2.21095 3.26785 0 
1556 2.21095 3.32511 0 
1557 2.21095 3.38236 0 
1558 2.21095 3.43961 0 
1559 2.20197 3.53627 0 
1560 2.19209 3.59409 0 
1561 2.19826 3.64626 0 
1562 2.20571 3.69693 0 
1563 2.21175 3.74721 0 
1564 2.21617 3.79745 0 
1565 2.21924 3.84781 0 
1566 2.22122 3.89829 0 
1567 2.22227 3.94888 0 
1568 2.22255 3.99951 0 
1569 2.22212 4.05018 0 
1570 2.22101 4.10078 0 
1571 2.21922 4.15129 0 
1572 2.2167 4.20161 0 
1573 2.21341 4.25162 0 
1574 2.20915 4.30117 0 
1575 2.20369 4.34998 0 
1576 2.19651 4.39764 0 
1577 2.18661 4.44327 0 
1578 2.17248 4.48469 0 
1579 2.21095 4.64191 0 
1580 2.21095 5.78696 0 
1581 2.30057 5.9444 0 
1582 2.28911 6.0426 0 
1583 2.2744 6.09803 0 
1584 2.26131 6.13547 0 
1585 2.25039 6.15902 0 
1586 2.24455 6.1807 0 
1587 2.24266 6.20365 0 
1588 2.24377 6.22998 0 
1589 2.24885 6.25902 0 
1590 2.25939 6.29112 0 
1591 2.21095 6.41673 0 
1592 2.2682 1.43578 0 
1593 2.25527 1.581 0 
1594 2.26117 1.62397 0 
1595 2.26722 1.66785 0 
1596 2.27267 1.71243 0 
1597 2.2774 1.75747 0 
1598 2.2815 1.80287 0 
1599 2.28514 1.84851 0 
1600 2.28851 1.89435 0 
1601 2.29177 1.94036 0 
1602 2.29512 1.98653 0 
1603 2.2988 2.03293 0 
1604 2.30307 2.07982 0 
1605 2.30814 2.12791 0 
1606 2.31391 2.17898 0 
1607 2.31961 2.23676 0 
1608 2.32315 2.30235 0 
1609 2.2682 2.40907 0 
1610 2.2682 3.43961 0 
1611 2.23033 3.5371 0 
1612 2.21885 3.59667 0 
1613 2.24143 3.64646 0 
1614 2.25418 3.69618 0 
1615 2.26202 3.74604 0 
1616 2.26718 3.79611 0 
1617 2.27065 3.84643 0 
1618 2.27289 3.89691 0 
1619 2.27418 3.94756 0 
1620 2.27468 3.99828 0 
1621 2.27445 4.049 0 
1622 2.27353 4.09967 0 
1623 2.27195 4.15018 0 
1624 2.26968 4.20045 0 
1625 2.26667 4.25034 0 
1626 2.26282 4.29967 0 
1627 2.25798 4.34813 0 
1628 2.25188 4.39526 0 
1629 2.24419 4.4402 0 
1630 2.23459 4.48155 0 
1631 2.2682 4.64191 0 
1632 2.2682 5.78696 0 
1633 2.34055 5.90488 0 
1634 2.34878 5.99029 0 
1635 2.33365 6.05411 0 
1636 2.3176 6.10019 0 
1637 2.30656 6.13652 0 
1638 2.29993 6.16819 0 
1639 2.29665 6.19865 0 
1640 2.29632 6.22976 0 
1641 2.29946 6.26211 0 
1642 2.30727 6.29532 0 
1643 2.2682 6.41673 0 
1644 2.32546 1.43578 0 
1645 2.31466 1.57588 0 
1646 2.31879 1.62134 0 
1647 2.32329 1.66628 0 
1648 2.32757 1.7113 0 
1649 2.3314 1.75654 0 
1650 2.33478 1.80204 0 
1651 2.33776 1.84781 0 
1652 2.34045 1.89383 0 
1653 2.34294 1.94015 0 
1654 2.34533 1.98684 0 
1655 2.3477 2.03409 0 
1656 2.35009 2.08233 0 
1657 2.35245 2.13232 0 
1658 2.35455 2.18551 0 
1659 2.35592 2.24385 0 
1660 2.35592 2.30888 0 
1661 2.32546 2.40907 0 
1662 2.32546 3.43961 0 
1663 2.27939 3.54682 0 
1664 2.28638 3.59774 0 
1665 2.29857 3.64643 0 
1666 2.30765 3.69546 0 
1667 2.3143 3.74498 0 
1668 2.31912 3.79494 0 
1669 2.32255 3.84523 0 
1670 2.32487 3.89579 0 
1671 2.32631 3.94649 0 
1672 2.32696 3.99728 0 
1673 2.32691 4.04806 0 
1674 2.32619 4.09875 0 
1675 2.32481 4.14927 0 
1676 2.32277 4.19948 0 
1677 2.32002 4.24927 0 
1678 2.31654 4.29843 0 
1679 2.3123 4.34666 0 
1680 2.30732 4.3935 0 
1681 2.3018 4.43822 0 
1682 2.29651 4.47974 0 
1683 2.32546 4.64191 0 
1684 2.32546 5.78696 0 
1685 2.37181 5.88521 0 
1686 2.38304 5.96207 0 
1687 2.37462 6.02584 0 
1688 2.36482 6.07717 0 
1689 2.35703 6.11991 0 
1690 2.35131 6.15769 0 
1691 2.34745 6.19329 0 
1692 2.34543 6.22864 0 
1693 2.34554 6.26513 0 
1694 2.34876 6.30412 0 
1695 2.32546 6.41673 0 
1696 2.38271 1.43578 0 
1697 2.37122 1.57398 0 
1698 2.37526 1.61967 0 
1699 2.37898 1.66486 0 
1700 2.38234 1.71005 0 
1701 2.38533 1.75538 0 
1702 2.38792 1.80096 0 
1703 2.39015 1.84679 0 
1704 2.39203 1.89289 0 
1705 2.3936 1.93935 0 
1706 2.39487 1.98622 0 
1707 2.39582 2.03369 0 
1708 2.39633 2.08204 0 
1709 2.39617 2.13169 0 
1710 2.39492 2.18335 0 
1711 2.39204 2.23786 0 
1712 2.38717 2.29596 0 
1713 2.38271 2.40907 0 
1714 2.38271 3.43961 0 
1715 2.33587 3.55367 0 
1716 2.3455 3.59903 0 
1717 2.35442 3.64632 0 
1718 2.36162 3.69484 0 
1719 2.36728 3.74415 0 
1720 2.37162 3.79406 0 
1721 2.37487 3.84437 0 
1722 2.37718 3.89498 0 
1723 2.3787 3.94574 0 
1724 2.37949 3.99659 0 
1725 2.37962 4.04739 0 
1726 2.3791 4.09809 0 
1727 2.37793 4.14857 0 
1728 2.37613 4.19869 0 
1729 2.37366 4.24834 0 
1730 2.37056 4.29731 0 
1731 2.3669 4.34532 0 
1732 2.36291 4.39196 0 
1733 2.35917 4.43671 0 
1734 2.35687 4.47891 0 
1735 2.38271 4.64191 0 
1736 2.38271 5.78696 0 
1737 2.40776 5.8906 0 
1738 2.41288 5.95793 0 
1739 2.41278 6.01598 0 
1740 2.40934 6.06599 0 
1741 2.40494 6.11011 0 
1742 2.40051 6.15044 0 
1743 2.39635 6.18882 0 
1744 2.39241 6.22696 0 
1745 2.38858 6.26658 0 
1746 2.3847 6.31012 0 
1747 2.38271 6.41673 0 
1748 2.43996 1.43578 0 
1749 2.42793 1.57428 0 
1750 2.43152 1.61887 0 
1751 2.43446 1.66365 0 
1752 2.43699 1.70872 0 
1753 2.43917 1.75404 0 
1754 2.44098 1.79959 0 
1755 2.44241 1.8454 0 
1756 2.44345 1.89146 0 
1757 2.44409 1.93784 0 
1758 2.44427 1.98461 0 
1759 2.44391 2.03176 0 
1760 2.44282 2.07938 0 
1761 2.44068 2.12741 0 
1762 2.43692 2.17561 0 
1763 2.4306 2.22327 0 
1764 2.41987 2.26864 0 
1765 2.43996 2.40907 0 
1766 2.43996 3.43961 0 
1767 2.3959 3.55429 0 
1768 2.40322 3.59927 0 
1769 2.41002 3.64624 0 
1770 2.41585 3.69454 0 
1771 2.42066 3.74376 0 
1772 2.42454 3.79364 0 
1773 2.42758 3.84398 0 
1774 2.42987 3.89461 0 
1775 2.43146 3.94539 0 
1776 2.43239 3.99626 0 
1777 2.43271 4.04708 0 
1778 2.43241 4.09773 0 
1779 2.4315 4.14813 0 
1780 2.42997 4.19814 0 
1781 2.42783 4.24762 0 
1782 2.42513 4.29636 0 
1783 2.42198 4.34416 0 
1784 2.41876 4.39071 0 
1785 2.41624 4.43558 0 
1786 2.41594 4.47821 0 
1787 2.43996 4.64191 0 
1788 2.43996 5.78696 0 
1789 2.44516 5.9204 0 
1790 2.45228 5.96917 0 
1791 2.45531 6.01736 0 
1792 2.4551 6.06289 0 
1793 2.45291 6.10558 0 
1794 2.44948 6.14608 0 
1795 2.44501 6.18532 0 
1796 2.43928 6.22448 0 
1797 2.4316 6.26504 0 
1798 2.42079 6.30901 0 
1799 2.43996 6.41673 0 
1800 2.49721 1.43578 0 
1801 2.48578 1.57497 0 
1802 2.48801 1.61796 0 
1803 2.48991 1.6623 0 
1804 2.49157 1.70723 0 
1805 2.49296 1.75248 0 
1806 2.49402 1.79796 0 
1807 2.49468 1.84363 0 
1808 2.49494 1.88954 0 
1809 2.49471 1.9357 0 
1810 2.49394 1.98213 0 
1811 2.49252 2.02878 0 
1812 2.4903 2.07552 0 
1813 2.48703 2.12197 0 
1814 2.48235 2.16731 0 
1815 2.47569 2.2099 0 
1816 2.46608 2.2463 0 
1817 2.49721 2.40907 0 
1818 2.49721 3.43961 0 
1819 2.45363 3.55235 0 
1820 2.45994 3.59907 0 
1821 2.46545 3.64645 0 
1822 2.47024 3.6948 0 
1823 2.47436 3.74401 0 
1824 2.47785 3.79386 0 
1825 2.48072 3.84417 0 
1826 2.48298 3.89478 0 
1827 2.48464 3.94556 0 
1828 2.48575 3.99639 0 
1829 2.48628 4.04718 0 
1830 2.48625 4.09777 0 
1831 2.48565 4.14807 0 
1832 2.48448 4.19793 0 
1833 2.48275 4.24721 0 
1834 2.48048 4.29574 0 
1835 2.47779 4.34337 0 
1836 2.47499 4.38994 0 
1837 2.47274 4.4353 0 
1838 2.47238 4.47939 0 
1839 2.49721 4.64191 0 
1840 2.49721 5.78696 0 
1841 2.48591 5.94555 0 
1842 2.49728 5.98216 0 
1843 2.50216 6.02259 0 
1844 2.50346 6.06371 0 
1845 2.50244 6.10419 0 
1846 2.49961 6.14373 0 
1847 2.49501 6.18254 0 
1848 2.4881 6.22124 0 
1849 2.47771 6.26083 0 
1850 2.46151 6.30333 0 
1851 2.49721 6.41673 0 
1852 2.55447 1.43578 0 
1853 2.54451 1.57183 0 
1854 2.54443 1.61564 0 
1855 2.54518 1.66042 0 
1856 2.54606 1.70551 0 
1857 2.54676 1.75075 0 
1858 2.54714 1.79609 0 
1859 2.54713 1.84156 0 
1860 2.54666 1.8872 0 
1861 2.54569 1.93302 0 
1862 2.54413 1.97905 0 
1863 2.5419 2.02523 0 
1864 2.53893 2.07141 0 
1865 2.53513 2.11717 0 
1866 2.53045 2.16177 0 
1867 2.52499 2.20378 0 
1868 2.51931 2.24105 0 
1869 2.55447 2.40907 0 
1870 2.55447 3.43961 0 
1871 2.51082 3.55584 0 
1872 2.5165 3.60121 0 
1873 2.52098 3.64805 0 
1874 2.52495 3.69609 0 
1875 2.52851 3.7451 0 
1876 2.53166 3.79481 0 
1877 2.53438 3.84503 0 
1878 2.53663 3.89557 0 
1879 2.53839 3.9463 0 
1880 2.53967 3.99708 0 
1881 2.54047 4.04778 0 
1882 2.54076 4.09831 0 
1883 2.54056 4.1485 0 
1884 2.53985 4.19822 0 
1885 2.53861 4.24733 0 
1886 2.53686 4.29566 0 
1887 2.53461 4.34313 0 
1888 2.532 4.38975 0 
1889 2.5293 4.43579 0 
1890 2.5272 4.48203 0 
1891 2.55447 4.64191 0 
1892 2.55447 5.78696 0 
1893 2.54523 5.95919 0 
1894 2.55062 5.99054 0 
1895 2.55365 6.02701 0 
1896 2.55472 6.06545 0 
1897 2.55407 6.10422 0 
1898 2.5517 6.14259 0 
1899 2.54732 6.18039 0 
1900 2.54033 6.21766 0 
1901 2.52935 6.25455 0 
1902 2.51183 6.29083 0 
1903 2.55447 6.41673 0 
1904 2.61172 1.43578 0 
1905 2.60004 1.56526 0 
1906 2.5995 1.61232 0 
1907 2.59991 1.65832 0 
1908 2.60039 1.70378 0 
1909 2.60061 1.74901 0 
1910 2.60045 1.79413 0 
1911 2.59986 1.83928 0 
1912 2.5988 1.88451 0 
1913 2.59719 1.92989 0 
1914 2.595 1.97545 0 
1915 2.59212 2.02126 0 
1916 2.58859 2.06726 0 
1917 2.5844 2.11328 0 
1918 2.5797 2.15889 0 
1919 2.57468 2.20328 0 
1920 2.56972 2.24512 0 
1921 2.61172 2.40907 0 
1922 2.61172 3.43961 0 
1923 2.57322 3.56509 0 
1924 2.57484 3.60616 0 
1925 2.57744 3.65123 0 
1926 2.58036 3.69848 0 
1927 2.58332 3.74706 0 
1928 2.58614 3.79652 0 
1929 2.58869 3.84656 0 
1930 2.59092 3.89699 0 
1931 2.59277 3.94762 0 
1932 2.59425 3.99834 0 
1933 2.59532 4.04899 0 
1934 2.596 4.09946 0 
1935 2.59627 4.14957 0 
1936 2.59613 4.1992 0 
1937 2.59556 4.24816 0 
1938 2.59449 4.2963 0 
1939 2.59282 4.34353 0 
1940 2.5904 4.38997 0 
1941 2.58694 4.43613 0 
1942 2.58214 4.4836 0 
1943 2.61172 4.64191 0 
1944 2.61172 5.78696 0 
1945 2.60774 5.95984 0 
1946 2.60672 5.99221 0 
1947 2.60742 6.02878 0 
1948 2.608 6.06677 0 
1949 2.60763 6.10483 0 
1950 2.60587 6.14234 0 
1951 2.60232 6.17908 0 
1952 2.59642 6.21492 0 
1953 2.58731 6.24963 0 
1954 2.57357 6.28244 0 
1955 2.61172 6.41673 0 
1956 2.66897 1.43578 0 
1957 2.65145 1.56165 0 
1958 2.65306 1.61039 0 
1959 2.65417 1.65703 0 
1960 2.65469 1.70254 0 
1961 2.65462 1.74751 0 
1962 2.65406 1.79226 0 
1963 2.65302 1.83691 0 
1964 2.65148 1.88158 0 
1965 2.64939 1.92633 0 
1966 2.64667 1.97132 0 
1967 2.64327 2.01665 0 
1968 2.63916 2.06256 0 
1969 2.6345 2.10928 0 
1970 2.62947 2.15694 0 
1971 2.62428 2.20534 0 
1972 2.61885 2.25352 0 
1973 2.66897 2.40907 0 
1974 2.66897 3.43961 0 
1975 2.63656 3.56601 0 
1976 2.63436 3.60874 0 
1977 2.63491 3.65407 0 
1978 2.63669 3.70119 0 
1979 2.63898 3.74956 0 
1980 2.64141 3.79881 0 
1981 2.64377 3.84869 0 
1982 2.64593 3.89899 0 
1983 2.64786 3.94953 0 
1984 2.64952 4.0002 0 
1985 2.6509 4.05081 0 
1986 2.652 4.10128 0 
1987 2.65283 4.15141 0 
1988 2.6534 4.20103 0 
1989 2.65368 4.24995 0 
1990 2.65358 4.29791 0 
1991 2.65286 4.34475 0 
1992 2.65098 4.39048 0 
1993 2.64702 4.43548 0 
1994 2.63973 4.48128 0 
1995 2.66897 4.64191 0 
1996 2.66897 5.78696 0 
1997 2.66131 5.94873 0 
1998 2.65981 5.98849 0 
1999 2.66085 6.02867 0 
2000 2.66216 6.06799 0 
2001 2.66267 6.10614 0 
2002 2.66192 6.14309 0 
2003 2.65967 6.17889 0 
2004 2.65573 6.21353 0 
2005 2.64971 6.24698 0 
2006 2.64126 6.27927 0 
2007 2.66897 6.41673 0 
2008 2.72622 1.43578 0 
2009 2.70213 1.56149 0 
2010 2.70659 1.61118 0 
2011 2.70872 1.65737 0 
2012 2.70934 1.70222 0 
2013 2.70902 1.74653 0 
2014 2.70809 1.79063 0 
2015 2.70669 1.8346 0 
2016 2.70483 1.8785 0 
2017 2.70241 1.92241 0 
2018 2.69933 1.96646 0 
2019 2.69547 2.01094 0 
2020 2.69077 2.05632 0 
2021 2.68539 2.10336 0 
2022 2.67977 2.15312 0 
2023 2.67446 2.2065 0 
2024 2.66832 2.26313 0 
2025 2.72622 2.40907 0 
2026 2.72622 3.43961 0 
2027 2.69631 3.56204 0 
2028 2.69345 3.60932 0 
2029 2.69297 3.65629 0 
2030 2.69388 3.7039 0 
2031 2.69555 3.75231 0 
2032 2.69756 3.80149 0 
2033 2.69966 3.85126 0 
2034 2.70172 3.90147 0 
2035 2.70367 3.95196 0 
2036 2.70549 4.0026 0 
2037 2.70715 4.05328 0 
2038 2.70869 4.10384 0 
2039 2.71014 4.15411 0 
2040 2.71155 4.20391 0 
2041 2.71291 4.25296 0 
2042 2.71422 4.3009 0 
2043 2.71519 4.34729 0 
2044 2.71488 4.39174 0 
2045 2.71117 4.43409 0 
2046 2.70205 4.47388 0 
2047 2.72622 4.64191 0 
2048 2.72622 5.78696 0 
2049 2.7039 5.93298 0 
2050 2.70874 5.98478 0 
2051 2.71349 6.02993 0 
2052 2.71707 6.07086 0 
2053 2.71908 6.109 0 
2054 2.71959 6.14522 0 
2055 2.71882 6.17998 0 
2056 2.71704 6.21338 0 
2057 2.71441 6.2453 0 
2058 2.71085 6.27553 0 
2059 2.72622 6.41673 0 
2060 2.78347 1.43578 0 
2061 2.75536 1.57206 0 
2062 2.76233 1.61665 0 
2063 2.7647 1.65983 0 
2064 2.76485 1.70294 0 
2065 2.76399 1.74614 0 
2066 2.76263 1.78938 0 
2067 2.76097 1.8325 0 
2068 2.75895 1.87545 0 
2069 2.75646 1.91818 0 
2070 2.75327 1.96083 0 
2071 2.7491 2.00368 0 
2072 2.74371 2.04734 0 
2073 2.73713 2.09308 0 
2074 2.73038 2.14341 0 
2075 2.72633 2.20137 0 
2076 2.72013 2.26203 0 
2077 2.78347 2.40907 0 
2078 2.78347 3.43961 0 
2079 2.75386 3.5632 0 
2080 2.75192 3.61144 0 
2081 2.75138 3.65893 0 
2082 2.75189 3.70674 0 
2083 2.75305 3.75521 0 
2084 2.75462 3.80435 0 
2085 2.75639 3.85409 0 
2086 2.75826 3.90427 0 
2087 2.76016 3.95478 0 
2088 2.76207 4.00551 0 
2089 2.76399 4.05632 0 
2090 2.76596 4.10712 0 
2091 2.76804 4.15774 0 
2092 2.77034 4.20801 0 
2093 2.77302 4.25756 0 
2094 2.77628 4.30593 0 
2095 2.78019 4.35222 0 
2096 2.78403 4.39527 0 
2097 2.78243 4.4351 0 
2098 2.77246 4.46608 0 
2099 2.78347 4.64191 0 
2100 2.78347 5.78696 0 
2101 2.7462 5.93911 0 
2102 2.75767 5.99238 0 
2103 2.76764 6.03772 0 
2104 2.77411 6.07771 0 
2105 2.77752 6.11438 0 
2106 2.77888 6.14911 0 
2107 2.77919 6.18252 0 
2108 2.77925 6.2147 0 
2109 2.77982 6.24517 0 
2110 2.78177 6.27287 0 
2111 2.78347 6.41673 0 
2112 2.84073 1.43578 0 
2113 2.81897 1.59205 0 
2114 2.82307 1.62474 0 
2115 2.82296 1.66312 0 
2116 2.82142 1.70409 0 
2117 2.81952 1.74615 0 
2118 2.81761 1.78856 0 
2119 2.81577 1.83083 0 
2120 2.81389 1.87269 0 
2121 2.8117 1.914 0 
2122 2.80886 1.95469 0 
2123 2.80481 1.99487 0 
2124 2.79878 2.03483 0 
2125 2.78979 2.07542 0 
2126 2.77852 2.12132 0 
2127 2.77463 2.17761 0 
2128 2.77166 2.24091 0 
2129 2.84073 2.40907 0 
2130 2.84073 3.43961 0 
2131 2.81294 3.57172 0 
2132 2.81112 3.61627 0 
2133 2.81088 3.66221 0 
2134 2.81101 3.70957 0 
2135 2.81157 3.75797 0 
2136 2.81254 3.80719 0 
2137 2.81387 3.85698 0 
2138 2.81545 3.90725 0 
2139 2.81722 3.95787 0 
2140 2.81915 4.00877 0 
2141 2.82125 4.05984 0 
2142 2.82358 4.11103 0 
2143 2.82623 4.16225 0 
2144 2.82939 4.21335 0 
2145 2.83336 4.26408 0 
2146 2.83877 4.3139 0 
2147 2.84711 4.36147 0 
2148 2.86242 4.40283 0 
2149 2.86862 4.44586 0 
2150 2.85819 4.49143 0 
2151 2.84073 4.64191 0 
2152 2.84073 5.78696 0 
2153 2.78658 5.96385 0 
2154 2.81052 6.01369 0 
2155 2.82767 6.05388 0 
2156 2.83588 6.08933 0 
2157 2.83899 6.12233 0 
2158 2.83982 6.15451 0 
2159 2.84007 6.18637 0 
2160 2.84103 6.21773 0 
2161 2.84384 6.24803 0 
2162 2.84991 6.27678 0 
2163 2.84073 6.41673 0 
2164 2.89798 1.43578 0 
2165 2.89812 1.59589 0 
2166 2.88905 1.62686 0 
2167 2.88298 1.66416 0 
2168 2.87851 1.70457 0 
2169 2.87516 1.74627 0 
2170 2.87272 1.78826 0 
2171 2.87092 1.82988 0 
2172 2.86952 1.87074 0 
2173 2.86822 1.91052 0 
2174 2.86658 1.94894 0 
2175 2.8638 1.98567 0 
2176 2.85831 2.02017 0 
2177 2.8466 2.05115 0 
2178 2.82991 2.08834 0 
2179 2.8191 2.13707 0 
2180 2.83101 2.20567 0 
2181 2.89798 2.40907 0 
2182 2.89798 3.43961 0 
2183 2.89733 3.58454 0 
2184 2.87488 3.62107 0 
2185 2.87326 3.66421 0 
2186 2.87181 3.71134 0 
2187 2.87119 3.76006 0 
2188 2.87128 3.80963 0 
2189 2.87198 3.85973 0 
2190 2.87314 3.91023 0 
2191 2.87468 3.96107 0 
2192 2.87656 4.01222 0 
2193 2.87877 4.06367 0 
2194 2.88134 4.11538 0 
2195 2.88439 4.1674 0 
2196 2.8881 4.21972 0 
2197 2.89282 4.2724 0 
2198 2.8991 4.32557 0 
2199 2.90789 4.37969 0 
2200 2.92047 4.43665 0 
2201 2.93721 4.5046 0 
2202 2.94214 4.57818 0 
2203 2.89798 4.64191 0 
2204 2.89798 4.69916 0 
2205 2.89798 4.75641 0 
2206 2.89798 4.81367 0 
2207 2.89798 4.87092 0 
2208 2.89798 4.92817 0 
2209 2.89798 4.98542 0 
2210 2.89798 5.04268 0 
2211 2.89798 5.09993 0 
2212 2.89798 5.15718 0 
2213 2.89798 5.21443 0 
2214 2.89798 5.27169 0 
2215 2.89798 5.32894 0 
2216 2.89798 5.38619 0 
2217 2.89798 5.44344 0 
2218 2.89798 5.5007 0 
2219 2.89798 5.55795 0 
2220 2.89798 5.6152 0 
2221 2.89798 5.67245 0 
2222 2.89798 5.7297 0 
2223 2.89798 5.78696 0 
2224 2.86891 5.99119 0 
2225 2.89101 6.0435 0 
2226 2.90271 6.07763 0 
2227 2.90571 6.1045 0 
2228 2.90426 6.1313 0 
2229 2.90197 6.16013 0 
2230 2.9005 6.19056 0 
2231 2.90093 6.22169 0 
2232 2.90437 6.25241 0 
2233 2.91218 6.28145 0 
2234 2.89798 6.41673 0 
2235 2.95523 1.43578 0 
2236 2.9718 1.58501 0 
2237 2.95315 1.62208 0 
2238 2.94183 1.66221 0 
2239 2.93466 1.70409 0 
2240 2.9301 1.74655 0 
2241 2.92735 1.78876 0 
2242 2.92593 1.83012 0 
2243 2.92552 1.87023 0 
2244 2.92581 1.90868 0 
2245 2.92655 1.94504 0 
2246 2.92742 1.97866 0 
2247 2.92792 2.00867 0 
2248 2.92749 2.03425 0 
2249 2.93022 2.06396 0 
2250 2.94752 2.09956 0 
2251 3.00972 2.16098 0 
2252 2.95523 2.40907 0 
2253 2.95523 2.46632 0 
2254 2.95523 2.52357 0 
2255 2.95523 2.58083 0 
2256 2.95523 2.63808 0 
2257 2.95523 2.69533 0 
2258 2.95523 2.75258 0 
2259 2.95523 2.80984 0 
2260 2.95523 2.86709 0 
2261 2.95523 2.92434 0 
2262 2.95523 2.98159 0 
2263 2.95523 3.03885 0 
2264 2.95523 3.0961 0 
2265 2.95523 3.15335 0 
2266 2.95523 3.2106 0 
2267 2.95523 3.26785 0 
2268 2.95523 3.32511 0 
2269 2.95523 3.38236 0 
2270 2.95523 3.43961 0 
2271 2.95259 3.55288 0 
2272 2.94441 3.60779 0 
2273 2.93752 3.6595 0 
2274 2.93359 3.71031 0 
2275 2.93142 3.76086 0 
2276 2.93046 3.81144 0 
2277 2.93043 3.86216 0 
2278 2.9311 3.91307 0 
2279 2.93236 3.96423 0 
2280 2.93412 4.01571 0 
2281 2.93633 4.06757 0 
2282 2.93901 4.11987 0 
2283 2.94224 4.17273 0 
2284 2.94618 4.22635 0 
2285 2.95107 4.28107 0 
2286 2.95725 4.33754 0 
2287 2.96506 4.39708 0 
2288 2.97447 4.46251 0 
2289 2.98385 4.53932 0 
2290 2.99791 4.62148 0 
2291 2.99445 4.71713 0 
2292 2.99104 4.7436 0 
2293 2.97704 4.77336 0 
2294 3.00591 4.81127 0 
2295 3.03723 4.86203 0 
2296 3.04828 4.9269 0 
2297 3.04504 4.98421 0 
2298 3.04456 5.03048 0 
2299 3.05846 5.07918 0 
2300 3.07086 5.14633 0 
2301 3.0712 5.21593 0 
2302 3.06636 5.27729 0 
2303 3.06162 5.33367 0 
2304 3.0608 5.38396 0 
2305 3.06626 5.43674 0 
2306 3.07111 5.5008 0 
2307 3.06595 5.56879 0 
2308 3.05079 5.61197 0 
2309 3.05375 5.6596 0 
2310 3.08586 5.71819 0 
2311 3.0926 5.82011 0 
2312 3.02208 6.02011 0 
2313 3.01182 6.0606 0 
2314 2.9958 6.09858 0 
2315 2.983 6.11993 0 
2316 2.97141 6.13751 0 
2317 2.96368 6.16345 0 
2318 2.95903 6.19364 0 
2319 2.95762 6.22597 0 
2320 2.96026 6.25881 0 
2321 2.9686 6.29036 0 
2322 2.95523 6.41673 0 
2323 3.01248 1.43578 0 
2324 3.03209 1.5686 0 
2325 3.01039 1.61353 0 
2326 2.9968 1.65847 0 
2327 2.98834 1.70333 0 
2328 2.98335 1.74753 0 
2329 2.98085 1.79061 0 
2330 2.98025 1.83215 0 
2331 2.98122 1.87188 0 
2332 2.98361 1.90942 0 
2333 2.98747 1.94427 0 
2334 2.99317 1.97552 0 
2335 3.00147 2.00174 0 
2336 3.01316 2.02432 0 
2337 3.0321 2.05381 0 
2338 3.06646 2.09131 0 
2339 3.12422 2.16997 0 
2340 3.12132 2.28501 0 
2341 3.19764 2.4711 0 
2342 3.18278 2.54836 0 
2343 3.16757 2.60841 0 
2344 3.15623 2.6626 0 
2345 3.15254 2.71347 0 
2346 3.15529 2.76516 0 
2347 3.16089 2.81411 0 
2348 3.16434 2.87563 0 
2349 3.16605 2.93847 0 
2350 3.16671 2.99971 0 
2351 3.16662 3.06065 0 
2352 3.16468 3.12302 0 
2353 3.15891 3.18929 0 
2354 3.14737 3.255 0 
2355 3.13015 3.31725 0 
2356 3.10903 3.3704 0 
2357 3.08899 3.41363 0 
2358 3.06765 3.4633 0 
2359 3.03231 3.48795 0 
2360 3.01183 3.58794 0 
2361 3.00137 3.65207 0 
2362 2.99523 3.70779 0 
2363 2.99153 3.76087 0 
2364 2.98955 3.81282 0 
2365 2.98883 3.86434 0 
2366 2.98905 3.91575 0 
2367 2.99004 3.96729 0 
2368 2.99163 4.0191 0 
2369 2.99376 4.07133 0 
2370 2.99643 4.12413 0 
2371 2.99966 4.17773 0 
2372 3.00353 4.23242 0 
2373 3.00819 4.28868 0 
2374 3.01376 4.34733 0 
2375 3.02028 4.40974 0 
2376 3.02752 4.47821 0 
2377 3.03472 4.55612 0 
2378 3.04133 4.64696 0 
2379 3.02584 4.74673 0 
2380 3.03025 4.77032 0 
2381 3.03255 4.79183 0 
2382 3.05072 4.82354 0 
2383 3.0709 4.87194 0 
2384 3.08142 4.92786 0 
2385 3.08435 4.98252 0 
2386 3.08732 5.03353 0 
2387 3.09541 5.08662 0 
2388 3.1026 5.14768 0 
2389 3.10433 5.21118 0 
2390 3.10254 5.27173 0 
2391 3.10012 5.32916 0 
2392 3.09946 5.38389 0 
2393 3.10139 5.43969 0 
2394 3.10303 5.49968 0 
2395 3.1011 5.56039 0 
2396 3.09712 5.61378 0 
2397 3.10187 5.66684 0 
2398 3.12274 5.72221 0 
2399 3.13746 5.82006 0 
2400 3.12025 5.94641 0 
2401 3.09481 6.03256 0 
2402 3.07391 6.08223 0 
2403 3.05347 6.11166 0 
2404 3.03445 6.13305 0 
2405 3.02197 6.16119 0 
2406 3.01397 6.19389 0 
2407 3.00986 6.22966 0 
2408 3.00999 6.2672 0 
2409 3.01574 6.30523 0 
2410 3.01248 6.41673 0 
2411 3.06974 1.43578 0 
2412 3.07985 1.55118 0 
2413 3.05994 1.60401 0 
2414 3.04681 1.65469 0 
2415 3.03867 1.70345 0 
2416 3.03421 1.75013 0 
2417 3.03258 1.79454 0 
2418 3.03323 1.83662 0 
2419 3.03586 1.87632 0 
2420 3.04045 1.91348 0 
2421 3.04739 1.94771 0 
2422 3.05765 1.97801 0 
2423 3.07351 2.00235 0 
2424 3.09419 2.02914 0 
2425 3.12001 2.06292 0 
2426 3.15197 2.10905 0 
2427 3.17647 2.1667 0 
2428 3.21206 2.27709 0 
2429 3.24149 2.42285 0 
2430 3.23225 2.51616 0 
2431 3.21107 2.58712 0 
2432 3.1997 2.64877 0 
2433 3.1947 2.70606 0 
2434 3.1942 2.76202 0 
2435 3.19585 2.81798 0 
2436 3.19722 2.87772 0 
2437 3.1977 2.93881 0 
2438 3.19723 2.99983 0 
2439 3.19556 3.06096 0 
2440 3.19197 3.12278 0 
2441 3.18546 3.18558 0 
2442 3.17529 3.24735 0 
2443 3.16179 3.30611 0 
2444 3.14635 3.35985 0 
2445 3.13131 3.40964 0 
2446 3.11565 3.46263 0 
2447 3.09303 3.51475 0 
2448 3.07497 3.5843 0 
2449 3.06304 3.64813 0 
2450 3.05544 3.70618 0 
2451 3.05069 3.76109 0 
2452 3.04798 3.81426 0 
2453 3.04676 3.86652 0 
2454 3.04667 3.91839 0 
2455 3.04745 3.97022 0 
2456 3.04893 4.02225 0 
2457 3.051 4.07475 0 
2458 3.05356 4.12792 0 
2459 3.05663 4.18199 0 
2460 3.06023 4.23732 0 
2461 3.06437 4.29439 0 
2462 3.06907 4.35388 0 
2463 3.0742 4.41685 0 
2464 3.07937 4.48461 0 
2465 3.08377 4.55851 0 
2466 3.08585 4.63891 0 
2467 3.08158 4.71879 0 
2468 3.08055 4.77184 0 
2469 3.08545 4.79336 0 
2470 3.09824 4.82967 0 
2471 3.11112 4.87646 0 
2472 3.11976 4.92879 0 
2473 3.12444 4.98218 0 
2474 3.12832 5.03513 0 
2475 3.13356 5.08981 0 
2476 3.13793 5.14842 0 
2477 3.13947 5.20889 0 
2478 3.13879 5.26846 0 
2479 3.1374 5.32647 0 
2480 3.13669 5.3832 0 
2481 3.13712 5.44033 0 
2482 3.13766 5.49907 0 
2483 3.1374 5.55812 0 
2484 3.13762 5.61534 0 
2485 3.14273 5.67336 0 
2486 3.15555 5.73693 0 
2487 3.17265 5.81456 0 
2488 3.16798 5.91038 0 
2489 3.15196 5.99192 0 
2490 3.13344 6.05227 0 
2491 3.11066 6.0905 0 
2492 3.08986 6.11976 0 
2493 3.07503 6.1531 0 
2494 3.06438 6.19036 0 
2495 3.05728 6.23151 0 
2496 3.05336 6.27593 0 
2497 3.05134 6.32116 0 
2498 3.06974 6.41673 0 
2499 3.12699 1.43578 0 
2500 3.11839 1.5355 0 
2501 3.1026 1.59555 0 
2502 3.09175 1.65254 0 
2503 3.0852 1.7059 0 
2504 3.08221 1.75548 0 
2505 3.08211 1.80144 0 
2506 3.08441 1.84411 0 
2507 3.08883 1.88394 0 
2508 3.09539 1.92118 0 
2509 3.10453 1.95584 0 
2510 3.11728 1.98749 0 
2511 3.1357 2.01521 0 
2512 3.15693 2.04623 0 
2513 3.18009 2.08413 0 
2514 3.20541 2.13236 0 
2515 3.23324 2.20168 0 
2516 3.2591 2.29485 0 
2517 3.27258 2.40437 0 
2518 3.26165 2.49693 0 
2519 3.24767 2.57249 0 
2520 3.23833 2.63878 0 
2521 3.23318 2.70028 0 
2522 3.23115 2.75962 0 
2523 3.23077 2.81852 0 
2524 3.23066 2.87844 0 
2525 3.23009 2.93895 0 
2526 3.22871 2.99958 0 
2527 3.22617 3.06025 0 
2528 3.22201 3.12105 0 
2529 3.21572 3.18179 0 
2530 3.20711 3.24148 0 
2531 3.19655 3.29915 0 
2532 3.18496 3.35431 0 
2533 3.17335 3.40832 0 
2534 3.16104 3.46465 0 
2535 3.1457 3.52315 0 
2536 3.13162 3.58617 0 
2537 3.12079 3.64778 0 
2538 3.11315 3.70638 0 
2539 3.10816 3.76229 0 
2540 3.10521 3.81628 0 
2541 3.10387 3.86902 0 
2542 3.10374 3.92112 0 
2543 3.10451 3.97304 0 
2544 3.10597 4.02515 0 
2545 3.10798 4.07773 0 
2546 3.11042 4.13101 0 
2547 3.11325 4.18528 0 
2548 3.11643 4.2408 0 
2549 3.11996 4.29797 0 
2550 3.12371 4.35729 0 
2551 3.12754 4.41935 0 
2552 3.13108 4.48467 0 
2553 3.13376 4.5533 0 
2554 3.13481 4.62374 0 
2555 3.13381 4.69072 0 
2556 3.13424 4.7445 0 
2557 3.13816 4.78496 0 
2558 3.14591 4.82835 0 
2559 3.15432 4.87654 0 
2560 3.16099 4.9282 0 
2561 3.16556 4.98138 0 
2562 3.16913 5.03531 0 
2563 3.17257 5.09072 0 
2564 3.17507 5.14842 0 
2565 3.1759 5.2075 0 
2566 3.17531 5.26653 0 
2567 3.17416 5.32487 0 
2568 3.17323 5.3826 0 
2569 3.17292 5.44045 0 
2570 3.17302 5.49896 0 
2571 3.17342 5.55783 0 
2572 3.17496 5.61663 0 
2573 3.17928 5.67677 0 
2574 3.1868 5.74076 0 
2575 3.19462 5.81115 0 
2576 3.19535 5.88708 0 
2577 3.18531 5.95708 0 
2578 3.17096 6.01542 0 
2579 3.15534 6.06229 0 
2580 3.13809 6.10108 0 
2581 3.12308 6.14007 0 
2582 3.11048 6.1823 0 
2583 3.10086 6.23012 0 
2584 3.0946 6.28517 0 
2585 3.09132 6.34891 0 
2586 3.12699 6.41673 0 
2587 3.18424 1.43578 0 
2588 3.1523 1.51736 0 
2589 3.13996 1.58882 0 
2590 3.13203 1.65373 0 
2591 3.1279 1.71239 0 
2592 3.12716 1.76504 0 
2593 3.12925 1.8123 0 
2594 3.13363 1.85516 0 
2595 3.13996 1.8948 0 
2596 3.14813 1.93215 0 
2597 3.15845 1.96774 0 
2598 3.17161 2.00184 0 
2599 3.18858 2.03471 0 
2600 3.20869 2.0687 0 
2601 3.22938 2.10979 0 
2602 3.25135 2.16106 0 
2603 3.27355 2.2294 0 
2604 3.292 2.31236 0 
2605 3.30055 2.40494 0 
2606 3.29016 2.48989 0 
2607 3.28074 2.56498 0 
2608 3.27368 2.63296 0 
2609 3.26914 2.69662 0 
2610 3.26662 2.75797 0 
2611 3.26531 2.81836 0 
2612 3.26434 2.87864 0 
2613 3.26312 2.93889 0 
2614 3.2612 2.99907 0 
2615 3.25828 3.05912 0 
2616 3.25406 3.11902 0 
2617 3.24836 3.17858 0 
2618 3.24118 3.23732 0 
2619 3.23286 3.29488 0 
2620 3.22394 3.35143 0 
2621 3.21483 3.40802 0 
2622 3.20515 3.46635 0 
2623 3.19418 3.52656 0 
2624 3.18358 3.58826 0 
2625 3.1747 3.64925 0 
2626 3.16802 3.70826 0 
2627 3.16349 3.7649 0 
2628 3.16092 3.81932 0 
2629 3.1599 3.87215 0 
2630 3.16007 3.92412 0 
2631 3.16109 3.97584 0 
2632 3.16269 4.02776 0 
2633 3.16472 4.08019 0 
2634 3.16706 4.13336 0 
2635 3.16964 4.18751 0 
2636 3.17238 4.24285 0 
2637 3.17523 4.29964 0 
2638 3.17809 4.35817 0 
2639 3.18078 4.41868 0 
2640 3.18304 4.48126 0 
2641 3.18459 4.54547 0 
2642 3.18515 4.60986 0 
2643 3.18503 4.67132 0 
2644 3.18573 4.72607 0 
2645 3.18844 4.77467 0 
2646 3.19331 4.82305 0 
2647 3.19892 4.87337 0 
2648 3.20386 4.92571 0 
2649 3.20759 4.9794 0 
2650 3.21031 5.03409 0 
2651 3.21224 5.0901 0 
2652 3.21319 5.1477 0 
2653 3.21303 5.20641 0 
2654 3.212 5.26538 0 
2655 3.21062 5.32409 0 
2656 3.20935 5.38242 0 
2657 3.20852 5.44075 0 
2658 3.20827 5.49938 0 
2659 3.20881 5.55835 0 
2660 3.21058 5.61769 0 
2661 3.21406 5.67812 0 
2662 3.21886 5.7407 0 
2663 3.22305 5.80592 0 
2664 3.22349 5.87219 0 
2665 3.21854 5.93482 0 
2666 3.2095 5.99057 0 
2667 3.19763 6.03887 0 
2668 3.18338 6.08172 0 
2669 3.168 6.12321 0 
2670 3.15274 6.16796 0 
2671 3.1401 6.22125 0 
2672 3.13246 6.28631 0 
2673 3.13887 6.36193 0 
2674 3.18424 6.41673 0 
2675 3.24149 1.43578 0 
2676 3.18709 1.50395 0 
2677 3.17226 1.58716 0 
2678 3.16789 1.66078 0 
2679 3.16673 1.7252 0 
2680 3.16901 1.7807 0 
2681 3.17405 1.82833 0 
2682 3.18109 1.87013 0 
2683 3.18954 1.90859 0 
2684 3.19913 1.94545 0 
2685 3.20995 1.98178 0 
2686 3.22246 2.01819 0 
2687 3.23711 2.05539 0 
2688 3.25384 2.09473 0 
2689 3.27214 2.1389 0 
2690 3.2912 2.19212 0 
2691 3.30863 2.25731 0 
2692 3.32178 2.33205 0 
2693 3.32399 2.41323 0 
2694 3.31798 2.49089 0 
2695 3.31202 2.56315 0 
2696 3.30704 2.63076 0 
2697 3.30341 2.6951 0 
2698 3.30102 2.75736 0 
2699 3.29947 2.81843 0 
2700 3.29819 2.87886 0 
2701 3.29669 2.93887 0 
2702 3.29456 2.99858 0 
2703 3.29158 3.058 0 
2704 3.28756 3.11716 0 
2705 3.2825 3.17599 0 
2706 3.27653 3.23432 0 
2707 3.2699 3.29212 0 
2708 3.26292 3.34974 0 
2709 3.25577 3.40789 0 
2710 3.24827 3.46745 0 
2711 3.24021 3.52849 0 
2712 3.23234 3.59039 0 
2713 3.22548 3.65192 0 
2714 3.22015 3.7119 0 
2715 3.21661 3.7694 0 
2716 3.21493 3.82391 0 
2717 3.21479 3.87625 0 
2718 3.21571 3.92753 0 
2719 3.21727 3.97862 0 
2720 3.21922 4.03002 0 
2721 3.22138 4.08207 0 
2722 3.22366 4.13491 0 
2723 3.22598 4.18873 0 
2724 3.22829 4.24363 0 
2725 3.23051 4.29973 0 
2726 3.23253 4.35718 0 
2727 3.23423 4.416 0 
2728 3.23544 4.47609 0 
2729 3.23604 4.53692 0 
2730 3.23604 4.59745 0 
2731 3.23583 4.65598 0 
2732 3.23614 4.71111 0 
2733 3.23761 4.76353 0 
2734 3.24052 4.81531 0 
2735 3.24418 4.86778 0 
2736 3.2477 4.92138 0 
2737 3.25044 4.97597 0 
2738 3.25205 5.03151 0 
2739 3.25247 5.0882 0 
2740 3.2518 5.14625 0 
2741 3.25039 5.20538 0 
2742 3.24865 5.26483 0 
2743 3.24681 5.32404 0 
2744 3.24508 5.3829 0 
2745 3.24372 5.44161 0 
2746 3.24306 5.50045 0 
2747 3.24351 5.5595 0 
2748 3.24528 5.61886 0 
2749 3.24828 5.6788 0 
2750 3.25203 5.73965 0 
2751 3.25543 5.80131 0 
2752 3.25699 5.86248 0 
2753 3.25555 5.9207 0 
2754 3.25075 5.97386 0 
2755 3.2423 6.02127 0 
2756 3.22967 6.0636 0 
2757 3.21242 6.10257 0 
2758 3.19133 6.14428 0 
2759 3.17409 6.19925 0 
2760 3.16437 6.27273 0 
2761 3.17542 6.35869 0 
2762 3.24149 6.41673 0 
2763 3.29875 1.43578 0 
2764 3.22248 1.50195 0 
2765 3.20569 1.59363 0 
2766 3.19968 1.67656 0 
2767 3.20143 1.74739 0 
2768 3.20773 1.80516 0 
2769 3.21686 1.85113 0 
2770 3.22735 1.88916 0 
2771 3.23842 1.92455 0 
2772 3.24935 1.95986 0 
2773 3.26023 1.99629 0 
2774 3.27155 2.03441 0 
2775 3.28377 2.07475 0 
2776 3.29696 2.11824 0 
2777 3.31079 2.16642 0 
2778 3.32453 2.22118 0 
2779 3.33688 2.28333 0 
2780 3.34558 2.35188 0 
2781 3.3478 2.42429 0 
2782 3.34587 2.49587 0 
2783 3.34262 2.56489 0 
2784 3.33934 2.63122 0 
2785 3.33665 2.69533 0 
2786 3.3347 2.75781 0 
2787 3.33332 2.8191 0 
2788 3.33216 2.8795 0 
2789 3.33075 2.93919 0 
2790 3.32872 2.99832 0 
2791 3.32584 3.05707 0 
2792 3.32208 3.11554 0 
2793 3.31756 3.17384 0 
2794 3.31252 3.23194 0 
2795 3.30718 3.28999 0 
2796 3.30171 3.34832 0 
2797 3.29614 3.40744 0 
2798 3.29041 3.46789 0 
2799 3.2845 3.52977 0 
2800 3.27878 3.59264 0 
2801 3.27374 3.65569 0 
2802 3.26981 3.71767 0 
2803 3.26744 3.77677 0 
2804 3.2672 3.83079 0 
2805 3.26859 3.88168 0 
2806 3.27081 3.93144 0 
2807 3.2733 3.9813 0 
2808 3.27578 4.03183 0 
2809 3.27815 4.08328 0 
2810 3.28039 4.13565 0 
2811 3.28248 4.189 0 
2812 3.28436 4.24331 0 
2813 3.28599 4.29861 0 
2814 3.28728 4.35492 0 
2815 3.28811 4.41214 0 
2816 3.28839 4.47011 0 
2817 3.28809 4.52836 0 
2818 3.2874 4.58614 0 
2819 3.28673 4.64242 0 
2820 3.28647 4.69689 0 
2821 3.28647 4.75141 0 
2822 3.28763 4.80568 0 
2823 3.2897 4.86016 0 
2824 3.29212 4.91529 0 
2825 3.29398 4.97104 0 
2826 3.29443 5.02747 0 
2827 3.29308 5.08502 0 
2828 3.29043 5.14406 0 
2829 3.28751 5.20437 0 
2830 3.28495 5.2649 0 
2831 3.28261 5.3249 0 
2832 3.28037 5.38426 0 
2833 3.27835 5.44329 0 
2834 3.27713 5.50234 0 
2835 3.27745 5.56152 0 
2836 3.27939 5.62067 0 
2837 3.2824 5.67977 0 
2838 3.28602 5.73898 0 
2839 3.28995 5.79818 0 
2840 3.29368 5.85645 0 
2841 3.29615 5.91204 0 
2842 3.29596 5.96314 0 
2843 3.29156 6.00884 0 
2844 3.28108 6.04871 0 
2845 3.26248 6.08245 0 
2846 3.23549 6.11456 0 
2847 3.21604 6.16857 0 
2848 3.19993 6.24813 0 
2849 3.21053 6.34699 0 
2850 3.29875 6.41673 0 
2851 3.356 1.43578 0 
2852 3.25815 1.50907 0 
2853 3.24033 1.60807 0 
2854 3.23521 1.69876 0 
2855 3.23937 1.77366 0 
2856 3.24925 1.83255 0 
2857 3.26111 1.87644 0 
2858 3.27341 1.91161 0 
2859 3.28804 1.94118 0 
2860 3.30022 1.97364 0 
2861 3.3106 2.00964 0 
2862 3.3202 2.04899 0 
2863 3.32974 2.09162 0 
2864 3.33952 2.13781 0 
2865 3.34942 2.18821 0 
2866 3.35892 2.24351 0 
2867 3.36713 2.30384 0 
2868 3.3729 2.36838 0 
2869 3.37527 2.43536 0 
2870 3.37499 2.50251 0 
2871 3.37333 2.56861 0 
2872 3.3712 2.63336 0 
2873 3.36925 2.69684 0 
2874 3.3678 2.75924 0 
2875 3.36692 2.82057 0 
2876 3.36626 2.88084 0 
2877 3.36532 2.94007 0 
2878 3.36362 2.99848 0 
2879 3.36094 3.05636 0 
2880 3.35734 3.11407 0 
2881 3.35316 3.1718 0 
2882 3.34876 3.22969 0 
2883 3.3444 3.28785 0 
2884 3.34013 3.34659 0 
2885 3.33591 3.40629 0 
2886 3.33162 3.46746 0 
2887 3.32734 3.53031 0 
2888 3.32331 3.59478 0 
2889 3.31986 3.66041 0 
2890 3.31722 3.72619 0 
2891 3.31574 3.78915 0 
2892 3.31765 3.84119 0 
2893 3.32161 3.8887 0 
2894 3.32585 3.93561 0 
2895 3.32959 3.98355 0 
2896 3.3327 4.0329 0 
2897 3.3353 4.08363 0 
2898 3.33748 4.13551 0 
2899 3.33931 4.18838 0 
2900 3.34078 4.24211 0 
2901 3.34188 4.29663 0 
2902 3.34252 4.35185 0 
2903 3.34259 4.40768 0 
2904 3.34202 4.46391 0 
2905 3.34081 4.52019 0 
2906 3.33931 4.57586 0 
2907 3.33823 4.62975 0 
2908 3.33795 4.68134 0 
2909 3.33563 4.73767 0 
2910 3.33454 4.7941 0 
2911 3.33509 4.85061 0 
2912 3.33683 4.90759 0 
2913 3.3383 4.9646 0 
2914 3.33768 5.02188 0 
2915 3.33406 5.08034 0 
2916 3.32855 5.14096 0 
2917 3.32372 5.20353 0 
2918 3.32055 5.26595 0 
2919 3.31795 5.32698 0 
2920 3.31524 5.38678 0 
2921 3.31228 5.44603 0 
2922 3.31011 5.50535 0 
2923 3.31038 5.56483 0 
2924 3.31311 5.62381 0 
2925 3.31658 5.68179 0 
2926 3.32036 5.73927 0 
2927 3.3253 5.79671 0 
2928 3.33223 5.85357 0 
2929 3.34014 5.90794 0 
2930 3.34631 5.95767 0 
2931 3.348 6.0019 0 
2932 3.34169 6.03974 0 
2933 3.32471 6.06868 0 
2934 3.29798 6.09946 0 
2935 3.26727 6.13302 0 
2936 3.2485 6.21172 0 
2937 3.25007 6.33489 0 
2938 3.356 6.41673 0 
2939 3.41325 1.43578 0 
2940 3.29672 1.52807 0 
2941 3.28656 1.62884 0 
2942 3.28919 1.72327 0 
2943 3.28519 1.79969 0 
2944 3.29786 1.85601 0 
2945 3.31162 1.89613 0 
2946 3.32566 1.92811 0 
2947 3.34093 1.95543 0 
2948 3.35364 1.98435 0 
2949 3.36237 2.02012 0 
2950 3.36937 2.06082 0 
2951 3.3758 2.10549 0 
2952 3.38216 2.15374 0 
2953 3.38847 2.20561 0 
2954 3.39443 2.26118 0 
2955 3.39954 2.32029 0 
2956 3.40324 2.38223 0 
2957 3.40515 2.44575 0 
2958 3.40543 2.50962 0 
2959 3.40452 2.57315 0 
2960 3.40294 2.63625 0 
2961 3.40135 2.69902 0 
2962 3.40032 2.76141 0 
2963 3.40015 2.82297 0 
2964 3.4005 2.8832 0 
2965 3.40052 2.94187 0 
2966 3.39945 2.99924 0 
2967 3.39694 3.0559 0 
2968 3.39325 3.1125 0 
2969 3.389 3.1695 0 
2970 3.3849 3.22706 0 
2971 3.38128 3.2852 0 
2972 3.37806 3.34408 0 
2973 3.37496 3.40405 0 
2974 3.37181 3.4657 0 
2975 3.36873 3.52957 0 
2976 3.36609 3.59603 0 
2977 3.36411 3.66535 0 
2978 3.36262 3.7378 0 
2979 3.36041 3.81212 0 
2980 3.36609 3.8566 0 
2981 3.37461 3.89695 0 
2982 3.38179 3.93918 0 
2983 3.38693 3.98458 0 
2984 3.39055 4.03272 0 
2985 3.39316 4.08287 0 
2986 3.39513 4.13439 0 
2987 3.39661 4.18692 0 
2988 3.39768 4.24016 0 
2989 3.39829 4.29402 0 
2990 3.39837 4.34833 0 
2991 3.39781 4.40301 0 
2992 3.39645 4.45791 0 
2993 3.39425 4.51281 0 
2994 3.39158 4.56738 0 
2995 3.39012 4.61955 0 
2996 3.39342 4.66084 0 
2997 3.38605 4.72137 0 
2998 3.38079 4.78006 0 
2999 3.37952 4.83906 0 
3000 3.38149 4.89847 0 
3001 3.38372 4.95686 0 
3002 3.38252 5.01448 0 
3003 3.37561 5.07347 0 
3004 3.36531 5.13652 0 
3005 3.35794 5.20327 0 
3006 3.35503 5.26876 0 
3007 3.35287 5.33091 0 
3008 3.34988 5.39081 0 
3009 3.34538 5.44995 0 
3010 3.3412 5.50975 0 
3011 3.34175 5.57017 0 
3012 3.3469 5.62925 0 
3013 3.35127 5.68541 0 
3014 3.35444 5.74048 0 
3015 3.35969 5.79656 0 
3016 3.37108 5.85368 0 
3017 3.38736 5.90859 0 
3018 3.40299 5.95729 0 
3019 3.41451 6.00078 0 
3020 3.41536 6.03926 0 
3021 3.40455 6.06512 0 
3022 3.38452 6.09433 0 
3023 3.35532 6.13443 0 
3024 3.32152 6.17451 0 
3025 3.28011 6.30121 0 
3026 3.41325 6.41673 0 
3027 3.4705 1.43578 0 
3028 3.35288 1.53924 0 
3029 3.36662 1.64855 0 
3030 3.36389 1.74778 0 
3031 3.35149 1.8241 0 
3032 3.35901 1.87171 0 
3033 3.37544 1.90814 0 
3034 3.39085 1.93671 0 
3035 3.40372 1.95953 0 
3036 3.41197 1.98865 0 
3037 3.41665 2.02615 0 
3038 3.41971 2.06918 0 
3039 3.42235 2.11625 0 
3040 3.42512 2.1665 0 
3041 3.42802 2.21961 0 
3042 3.43082 2.27549 0 
3043 3.43327 2.33391 0 
3044 3.43523 2.39424 0 
3045 3.43654 2.45542 0 
3046 3.43699 2.51663 0 
3047 3.43638 2.57763 0 
3048 3.43475 2.63893 0 
3049 3.43287 2.70109 0 
3050 3.43189 2.76399 0 
3051 3.43271 2.82648 0 
3052 3.43481 2.88712 0 
3053 3.43661 2.94517 0 
3054 3.43661 3.00094 0 
3055 3.43425 3.05559 0 
3056 3.42988 3.11048 0 
3057 3.42484 3.16644 0 
3058 3.42058 3.22358 0 
3059 3.41754 3.28162 0 
3060 3.41537 3.34041 0 
3061 3.41331 3.40023 0 
3062 3.41095 3.46197 0 
3063 3.40856 3.52662 0 
3064 3.40688 3.59508 0 
3065 3.40659 3.6684 0 
3066 3.40759 3.74927 0 
3067 3.40635 3.842 0 
3068 3.41231 3.87626 0 
3069 3.42973 3.90393 0 
3070 3.44062 3.93993 0 
3071 3.44656 3.98293 0 
3072 3.44994 4.03047 0 
3073 3.45206 4.08061 0 
3074 3.45351 4.1322 0 
3075 3.45449 4.18466 0 
3076 3.45508 4.23764 0 
3077 3.45526 4.29099 0 
3078 3.45489 4.34461 0 
3079 3.45385 4.3984 0 
3080 3.45187 4.45226 0 
3081 3.44863 4.50622 0 
3082 3.44385 4.56085 0 
3083 3.43885 4.62024 0 
3084 3.44819 4.65289 0 
3085 3.43978 4.70284 0 
3086 3.42466 4.76253 0 
3087 3.42135 4.82542 0 
3088 3.42545 4.88873 0 
3089 3.43107 4.94837 0 
3090 3.43076 5.00492 0 
3091 3.41875 5.06277 0 
3092 3.399 5.12976 0 
3093 3.38826 5.20471 0 
3094 3.38828 5.27491 0 
3095 3.38785 5.33756 0 
3096 3.38508 5.39657 0 
3097 3.37765 5.45475 0 
3098 3.36862 5.51559 0 
3099 3.37028 5.57891 0 
3100 3.38254 5.63889 0 
3101 3.38801 5.69102 0 
3102 3.38741 5.74153 0 
3103 3.38949 5.79652 0 
3104 3.40735 5.85725 0 
3105 3.43819 5.91598 0 
3106 3.46737 5.96167 0 
3107 3.49568 6.00394 0 
3108 3.50451 6.0556 0 
3109 3.49761 6.09228 0 
3110 3.48742 6.11945 0 
3111 3.47321 6.14716 0 
3112 3.42749 6.17692 0 
3113 3.3791 6.2673 0 
3114 3.4705 6.41673 0 
3115 3.52776 1.43578 0 
3116 3.44137 1.53463 0 
3117 3.44488 1.64822 0 
3118 3.43252 1.7682 0 
3119 3.42808 1.81996 0 
3120 3.45406 1.86548 0 
3121 3.46503 1.89843 0 
3122 3.47296 1.92432 0 
3123 3.47504 1.94978 0 
3124 3.4751 1.98498 0 
3125 3.47344 2.02708 0 
3126 3.47121 2.07396 0 
3127 3.46938 2.12418 0 
3128 3.46839 2.17666 0 
3129 3.46798 2.23101 0 
3130 3.46776 2.28726 0 
3131 3.4676 2.34548 0 
3132 3.46787 2.40506 0 
3133 3.46876 2.46469 0 
3134 3.46957 2.52342 0 
3135 3.46924 2.5814 0 
3136 3.46687 2.64025 0 
3137 3.46354 2.7018 0 
3138 3.46161 2.76634 0 
3139 3.46368 2.8315 0 
3140 3.46908 2.89363 0 
3141 3.47417 2.95108 0 
3142 3.47608 3.00421 0 
3143 3.47377 3.05533 0 
3144 3.46758 3.10726 0 
3145 3.4603 3.16172 0 
3146 3.45513 3.21864 0 
3147 3.45274 3.27684 0 
3148 3.45205 3.33537 0 
3149 3.4512 3.39437 0 
3150 3.44914 3.45537 0 
3151 3.44646 3.52025 0 
3152 3.44489 3.59029 0 
3153 3.44643 3.66648 0 
3154 3.45342 3.75301 0 
3155 3.45414 3.84151 0 
3156 3.47136 3.87707 0 
3157 3.49408 3.90214 0 
3158 3.50602 3.93353 0 
3159 3.5098 3.97643 0 
3160 3.51127 4.02523 0 
3161 3.51204 4.07658 0 
3162 3.51255 4.12895 0 
3163 3.51285 4.1817 0 
3164 3.51293 4.23467 0 
3165 3.5127 4.28773 0 
3166 3.51204 4.34086 0 
3167 3.51076 4.394 0 
3168 3.50853 4.44706 0 
3169 3.50477 4.49992 0 
3170 3.49804 4.55219 0 
3171 3.48374 4.60186 0 
3172 3.49868 4.66656 0 
3173 3.52776 4.75641 0 
3174 3.52776 4.81367 0 
3175 3.52776 4.87092 0 
3176 3.52776 4.92817 0 
3177 3.52776 4.98542 0 
3178 3.52776 5.04268 0 
3179 3.52776 5.09993 0 
3180 3.52776 5.15718 0 
3181 3.52776 5.21443 0 
3182 3.52776 5.27169 0 
3183 3.52776 5.32894 0 
3184 3.52776 5.38619 0 
3185 3.52776 5.44344 0 
3186 3.52776 5.5007 0 
3187 3.52776 5.55795 0 
3188 3.52776 5.6152 0 
3189 3.52776 5.67245 0 
3190 3.52776 5.7297 0 
3191 3.52776 5.78696 0 
3192 3.52776 5.84421 0 
3193 3.52776 5.90146 0 
3194 3.52776 5.95871 0 
3195 3.52776 6.01596 0 
3196 3.52776 6.07322 0 
3197 3.52776 6.13047 0 
3198 3.52776 6.18772 0 
3199 3.52776 6.24498 0 
3200 3.52776 6.30223 0 
3201 3.52776 6.35948 0 
3202 3.52776 6.41673 0 
3203 3.58501 1.43578 0 
3204 3.57234 1.52546 0 
3205 3.53052 1.63628 0 
3206 3.51845 1.76537 0 
3207 3.54273 1.79171 0 
3208 3.56002 1.82296 0 
3209 3.56773 1.85494 0 
3210 3.56177 1.89092 0 
3211 3.55032 1.9303 0 
3212 3.54139 1.97463 0 
3213 3.53194 2.02357 0 
3214 3.52327 2.07566 0 
3215 3.51629 2.13008 0 
3216 3.51165 2.18507 0 
3217 3.5082 2.2405 0 
3218 3.50499 2.29689 0 
3219 3.50172 2.35533 0 
3220 3.50004 2.41534 0 
3221 3.50107 2.4744 0 
3222 3.50328 2.53062 0 
3223 3.50413 2.58402 0 
3224 3.50018 2.63835 0 
3225 3.49304 2.69862 0 
3226 3.48744 2.76682 0 
3227 3.49111 2.83887 0 
3228 3.50312 2.90479 0 
3229 3.51444 2.96178 0 
3230 3.51985 3.01029 0 
3231 3.51782 3.05475 0 
3232 3.50737 3.10111 0 
3233 3.49444 3.15374 0 
3234 3.48726 3.21133 0 
3235 3.48601 3.27097 0 
3236 3.48823 3.32925 0 
3237 3.48937 3.38628 0 
3238 3.48699 3.44472 0 
3239 3.48213 3.50885 0 
3240 3.47843 3.58046 0 
3241 3.47975 3.65837 0 
3242 3.49044 3.73629 0 
3243 3.53465 3.80633 0 
3244 3.56302 3.83325 0 
3245 3.57609 3.87115 0 
3246 3.58298 3.91389 0 
3247 3.57682 3.96296 0 
3248 3.57402 4.01673 0 
3249 3.57265 4.07101 0 
3250 3.57192 4.12489 0 
3251 3.57145 4.17834 0 
3252 3.57102 4.23147 0 
3253 3.57047 4.28439 0 
3254 3.56966 4.33718 0 
3255 3.5684 4.38991 0 
3256 3.56648 4.44255 0 
3257 3.5635 4.49509 0 
3258 3.55871 4.54738 0 
3259 3.55064 4.59936 0 
3260 3.54544 4.64509 0 
3261 3.58501 4.75641 0 
3262 3.64226 1.43578 0 
3263 3.64226 1.49303 0 
3264 3.64226 1.55028 0 
3265 3.64226 1.60754 0 
3266 3.64226 1.66479 0 
3267 3.64226 1.72204 0 
3268 3.64226 1.77929 0 
3269 3.64226 1.83655 0 
3270 3.64226 1.8938 0 
3271 3.64226 1.95105 0 
3272 3.64226 2.0083 0 
3273 3.64226 2.06556 0 
3274 3.64226 2.12281 0 
3275 3.64226 2.18006 0 
3276 3.64226 2.23731 0 
3277 3.64226 2.29456 0 
3278 3.64226 2.35182 0 
3279 3.64226 2.40907 0 
3280 3.64226 2.46632 0 
3281 3.64226 2.52357 0 
3282 3.64226 2.58083 0 
3283 3.64226 2.63808 0 
3284 3.64226 2.69533 0 
3285 3.64226 2.75258 0 
3286 3.64226 2.80984 0 
3287 3.64226 2.86709 0 
3288 3.64226 2.92434 0 
3289 3.64226 2.98159 0 
3290 3.64226 3.03885 0 
3291 3.64226 3.0961 0 
3292 3.64226 3.15335 0 
3293 3.64226 3.2106 0 
3294 3.64226 3.26785 0 
3295 3.64226 3.32511 0 
3296 3.64226 3.38236 0 
3297 3.64226 3.43961 0 
3298 3.64226 3.49686 0 
3299 3.64226 3.55412 0 
3300 3.64226 3.61137 0 
3301 3.64226 3.66862 0 
3302 3.64226 3.72587 0 
3303 3.64226 3.78312 0 
3304 3.64488 3.82594 0 
3305 3.65499 3.8743 0 
3306 3.64144 3.94273 0 
3307 3.63571 4.00653 0 
3308 3.63273 4.06511 0 
3309 3.63101 4.12083 0 
3310 3.62991 4.17498 0 
3311 3.62906 4.22828 0 
3312 3.62828 4.28108 0 
3313 3.6274 4.33363 0 
3314 3.62635 4.38605 0 
3315 3.62501 4.43851 0 
3316 3.62338 4.49115 0 
3317 3.62173 4.54425 0 
3318 3.62126 4.59812 0 
3319 3.62514 4.65264 0 
3320 3.64226 4.75641 0 
3321 3.69951 3.78312 0 
3322 3.7123 3.82516 0 
3323 3.7071 3.84169 0 
3324 3.69921 3.92866 0 
3325 3.69433 4.00031 0 
3326 3.69125 4.06134 0 
3327 3.68923 4.11784 0 
3328 3.68781 4.17217 0 
3329 3.68673 4.22535 0 
3330 3.68582 4.2779 0 
3331 3.68495 4.33011 0 
3332 3.68405 4.38219 0 
3333 3.68308 4.43433 0 
3334 3.68206 4.48685 0 
3335 3.6812 4.5403 0 
3336 3.68095 4.5956 0 
3337 3.68203 4.65439 0 
3338 3.69951 4.75641 0 
3339 3.75676 3.78312 0 
3340 3.74383 3.84878 0 
3341 3.75521 3.88366 0 
3342 3.75246 3.94315 0 
3343 3.75021 4.00414 0 
3344 3.74813 4.06163 0 
3345 3.74638 4.11667 0 
3346 3.74497 4.17021 0 
3347 3.74385 4.22282 0 
3348 3.7429 4.27489 0 
3349 3.74208 4.3266 0 
3350 3.74128 4.37811 0 
3351 3.74044 4.42958 0 
3352 3.73949 4.48127 0 
3353 3.73828 4.53376 0 
3354 3.73662 4.58817 0 
3355 3.73416 4.64704 0 
3356 3.75676 4.75641 0 
3357 3.81402 3.78312 0 
3358 3.78233 3.87695 0 
3359 3.79954 3.91266 0 
3360 3.80447 3.95945 0 
3361 3.80496 4.01127 0 
3362 3.80396 4.06409 0 
3363 3.80264 4.1167 0 
3364 3.80136 4.16888 0 
3365 3.80029 4.22065 0 
3366 3.79942 4.27203 0 
3367 3.79868 4.3231 0 
3368 3.79802 4.37384 0 
3369 3.79732 4.42424 0 
3370 3.79634 4.47432 0 
3371 3.79472 4.52421 0 
3372 3.79168 4.57449 0 
3373 3.78562 4.62708 0 
3374 3.81402 4.75641 0 
3375 3.87127 3.78312 0 
3376 3.84872 3.90032 0 
3377 3.8571 3.93042 0 
3378 3.86031 3.97085 0 
3379 3.86055 4.01722 0 
3380 3.85957 4.06644 0 
3381 3.85826 4.11687 0 
3382 3.85703 4.16772 0 
3383 3.85604 4.21861 0 
3384 3.85531 4.26933 0 
3385 3.8548 4.31974 0 
3386 3.85443 4.36967 0 
3387 3.85406 4.41884 0 
3388 3.85349 4.46686 0 
3389 3.85223 4.51311 0 
3390 3.84933 4.5565 0 
3391 3.84281 4.59497 0 
3392 3.87127 4.75641 0 
3393 3.92852 3.78312 0 
3394 3.92339 3.90929 0 
3395 3.92085 3.93826 0 
3396 3.91905 3.97617 0 
3397 3.91701 4.01997 0 
3398 3.91498 4.06721 0 
3399 3.91322 4.11631 0 
3400 3.91189 4.16626 0 
3401 3.91101 4.21653 0 
3402 3.91051 4.26678 0 
3403 3.91037 4.31675 0 
3404 3.91055 4.36609 0 
3405 3.91097 4.41432 0 
3406 3.91155 4.46068 0 
3407 3.9122 4.50391 0 
3408 3.91289 4.54186 0 
3409 3.91414 4.57098 0 
3410 3.92852 4.75641 0 
3411 3.98577 3.78312 0 
3412 3.99391 3.90661 0 
3413 3.98468 3.93699 0 
3414 3.97801 3.9752 0 
3415 3.97309 4.01878 0 
3416 3.96953 4.06571 0 
3417 3.96714 4.11448 0 
3418 3.96567 4.16421 0 
3419 3.96493 4.21434 0 
3420 3.96482 4.26451 0 
3421 3.96527 4.31442 0 
3422 3.96626 4.36369 0 
3423 3.96789 4.41174 0 
3424 3.9703 4.45764 0 
3425 3.97378 4.49989 0 
3426 3.97919 4.53619 0 
3427 3.98856 4.5635 0 
3428 3.98577 4.75641 0 
3429 4.04303 3.78312 0 
3430 4.06032 3.89363 0 
3431 4.0465 3.92742 0 
3432 4.0352 3.96821 0 
3433 4.02729 4.01366 0 
3434 4.02226 4.06179 0 
3435 4.01933 4.11135 0 
3436 4.0179 4.16156 0 
3437 4.01753 4.21207 0 
3438 4.01797 4.26261 0 
3439 4.01917 4.31297 0 
3440 4.0212 4.36289 0 
3441 4.02432 4.41185 0 
3442 4.0289 4.45895 0 
3443 4.03549 4.50277 0 
3444 4.04496 4.54115 0 
3445 4.05819 4.57238 0 
3446 4.04303 4.75641 0 
3447 4.10028 3.78312 0 
3448 4.12069 3.87008 0 
3449 4.1064 3.91016 0 
3450 4.08884 3.9558 0 
3451 4.07802 4.00517 0 
3452 4.07198 4.05597 0 
3453 4.06907 4.10723 0 
3454 4.06811 4.15855 0 
3455 4.06841 4.20986 0 
3456 4.0696 4.26117 0 
3457 4.07164 4.31251 0 
3458 4.07477 4.36381 0 
3459 4.07948 4.41486 0 
3460 4.08647 4.46507 0 
3461 4.09655 4.5133 0 
3462 4.10984 4.55805 0 
3463 4.11941 4.60332 0 
3464 4.10028 4.75641 0 
3465 4.15753 3.78312 0 
3466 4.17344 3.84766 0 
3467 4.15864 3.8928 0 
3468 4.13566 3.93878 0 
3469 4.12314 3.99453 0 
3470 4.11751 4.04927 0 
3471 4.11568 4.10286 0 
3472 4.11594 4.15561 0 
3473 4.11732 4.20792 0 
3474 4.11941 4.26019 0 
3475 4.12223 4.31278 0 
3476 4.12621 4.36606 0 
3477 4.13224 4.42028 0 
3478 4.14173 4.4755 0 
3479 4.15618 4.53089 0 
3480 4.167 4.58973 0 
3481 4.17728 4.6487 0 
3482 4.15753 4.75641 0 
3483 4.21478 3.78312 0 
3484 4.22888 3.8273 0 
3485 4.20627 3.87962 0 
3486 4.17749 3.92587 0 
3487 4.1605 3.98436 0 
3488 4.15793 4.04352 0 
3489 4.15888 4.09938 0 
3490 4.16133 4.15338 0 
3491 4.1643 4.20647 0 
3492 4.16734 4.2595 0 
3493 4.17057 4.31325 0 
3494 4.1746 4.36861 0 
3495 4.18086 4.42664 0 
3496 4.19207 4.48864 0 
3497 4.20333 4.55612 0 
3498 4.21796 4.62989 0 
3499 4.24363 4.6995 0 
3500 4.21478 4.75641 0 
3501 4.27204 3.78312 0 
3502 4.28622 3.81997 0 
3503 4.2493 3.87276 0 
3504 4.21192 3.92098 0 
3505 4.1935 3.98067 0 
3506 4.19363 4.0412 0 
3507 4.19923 4.0981 0 
3508 4.20494 4.15252 0 
3509 4.2099 4.20569 0 
3510 4.21379 4.25875 0 
3511 4.21671 4.31297 0 
3512 4.21935 4.36974 0 
3513 4.22321 4.4309 0 
3514 4.23166 4.49889 0 
3515 4.24173 4.57334 0 
3516 4.27142 4.64698 0 
3517 4.31391 4.72448 0 
3518 4.27204 4.75641 0 
3519 4.32929 3.78312 0 
3520 4.3293 3.81446 0 
3521 4.28747 3.87046 0 
3522 4.24124 3.92351 0 
3523 4.22402 3.98449 0 
3524 4.22692 4.04439 0 
3525 4.2384 4.10012 0 
3526 4.24822 4.15363 0 
3527 4.25546 4.20565 0 
3528 4.2599 4.25747 0 
3529 4.26163 4.3107 0 
3530 4.26109 4.36731 0 
3531 4.25923 4.42984 0 
3532 4.25789 4.50071 0 
3533 4.27307 4.57675 0 
3534 4.30536 4.65235 0 
3535 4.35142 4.73389 0 
3536 4.32929 4.75641 0 
3537 4.38654 3.78312 0 
3538 4.36986 3.80717 0 
3539 4.32357 3.8721 0 
3540 4.27022 3.92895 0 
3541 4.25595 3.99488 0 
3542 4.2633 4.05331 0 
3543 4.27978 4.10591 0 
3544 4.29365 4.1573 0 
3545 4.30316 4.20644 0 
3546 4.30784 4.25499 0 
3547 4.30753 4.30503 0 
3548 4.30252 4.35895 0 
3549 4.29335 4.41978 0 
3550 4.28444 4.49013 0 
3551 4.29779 4.56632 0 
3552 4.32786 4.64452 0 
3553 4.35901 4.72472 0 
3554 4.38654 4.75641 0 
3555 4.44379 3.78312 0 
3556 4.40437 3.81407 0 
3557 4.3334 3.90425 0 
3558 4.30042 3.9316 0 
3559 4.29576 4.00775 0 
3560 4.30708 4.06712 0 
3561 4.32634 4.11728 0 
3562 4.34436 4.16472 0 
3563 4.35622 4.20826 0 
3564 4.36083 4.25067 0 
3565 4.35775 4.29444 0 
3566 4.34725 4.34228 0 
3567 4.33028 4.39822 0 
3568 4.31194 4.46681 0 
3569 4.32028 4.54442 0 
3570 4.3467 4.63059 0 
3571 4.37958 4.71531 0 
3572 4.44379 4.75641 0 
3573 4.50104 3.78312 0 
3574 4.43821 3.8255 0 
3575 4.35087 3.92633 0 
3576 4.34221 3.96642 0 
3577 4.3451 4.03055 0 
3578 4.35797 4.09226 0 
3579 4.38075 4.14031 0 
3580 4.40476 4.17818 0 
3581 4.41931 4.21135 0 
3582 4.42379 4.24366 0 
3583 4.41707 4.27731 0 
3584 4.39951 4.31388 0 
3585 4.37531 4.3605 0 
3586 4.35872 4.42823 0 
3587 4.34169 4.50801 0 
3588 4.36852 4.60297 0 
3589 4.40843 4.70786 0 
3590 4.50104 4.75641 0 
3591 4.5583 3.78312 0 
3592 4.5089 3.8674 0 
3593 4.44049 3.93131 0 
3594 4.40876 3.99844 0 
3595 4.41687 4.06279 0 
3596 4.43362 4.12398 0 
3597 4.45878 4.16212 0 
3598 4.48202 4.19146 0 
3599 4.49913 4.21431 0 
3600 4.50345 4.23384 0 
3601 4.49291 4.25758 0 
3602 4.4735 4.28535 0 
3603 4.45185 4.32079 0 
3604 4.42526 4.36921 0 
3605 4.40108 4.44497 0 
3606 4.39978 4.55184 0 
3607 4.43006 4.69926 0 
3608 4.5583 4.75641 0 
3609 4.61555 3.78312 0 
3610 4.59232 3.9081 0 
3611 4.55759 3.97241 0 
3612 4.51626 4.06549 0 
3613 4.51355 4.11015 0 
3614 4.5295 4.14236 0 
3615 4.54963 4.16526 0 
3616 4.57437 4.18421 0 
3617 4.59416 4.2085 0 
3618 4.59757 4.23449 0 
3619 4.58881 4.25955 0 
3620 4.57187 4.28415 0 
3621 4.54991 4.30765 0 
3622 4.5326 4.33658 0 
3623 4.5148 4.36625 0 
3624 4.48841 4.42021 0 
3625 4.53572 4.62192 0 
3626 4.61555 4.75641 0 
3627 4.6728 3.78312 0 
3628 4.6728 3.84038 0 
3629 4.6728 3.89763 0 
3630 4.6728 3.95488 0 
3631 4.6728 4.01214 0 
3632 4.6728 4.06939 0 
3633 4.6728 4.12664 0 
3634 4.6728 4.18389 0 
3635 4.6728 4.24114 0 
3636 4.6728 4.2984 0 
3637 4.6728 4.35565 0 
3638 4.6728 4.4129 0 
3639 4.6728 4.47015 0 
3640 4.6728 4.5274 0 
3641 4.6728 4.58466 0 
3642 4.6728 4.64191 0 
3643 4.6728 4.69916 0 
3644 4.6728 4.75641 0 
