0 -0.740007 0.464435 0 
1 -0.740007 0.499559 0 
2 -0.740007 0.534682 0 
3 -0.740007 0.569806 0 
4 -0.740007 0.604929 0 
5 -0.740007 0.640052 0 
6 -0.740007 0.675176 0 
7 -0.740007 0.710299 0 
8 -0.740007 0.745423 0 
9 -0.740007 0.780546 0 
10 -0.740007 0.815669 0 
11 -0.740007 0.850793 0 
12 -0.740007 0.885916 0 
13 -0.740007 0.92104 0 
14 -0.740007 0.956163 0 
15 -0.704884 0.464435 0 
16 -0.680122 0.544993 0 
17 -0.68108 0.589504 0 
18 -0.725973 0.552052 0 
19 -0.662476 0.598556 0 
20 -0.60305 0.647489 0 
21 -0.710845 0.629196 0 
22 -0.70209 0.754949 0 
23 -0.631322 0.782126 0 
24 -0.692068 0.814192 0 
25 -0.761452 0.825793 0 
26 -0.743073 0.810039 0 
27 -0.687088 0.911303 0 
28 -0.665555 0.961334 0 
29 -0.704884 0.956163 0 
30 -0.669761 0.464435 0 
31 -0.602603 0.492914 0 
32 -0.6615 0.548215 0 
33 -0.63606 0.584636 0 
34 -0.729731 0.654473 0 
35 -0.705705 0.602489 0 
36 -0.657636 0.694427 0 
37 -0.747468 0.696566 0 
38 -0.733754 0.700994 0 
39 -0.587294 0.805559 0 
40 -0.642405 0.758432 0 
41 -0.670961 0.823117 0 
42 -0.742692 0.918931 0 
43 -0.61992 0.982481 0 
44 -0.669761 0.956163 0 
45 -0.634637 0.464435 0 
46 -0.703883 0.547905 0 
47 -0.680153 0.546909 0 
48 -0.668745 0.603472 0 
49 -0.540964 0.581063 0 
50 -0.633441 0.693206 0 
51 -0.629213 0.676592 0 
52 -0.680435 0.708608 0 
53 -0.636795 0.744336 0 
54 -0.621416 0.817361 0 
55 -0.640789 0.840942 0 
56 -0.653216 0.888877 0 
57 -0.664101 0.822839 0 
58 -0.659749 0.943408 0 
59 -0.634637 0.956163 0 
60 -0.599514 0.464435 0 
61 -0.583975 0.478512 0 
62 -0.526157 0.585936 0 
63 -0.566608 0.605813 0 
64 -0.590963 0.570964 0 
65 -0.612577 0.671786 0 
66 -0.597041 0.7113 0 
67 -0.629038 0.739267 0 
68 -0.584206 0.705323 0 
69 -0.647662 0.816231 0 
70 -0.655426 0.788401 0 
71 -0.539507 0.787952 0 
72 -0.592249 0.80252 0 
73 -0.528156 0.955301 0 
74 -0.599514 0.956163 0 
75 -0.56439 0.464435 0 
76 -0.540509 0.481072 0 
77 -0.512408 0.519779 0 
78 -0.519926 0.583521 0 
79 -0.634519 0.588183 0 
80 -0.515066 0.668528 0 
81 -0.562815 0.730273 0 
82 -0.593185 0.777193 0 
83 -0.570218 0.792044 0 
84 -0.599669 0.795266 0 
85 -0.594878 0.820025 0 
86 -0.536431 0.858571 0 
87 -0.546927 0.851021 0 
88 -0.51175 0.994295 0 
89 -0.56439 0.956163 0 
90 -0.529267 0.464435 0 
91 -0.578477 0.550404 0 
92 -0.623833 0.562391 0 
93 -0.442945 0.645774 0 
94 -0.489754 0.620994 0 
95 -0.444353 0.685625 0 
96 -0.55003 0.721395 0 
97 -0.582766 0.704833 0 
98 -0.516718 0.713079 0 
99 -0.558334 0.81486 0 
100 -0.568008 0.931414 0 
101 -0.564842 0.908763 0 
102 -0.568231 0.936457 0 
103 -0.507069 0.988719 0 
104 -0.529267 0.956163 0 
105 -0.494143 0.464435 0 
106 -0.554485 0.504575 0 
107 -0.536697 0.465999 0 
108 -0.470717 0.552049 0 
109 -0.464127 0.682239 0 
110 -0.50421 0.557336 0 
111 -0.468442 0.636218 0 
112 -0.539722 0.676234 0 
113 -0.486141 0.733247 0 
114 -0.502472 0.807357 0 
115 -0.484585 0.789017 0 
116 -0.498119 0.88072 0 
117 -0.52345 0.925213 0 
118 -0.509731 0.961094 0 
119 -0.494143 0.956163 0 
120 -0.45902 -0.729761 0 
121 -0.45902 -0.694637 0 
122 -0.45902 -0.659514 0 
123 -0.45902 -0.624391 0 
124 -0.45902 -0.589267 0 
125 -0.45902 -0.554144 0 
126 -0.45902 -0.51902 0 
127 -0.45902 -0.483897 0 
128 -0.45902 -0.448774 0 
129 -0.45902 -0.41365 0 
130 -0.45902 -0.378527 0 
131 -0.45902 -0.343403 0 
132 -0.45902 0.464435 0 
133 -0.421612 0.492321 0 
134 -0.472901 0.538456 0 
135 -0.41374 0.54093 0 
136 -0.455648 0.594889 0 
137 -0.42097 0.674344 0 
138 -0.461847 0.708589 0 
139 -0.451914 0.764052 0 
140 -0.442759 0.75823 0 
141 -0.420705 0.787666 0 
142 -0.512106 0.828309 0 
143 -0.442852 0.820173 0 
144 -0.493139 0.881252 0 
145 -0.446914 0.857876 0 
146 -0.45902 0.956163 0 
147 -0.423897 -0.729761 0 
148 -0.475049 -0.744618 0 
149 -0.431056 -0.640427 0 
150 -0.451192 -0.607767 0 
151 -0.391455 -0.568068 0 
152 -0.345935 -0.631935 0 
153 -0.414625 -0.522179 0 
154 -0.445242 -0.476074 0 
155 -0.37889 -0.473653 0 
156 -0.469295 -0.407614 0 
157 -0.461509 -0.347001 0 
158 -0.423897 -0.343403 0 
159 -0.423897 0.464435 0 
160 -0.431459 0.422184 0 
161 -0.463353 0.581254 0 
162 -0.395018 0.528364 0 
163 -0.373678 0.579445 0 
164 -0.363338 0.593281 0 
165 -0.421653 0.665662 0 
166 -0.397826 0.620889 0 
167 -0.425042 0.811083 0 
168 -0.4499 0.766552 0 
169 -0.464878 0.919164 0 
170 -0.378566 0.838622 0 
171 -0.496783 0.914559 0 
172 -0.405821 0.829806 0 
173 -0.423897 0.956163 0 
174 -0.388773 -0.729761 0 
175 -0.363638 -0.681683 0 
176 -0.347694 -0.601897 0 
177 -0.2871 -0.671323 0 
178 -0.356842 -0.597387 0 
179 -0.41936 -0.578178 0 
180 -0.395764 -0.4945 0 
181 -0.424962 -0.491962 0 
182 -0.447259 -0.444641 0 
183 -0.375398 -0.478548 0 
184 -0.398144 -0.302348 0 
185 -0.388773 -0.343403 0 
186 -0.388773 0.464435 0 
187 -0.505649 0.501429 0 
188 -0.380161 0.560667 0 
189 -0.38216 0.596251 0 
190 -0.324847 0.596823 0 
191 -0.355842 0.614498 0 
192 -0.396149 0.701449 0 
193 -0.382435 0.741504 0 
194 -0.389193 0.671823 0 
195 -0.359827 0.757458 0 
196 -0.341589 0.802958 0 
197 -0.463134 0.869534 0 
198 -0.350897 0.90438 0 
199 -0.406575 0.95565 0 
200 -0.388773 0.956163 0 
201 -0.35365 -0.729761 0 
202 -0.428833 -0.660142 0 
203 -0.319269 -0.63373 0 
204 -0.355572 -0.659239 0 
205 -0.353647 -0.588398 0 
206 -0.366054 -0.6239 0 
207 -0.274509 -0.525711 0 
208 -0.383886 -0.528874 0 
209 -0.226944 -0.381964 0 
210 -0.355304 -0.367064 0 
211 -0.280149 -0.341211 0 
212 -0.35365 -0.343403 0 
213 -0.35365 -0.30828 0 
214 -0.35365 -0.273156 0 
215 -0.35365 -0.238033 0 
216 -0.35365 -0.20291 0 
217 -0.35365 -0.167786 0 
218 -0.35365 -0.132663 0 
219 -0.35365 -0.0975394 0 
220 -0.35365 -0.062416 0 
221 -0.35365 -0.0272926 0 
222 -0.35365 0.00783085 0 
223 -0.35365 0.0429543 0 
224 -0.35365 0.0780777 0 
225 -0.35365 0.113201 0 
226 -0.35365 0.148325 0 
227 -0.35365 0.183448 0 
228 -0.35365 0.218571 0 
229 -0.35365 0.253695 0 
230 -0.35365 0.288818 0 
231 -0.35365 0.323942 0 
232 -0.35365 0.359065 0 
233 -0.35365 0.394188 0 
234 -0.35365 0.429312 0 
235 -0.35365 0.464435 0 
236 -0.374929 0.475563 0 
237 -0.340809 0.509172 0 
238 -0.319877 0.574219 0 
239 -0.405775 0.632678 0 
240 -0.321499 0.607813 0 
241 -0.336767 0.656273 0 
242 -0.396385 0.714268 0 
243 -0.324813 0.693566 0 
244 -0.422078 0.759896 0 
245 -0.343721 0.859882 0 
246 -0.450888 0.873541 0 
247 -0.36641 0.884467 0 
248 -0.342842 0.888045 0 
249 -0.35365 0.956163 0 
250 -0.318526 -0.975625 0 
251 -0.318526 -0.940501 0 
252 -0.318526 -0.905378 0 
253 -0.318526 -0.870255 0 
254 -0.318526 -0.835131 0 
255 -0.318526 -0.800008 0 
256 -0.318526 -0.764884 0 
257 -0.318526 -0.729761 0 
258 -0.321454 -0.711428 0 
259 -0.313519 -0.644935 0 
260 -0.276936 -0.63209 0 
261 -0.422114 -0.611779 0 
262 -0.322931 -0.540299 0 
263 -0.363763 -0.560598 0 
264 -0.237308 -0.430427 0 
265 -0.228575 -0.442501 0 
266 -0.302042 -0.491611 0 
267 -0.35048 -0.38097 0 
268 -0.36749 -0.406281 0 
269 -0.315628 -0.312697 0 
270 -0.32862 -0.336804 0 
271 -0.284122 -0.243962 0 
272 -0.291426 -0.191367 0 
273 -0.332326 -0.162441 0 
274 -0.357855 -0.132235 0 
275 -0.308383 -0.151209 0 
276 -0.338944 -0.0298365 0 
277 -0.331957 -0.0293311 0 
278 -0.285832 -0.0257058 0 
279 -0.270078 0.0700825 0 
280 -0.298443 0.13261 0 
281 -0.289699 0.142684 0 
282 -0.285543 0.15272 0 
283 -0.300085 0.152093 0 
284 -0.329506 0.238631 0 
285 -0.277368 0.241854 0 
286 -0.367953 0.242117 0 
287 -0.314072 0.298783 0 
288 -0.343062 0.340083 0 
289 -0.304104 0.486222 0 
290 -0.309832 0.501952 0 
291 -0.352434 0.417197 0 
292 -0.300434 0.483649 0 
293 -0.310221 0.501473 0 
294 -0.319934 0.515073 0 
295 -0.301541 0.601165 0 
296 -0.285456 0.644513 0 
297 -0.306794 0.652512 0 
298 -0.32477 0.732461 0 
299 -0.367177 0.739992 0 
300 -0.289789 0.806334 0 
301 -0.309908 0.85082 0 
302 -0.307079 0.861728 0 
303 -0.265869 0.85472 0 
304 -0.333917 0.903498 0 
305 -0.318526 0.956163 0 
306 -0.283403 -0.975625 0 
307 -0.292852 -0.930376 0 
308 -0.328362 -0.918266 0 
309 -0.310481 -0.839922 0 
310 -0.285754 -0.831733 0 
311 -0.254011 -0.752789 0 
312 -0.238075 -0.757451 0 
313 -0.339429 -0.687613 0 
314 -0.263869 -0.682125 0 
315 -0.236119 -0.656488 0 
316 -0.287555 -0.647982 0 
317 -0.316036 -0.57103 0 
318 -0.282531 -0.605607 0 
319 -0.254828 -0.513704 0 
320 -0.237546 -0.515816 0 
321 -0.27757 -0.442904 0 
322 -0.238242 -0.388038 0 
323 -0.332222 -0.349726 0 
324 -0.321588 -0.337856 0 
325 -0.287339 -0.322721 0 
326 -0.289093 -0.331945 0 
327 -0.266737 -0.216803 0 
328 -0.252634 -0.241521 0 
329 -0.2603 -0.23778 0 
330 -0.324436 -0.0951894 0 
331 -0.256472 -0.0845697 0 
332 -0.245537 -0.0880474 0 
333 -0.306638 -0.0648597 0 
334 -0.329079 0.0374038 0 
335 -0.296893 0.0707034 0 
336 -0.267003 0.113635 0 
337 -0.290671 0.139005 0 
338 -0.293655 0.167978 0 
339 -0.316786 0.20532 0 
340 -0.28455 0.167711 0 
341 -0.354658 0.281381 0 
342 -0.322956 0.337475 0 
343 -0.202043 0.339501 0 
344 -0.239627 0.428977 0 
345 -0.239004 0.446116 0 
346 -0.256455 0.438506 0 
347 -0.250273 0.407794 0 
348 -0.258058 0.512022 0 
349 -0.365075 0.474376 0 
350 -0.323846 0.55735 0 
351 -0.271804 0.629261 0 
352 -0.267442 0.611535 0 
353 -0.262508 0.661737 0 
354 -0.210395 0.759095 0 
355 -0.297327 0.738841 0 
356 -0.27862 0.724915 0 
357 -0.232388 0.764028 0 
358 -0.343354 0.894533 0 
359 -0.327805 0.877713 0 
360 -0.258297 0.952761 0 
361 -0.283403 0.956163 0 
362 -0.248279 -0.975625 0 
363 -0.212674 -0.92364 0 
364 -0.255865 -0.921061 0 
365 -0.217708 -0.868034 0 
366 -0.28321 -0.862326 0 
367 -0.257791 -0.860365 0 
368 -0.243315 -0.791093 0 
369 -0.273695 -0.732158 0 
370 -0.246462 -0.678718 0 
371 -0.223159 -0.726709 0 
372 -0.227802 -0.711872 0 
373 -0.280097 -0.56251 0 
374 -0.250221 -0.586383 0 
375 -0.265352 -0.473859 0 
376 -0.242462 -0.448864 0 
377 -0.256341 -0.449713 0 
378 -0.29739 -0.360676 0 
379 -0.265932 -0.341709 0 
380 -0.249793 -0.350652 0 
381 -0.260371 -0.349366 0 
382 -0.248433 -0.31117 0 
383 -0.194423 -0.263826 0 
384 -0.204591 -0.295295 0 
385 -0.25272 -0.134206 0 
386 -0.214233 -0.182497 0 
387 -0.258771 -0.0604963 0 
388 -0.253615 -0.0767148 0 
389 -0.266428 -0.0273542 0 
390 -0.331401 0.0283358 0 
391 -0.244461 0.0371866 0 
392 -0.240114 0.123351 0 
393 -0.199023 0.12537 0 
394 -0.302472 0.108422 0 
395 -0.256547 0.155956 0 
396 -0.284146 0.216725 0 
397 -0.239078 0.256208 0 
398 -0.205261 0.226044 0 
399 -0.297661 0.354242 0 
400 -0.194939 0.328928 0 
401 -0.242994 0.461916 0 
402 -0.249335 0.397043 0 
403 -0.24987 0.415366 0 
404 -0.218194 0.492009 0 
405 -0.226 0.517601 0 
406 -0.231196 0.58568 0 
407 -0.212084 0.535989 0 
408 -0.242567 0.626153 0 
409 -0.22701 0.70804 0 
410 -0.259987 0.688771 0 
411 -0.170515 0.737028 0 
412 -0.191292 0.714047 0 
413 -0.224789 0.792545 0 
414 -0.199555 0.905342 0 
415 -0.219518 0.876613 0 
416 -0.282687 0.855784 0 
417 -0.248279 0.956163 0 
418 -0.213156 -0.975625 0 
419 -0.179828 -0.99047 0 
420 -0.225126 -0.974089 0 
421 -0.210782 -0.905453 0 
422 -0.248414 -0.876577 0 
423 -0.205472 -0.760847 0 
424 -0.161727 -0.725629 0 
425 -0.15992 -0.727646 0 
426 -0.217112 -0.758161 0 
427 -0.201406 -0.667004 0 
428 -0.270108 -0.592284 0 
429 -0.143426 -0.637986 0 
430 -0.182857 -0.535221 0 
431 -0.19902 -0.526193 0 
432 -0.240935 -0.528363 0 
433 -0.137599 -0.433633 0 
434 -0.209375 -0.464497 0 
435 -0.244448 -0.460034 0 
436 -0.246944 -0.451806 0 
437 -0.219679 -0.368857 0 
438 -0.231589 -0.322438 0 
439 -0.230164 -0.284944 0 
440 -0.215778 -0.198244 0 
441 -0.265804 -0.147535 0 
442 -0.217621 -0.188281 0 
443 -0.154709 -0.130772 0 
444 -0.228071 -0.0645099 0 
445 -0.189454 0.024155 0 
446 -0.243051 -0.0227241 0 
447 -0.279517 -0.0458208 0 
448 -0.284005 0.00870516 0 
449 -0.115979 0.23684 0 
450 -0.201461 0.140692 0 
451 -0.192615 0.18957 0 
452 -0.201529 0.16808 0 
453 -0.202872 0.223142 0 
454 -0.232617 0.293196 0 
455 -0.192245 0.382866 0 
456 -0.204476 0.364771 0 
457 -0.254161 0.367868 0 
458 -0.255291 0.465874 0 
459 -0.245058 0.444521 0 
460 -0.252959 0.559339 0 
461 -0.197923 0.6233 0 
462 -0.306028 0.488701 0 
463 -0.223479 0.575206 0 
464 -0.23549 0.64646 0 
465 -0.233611 0.677001 0 
466 -0.206746 0.700736 0 
467 -0.234723 0.810575 0 
468 -0.175537 0.777756 0 
469 -0.251717 0.770498 0 
470 -0.232854 0.753525 0 
471 -0.209542 0.877981 0 
472 -0.241761 0.907101 0 
473 -0.213156 0.956163 0 
474 -0.178033 -0.975625 0 
475 -0.187938 -0.940041 0 
476 -0.156295 -0.943139 0 
477 -0.231733 -0.864095 0 
478 -0.13675 -0.858369 0 
479 -0.175511 -0.850573 0 
480 -0.243233 -0.722795 0 
481 -0.161791 -0.70231 0 
482 -0.180881 -0.664682 0 
483 -0.185044 -0.683347 0 
484 -0.122738 -0.571155 0 
485 -0.201031 -0.541694 0 
486 -0.177819 -0.580597 0 
487 -0.202114 -0.537838 0 
488 -0.189344 -0.523856 0 
489 -0.166525 -0.408922 0 
490 -0.199579 -0.403206 0 
491 -0.208949 -0.392608 0 
492 -0.120353 -0.3898 0 
493 -0.178251 -0.249739 0 
494 -0.206187 -0.287454 0 
495 -0.250075 -0.248196 0 
496 -0.163389 -0.199783 0 
497 -0.204701 -0.180342 0 
498 -0.19567 -0.127694 0 
499 -0.19623 -0.103441 0 
500 -0.111787 -0.0246725 0 
501 -0.147419 -0.00182702 0 
502 -0.145184 0.00965762 0 
503 -0.206213 0.0648293 0 
504 -0.127873 0.138629 0 
505 -0.104894 0.11792 0 
506 -0.152777 0.143554 0 
507 -0.165311 0.179419 0 
508 -0.230255 0.274003 0 
509 -0.172726 0.186182 0 
510 -0.137281 0.274613 0 
511 -0.151728 0.298351 0 
512 -0.18491 0.313172 0 
513 -0.2632 0.350974 0 
514 -0.241491 0.409107 0 
515 -0.118406 0.510359 0 
516 -0.0805296 0.49997 0 
517 -0.229868 0.53662 0 
518 -0.156535 0.600562 0 
519 -0.187602 0.634346 0 
520 -0.127102 0.606745 0 
521 -0.209982 0.682285 0 
522 -0.166313 0.747313 0 
523 -0.156664 0.713439 0 
524 -0.222944 0.826999 0 
525 -0.179294 0.795563 0 
526 -0.214666 0.877067 0 
527 -0.170112 0.835301 0 
528 -0.194529 0.91576 0 
529 -0.178033 0.956163 0 
530 -0.142909 -0.975625 0 
531 -0.133801 -0.957574 0 
532 -0.137836 -0.838123 0 
533 -0.117986 -0.8988 0 
534 -0.148023 -0.823894 0 
535 -0.182004 -0.748145 0 
536 -0.12857 -0.722329 0 
537 -0.128685 -0.716729 0 
538 -0.243367 -0.671008 0 
539 -0.0430342 -0.679865 0 
540 -0.125248 -0.611161 0 
541 -0.131888 -0.547598 0 
542 -0.142173 -0.609597 0 
543 -0.130465 -0.564468 0 
544 -0.0928838 -0.386514 0 
545 -0.226217 -0.410179 0 
546 -0.133646 -0.419318 0 
547 -0.130687 -0.371926 0 
548 -0.09028 -0.406942 0 
549 -0.130459 -0.353447 0 
550 -0.0653758 -0.261381 0 
551 -0.151583 -0.306834 0 
552 -0.0429737 -0.256798 0 
553 -0.132481 -0.121888 0 
554 -0.125397 -0.190762 0 
555 -0.12181 -0.100261 0 
556 -0.100698 0.00385025 0 
557 -0.0886035 -0.00942874 0 
558 -0.157029 0.0293211 0 
559 -0.158098 0.0646077 0 
560 -0.189327 0.0447962 0 
561 -0.0704599 0.171335 0 
562 -0.124288 0.0792703 0 
563 -0.185713 0.118326 0 
564 -0.180288 0.199263 0 
565 -0.0938585 0.283737 0 
566 -0.174653 0.309794 0 
567 -0.169802 0.389597 0 
568 -0.208295 0.359418 0 
569 -0.184045 0.408521 0 
570 -0.114796 0.489713 0 
571 -0.0765313 0.54542 0 
572 -0.0686517 0.532284 0 
573 -0.152886 0.512862 0 
574 -0.169151 0.568876 0 
575 -0.197314 0.630757 0 
576 -0.113756 0.603526 0 
577 -0.142909 0.675176 0 
578 -0.142909 0.710299 0 
579 -0.142909 0.745423 0 
580 -0.142909 0.780546 0 
581 -0.142909 0.815669 0 
582 -0.142909 0.850793 0 
583 -0.142909 0.885916 0 
584 -0.142909 0.92104 0 
585 -0.142909 0.956163 0 
586 -0.107786 -0.975625 0 
587 -0.113418 -0.967593 0 
588 -0.0951873 -0.878394 0 
589 -0.0948856 -0.921326 0 
590 -0.116814 -0.831351 0 
591 -0.136878 -0.900831 0 
592 -0.19807 -0.686583 0 
593 -0.181497 -0.75873 0 
594 -0.0633953 -0.691511 0 
595 -0.0717459 -0.621516 0 
596 -0.115884 -0.604734 0 
597 -0.0771631 -0.645342 0 
598 -0.100461 -0.551535 0 
599 -0.0754854 -0.442164 0 
600 -0.0670045 -0.4671 0 
601 -0.103724 -0.457828 0 
602 -0.10489 -0.475665 0 
603 -0.119136 -0.316758 0 
604 -0.0732597 -0.324951 0 
605 -0.100099 -0.283896 0 
606 -0.157465 -0.284195 0 
607 -0.0601802 -0.240049 0 
608 -0.0984875 -0.166506 0 
609 -0.139603 -0.14017 0 
610 -0.0596228 -0.174773 0 
611 -0.146089 -0.0981314 0 
612 -0.0985467 -0.090556 0 
613 -0.119429 0.0318475 0 
614 -0.14223 -0.0224836 0 
615 -0.0789575 0.0231976 0 
616 -0.0794148 0.129447 0 
617 -0.141961 0.124901 0 
618 -0.0521799 0.183507 0 
619 -0.101944 0.0976973 0 
620 -0.0296496 0.229456 0 
621 -0.0569455 0.288767 0 
622 -0.129057 0.278039 0 
623 -0.135669 0.352076 0 
624 -0.101671 0.296761 0 
625 -0.0689064 0.473698 0 
626 -0.0518454 0.400971 0 
627 -0.0827904 0.507736 0 
628 -0.115345 0.430992 0 
629 -0.129562 0.577029 0 
630 -0.0699271 0.567992 0 
631 -0.149948 0.610415 0 
632 -0.170087 0.604302 0 
633 -0.107786 0.675176 0 
634 -0.0726625 -0.975625 0 
635 -0.129862 -0.983399 0 
636 -0.0308451 -0.84351 0 
637 -0.0519272 -0.909318 0 
638 -0.0897062 -0.836361 0 
639 -0.0777227 -0.79986 0 
640 -0.136953 -0.853273 0 
641 -0.00954475 -0.721682 0 
642 -0.0817104 -0.577767 0 
643 -0.0726625 -0.659514 0 
644 -0.0726625 -0.624391 0 
645 -0.0726625 -0.589267 0 
646 -0.0726625 -0.554144 0 
647 -0.0726625 -0.51902 0 
648 -0.0726625 -0.483897 0 
649 -0.0726625 -0.448774 0 
650 -0.0726625 -0.41365 0 
651 -0.0726625 -0.378527 0 
652 -0.0726625 -0.343403 0 
653 -0.0726625 -0.30828 0 
654 -0.112226 -0.236262 0 
655 -0.00938366 -0.255572 0 
656 -0.0856244 -0.230507 0 
657 -0.0655042 -0.0666062 0 
658 -0.17911 -0.0786623 0 
659 -0.0250443 -0.104165 0 
660 -0.0838402 -0.0766748 0 
661 -0.144524 -0.0108372 0 
662 -0.110905 0.051502 0 
663 -0.0425831 0.00687335 0 
664 -0.0897128 0.0697972 0 
665 -0.117887 0.0798872 0 
666 0.00842016 0.157997 0 
667 -0.0735426 0.147793 0 
668 -0.0715377 0.204117 0 
669 -0.087069 0.266288 0 
670 -0.0736409 0.276093 0 
671 -0.0839929 0.305904 0 
672 -0.0939506 0.374001 0 
673 -0.0992442 0.447471 0 
674 -0.0299993 0.45588 0 
675 -0.0648955 0.511869 0 
676 -0.0466831 0.465879 0 
677 -0.0733498 0.557888 0 
678 -0.04982 0.58977 0 
679 -0.114976 0.624442 0 
680 -0.0718614 0.608692 0 
681 -0.0726625 0.675176 0 
682 -0.037539 -0.975625 0 
683 -0.0302771 -0.966817 0 
684 -0.057013 -0.853583 0 
685 -0.0353595 -0.872488 0 
686 -0.0657623 -0.828573 0 
687 -0.13502 -0.820199 0 
688 -0.0267503 -0.763548 0 
689 -0.00994273 -0.640627 0 
690 0.0046655 -0.670392 0 
691 -0.037539 -0.659514 0 
692 -0.037539 -0.30828 0 
693 -0.000524493 -0.219289 0 
694 -0.0505358 -0.182394 0 
695 -0.0552356 -0.202889 0 
696 0.0382408 -0.14284 0 
697 -0.00723228 -0.0581022 0 
698 -0.0592538 -0.0902943 0 
699 -0.0726193 -0.0691642 0 
700 -0.0287978 -0.0888597 0 
701 -0.0320734 -0.0218221 0 
702 -0.0346162 0.0793231 0 
703 -0.0162888 0.0800456 0 
704 0.0517099 0.11305 0 
705 -0.0149022 0.236458 0 
706 -0.035044 0.174174 0 
707 -0.0972113 0.274346 0 
708 -0.0846125 0.2904 0 
709 -0.0510207 0.266679 0 
710 -0.0576754 0.298415 0 
711 -0.0330922 0.299003 0 
712 -0.0903142 0.431682 0 
713 -0.0320682 0.548696 0 
714 -0.095797 0.439717 0 
715 -0.0704576 0.528661 0 
716 -0.0185928 0.551854 0 
717 -0.12396 0.599489 0 
718 -0.059104 0.588805 0 
719 -0.001914 0.66531 0 
720 -0.037539 0.675176 0 
721 -0.00241561 -0.975625 0 
722 -0.0276599 -0.883293 0 
723 -0.0242435 -0.943738 0 
724 0.0567443 -0.916675 0 
725 -0.00380041 -0.844865 0 
726 0.0289937 -0.725404 0 
727 -0.0189181 -0.764439 0 
728 0.0208822 -0.772085 0 
729 0.0576741 -0.686066 0 
730 -0.00241561 -0.659514 0 
731 -0.00241561 -0.30828 0 
732 -0.0127326 -0.308677 0 
733 -0.00443188 -0.178824 0 
734 -0.0123128 -0.242227 0 
735 -0.083488 -0.134022 0 
736 0.0434953 -0.0966211 0 
737 0.00520747 -0.106116 0 
738 -0.0584257 -0.0633539 0 
739 0.0206038 0.00742167 0 
740 -0.0327944 -0.0114669 0 
741 -0.0393882 0.0924931 0 
742 -0.0451036 0.0602321 0 
743 -0.00241561 0.113201 0 
744 -0.00241561 0.148325 0 
745 -0.00241561 0.183448 0 
746 -0.00241561 0.218571 0 
747 -0.0165642 0.222929 0 
748 0.0132954 0.31837 0 
749 -0.0135154 0.390418 0 
750 0.00456956 0.355941 0 
751 -0.0509378 0.378864 0 
752 -0.0400298 0.40335 0 
753 0.0109661 0.537852 0 
754 0.0431016 0.456493 0 
755 -0.0661002 0.536177 0 
756 0.00407599 0.548766 0 
757 0.017122 0.589369 0 
758 -0.0352257 0.660645 0 
759 -0.00241561 0.675176 0 
760 0.0327078 -0.975625 0 
761 0.0326534 -0.930879 0 
762 0.00665624 -0.870645 0 
763 0.082406 -0.842854 0 
764 0.0667573 -0.845695 0 
765 0.0395225 -0.835173 0 
766 0.0717042 -0.698213 0 
767 -0.00567162 -0.722179 0 
768 0.0280226 -0.672713 0 
769 0.0327078 -0.659514 0 
770 0.0327078 -0.30828 0 
771 -0.0178636 -0.251378 0 
772 0.0923029 -0.1757 0 
773 0.0477955 -0.240832 0 
774 0.0322072 -0.177365 0 
775 0.0167124 -0.170367 0 
776 0.034984 -0.141874 0 
777 0.0232282 -0.0937046 0 
778 0.106197 -0.0312772 0 
779 0.0315924 0.0248188 0 
780 0.0539075 0.117507 0 
781 0.0553331 0.0981762 0 
782 0.0327078 0.113201 0 
783 0.0327078 0.218571 0 
784 0.014876 0.283999 0 
785 0.056533 0.305069 0 
786 0.0451485 0.300224 0 
787 0.0188134 0.381873 0 
788 0.0297493 0.42199 0 
789 0.0439511 0.409248 0 
790 -0.0182547 0.441616 0 
791 0.0916525 0.548865 0 
792 0.0453102 0.578119 0 
793 0.0387945 0.532648 0 
794 0.0367645 0.665947 0 
795 -0.00919638 0.664002 0 
796 0.0327078 0.675176 0 
797 0.0678312 -0.975625 0 
798 0.0722094 -0.947186 0 
799 0.117304 -0.872786 0 
800 0.0730529 -0.846497 0 
801 0.108464 -0.817611 0 
802 0.133079 -0.800603 0 
803 0.0874192 -0.767131 0 
804 0.0959338 -0.738348 0 
805 0.125245 -0.66026 0 
806 0.0678312 -0.659514 0 
807 0.0678312 -0.624391 0 
808 0.0678312 -0.589267 0 
809 0.0678312 -0.554144 0 
810 0.0678312 -0.51902 0 
811 0.0678312 -0.483897 0 
812 0.0678312 -0.448774 0 
813 0.0678312 -0.41365 0 
814 0.0678312 -0.378527 0 
815 0.0678312 -0.343403 0 
816 0.0678312 -0.30828 0 
817 0.122309 -0.311042 0 
818 0.0531564 -0.231699 0 
819 0.106392 -0.264144 0 
820 0.0497459 -0.142082 0 
821 0.0668009 -0.138082 0 
822 0.0437461 -0.0643028 0 
823 0.0520285 -0.0209971 0 
824 0.0692095 -0.0790695 0 
825 0.0724356 0.0173439 0 
826 0.0475387 -0.026782 0 
827 0.0575155 0.065033 0 
828 0.0678312 0.113201 0 
829 0.0678312 0.218571 0 
830 0.0545432 0.253001 0 
831 0.0810824 0.256805 0 
832 0.0436383 0.258173 0 
833 0.0800275 0.406765 0 
834 0.0642408 0.424437 0 
835 0.0852366 0.456721 0 
836 0.0190556 0.435534 0 
837 0.102423 0.526986 0 
838 -0.0159355 0.547619 0 
839 0.0704547 0.552891 0 
840 0.0684799 0.623728 0 
841 0.0098407 0.588071 0 
842 0.0678312 0.675176 0 
843 0.102955 -0.975625 0 
844 0.138161 -0.929811 0 
845 0.119087 -0.971142 0 
846 0.14522 -0.79642 0 
847 0.17502 -0.797228 0 
848 0.0562378 -0.810378 0 
849 0.120405 -0.733084 0 
850 0.0458098 -0.712501 0 
851 0.110033 -0.730852 0 
852 0.110761 -0.654581 0 
853 0.145364 -0.603008 0 
854 0.118522 -0.60397 0 
855 0.0983713 -0.561998 0 
856 0.116342 -0.559999 0 
857 0.0827768 -0.515705 0 
858 0.146726 -0.45745 0 
859 0.076726 -0.438408 0 
860 0.0989449 -0.303275 0 
861 0.0283982 -0.332437 0 
862 0.10607 -0.357092 0 
863 0.0619094 -0.314118 0 
864 0.116675 -0.275103 0 
865 0.0254467 -0.250146 0 
866 0.152133 -0.131459 0 
867 0.0841798 -0.0965985 0 
868 0.0876471 -0.126332 0 
869 0.111466 -0.121662 0 
870 0.181325 -0.0242083 0 
871 0.0896725 0.042266 0 
872 0.0918282 0.0669836 0 
873 0.0495321 0.0302838 0 
874 0.102955 0.113201 0 
875 0.102955 0.218571 0 
876 0.0353978 0.257994 0 
877 0.0817696 0.309679 0 
878 0.0583244 0.364504 0 
879 0.104999 0.385399 0 
880 0.120377 0.443422 0 
881 0.0919518 0.398314 0 
882 0.18545 0.443252 0 
883 0.0709627 0.441571 0 
884 0.0360879 0.53759 0 
885 0.143832 0.53923 0 
886 0.141426 0.555443 0 
887 0.0845115 0.615204 0 
888 0.102955 0.675176 0 
889 0.138078 -0.975625 0 
890 0.0855889 -0.961275 0 
891 0.176087 -0.921794 0 
892 0.0926301 -0.850275 0 
893 0.154507 -0.821226 0 
894 0.139574 -0.908784 0 
895 0.153885 -0.831799 0 
896 0.161065 -0.782725 0 
897 0.206795 -0.700468 0 
898 0.22265 -0.649278 0 
899 0.198085 -0.624301 0 
900 0.166682 -0.5843 0 
901 0.108522 -0.570823 0 
902 0.217645 -0.504023 0 
903 0.142302 -0.480805 0 
904 0.1142 -0.531728 0 
905 0.169333 -0.453063 0 
906 0.172891 -0.397799 0 
907 0.195227 -0.376576 0 
908 0.127302 -0.319547 0 
909 0.165975 -0.230827 0 
910 0.158558 -0.209595 0 
911 0.201322 -0.175229 0 
912 0.140345 -0.169822 0 
913 0.135962 -0.0306584 0 
914 0.184482 -0.135271 0 
915 0.141331 -0.025781 0 
916 0.159776 -0.102397 0 
917 0.180201 0.000402889 0 
918 0.149784 0.0507932 0 
919 0.112934 0.0136083 0 
920 0.138078 0.113201 0 
921 0.138078 0.218571 0 
922 0.162668 0.237254 0 
923 0.0977302 0.261479 0 
924 0.154444 0.346561 0 
925 0.136974 0.328819 0 
926 0.196738 0.435023 0 
927 0.171204 0.487867 0 
928 0.208774 0.480862 0 
929 0.213124 0.490835 0 
930 0.135864 0.589072 0 
931 0.14407 0.532093 0 
932 0.106007 0.661722 0 
933 0.192753 0.677617 0 
934 0.138078 0.675176 0 
935 0.173202 -0.975625 0 
936 0.143338 -0.98908 0 
937 0.1895 -0.814879 0 
938 0.209422 -0.851802 0 
939 0.289603 -0.867833 0 
940 0.112308 -0.751272 0 
941 0.131055 -0.757114 0 
942 0.146798 -0.746026 0 
943 0.135916 -0.62798 0 
944 0.175392 -0.605386 0 
945 0.161405 -0.662541 0 
946 0.207698 -0.596447 0 
947 0.162613 -0.547401 0 
948 0.14843 -0.571897 0 
949 0.199073 -0.42155 0 
950 0.160056 -0.459494 0 
951 0.155978 -0.371484 0 
952 0.184775 -0.379834 0 
953 0.184006 -0.395128 0 
954 0.181517 -0.359533 0 
955 0.130916 -0.216396 0 
956 0.0917346 -0.186314 0 
957 0.174687 -0.139658 0 
958 0.129483 -0.180126 0 
959 0.235195 -0.13851 0 
960 0.161897 -0.151446 0 
961 0.210387 -0.0393246 0 
962 0.248057 -0.107357 0 
963 0.192315 -0.0270221 0 
964 0.196673 0.0524913 0 
965 0.137927 -0.0497481 0 
966 0.173202 0.113201 0 
967 0.173202 0.218571 0 
968 0.205053 0.287462 0 
969 0.149844 0.336176 0 
970 0.223922 0.324928 0 
971 0.14186 0.414284 0 
972 0.165704 0.435684 0 
973 0.157528 0.442912 0 
974 0.160716 0.505325 0 
975 0.210686 0.522285 0 
976 0.134507 0.552835 0 
977 0.168398 0.608874 0 
978 0.185338 0.647064 0 
979 0.216934 0.674334 0 
980 0.173202 0.675176 0 
981 0.208325 -0.975625 0 
982 0.309471 -0.976888 0 
983 0.256397 -0.957812 0 
984 0.205685 -0.822686 0 
985 0.171624 -0.840554 0 
986 0.18073 -0.834946 0 
987 0.156627 -0.824544 0 
988 0.279991 -0.725169 0 
989 0.243158 -0.691413 0 
990 0.239026 -0.652837 0 
991 0.195459 -0.644732 0 
992 0.199856 -0.608799 0 
993 0.15272 -0.625476 0 
994 0.204405 -0.621626 0 
995 0.243825 -0.418859 0 
996 0.20416 -0.432975 0 
997 0.223138 -0.350941 0 
998 0.193284 -0.373384 0 
999 0.216907 -0.31933 0 
1000 0.15069 -0.350941 0 
1001 0.133385 -0.273213 0 
1002 0.224472 -0.26194 0 
1003 0.139031 -0.245945 0 
1004 0.18513 -0.10421 0 
1005 0.208407 -0.172821 0 
1006 0.243936 -0.0606405 0 
1007 0.20202 -0.0641126 0 
1008 0.180348 0.0343021 0 
1009 0.197276 -0.00941705 0 
1010 0.127907 -0.0253105 0 
1011 0.200463 0.0668451 0 
1012 0.208325 0.113201 0 
1013 0.208325 0.218571 0 
1014 0.185154 0.250643 0 
1015 0.224416 0.352577 0 
1016 0.186914 0.30209 0 
1017 0.204854 0.336828 0 
1018 0.207258 0.453832 0 
1019 0.141952 0.335545 0 
1020 0.203001 0.529522 0 
1021 0.183821 0.479991 0 
1022 0.2562 0.533443 0 
1023 0.190312 0.544013 0 
1024 0.0843232 0.599138 0 
1025 0.243595 0.661542 0 
1026 0.208325 0.675176 0 
1027 0.243448 -0.975625 0 
1028 0.249632 -0.963696 0 
1029 0.221853 -0.852381 0 
1030 0.282797 -0.889029 0 
1031 0.217612 -0.788931 0 
1032 0.27674 -0.781865 0 
1033 0.244267 -0.777526 0 
1034 0.239564 -0.737049 0 
1035 0.216122 -0.690105 0 
1036 0.268442 -0.665214 0 
1037 0.278317 -0.632216 0 
1038 0.26754 -0.636546 0 
1039 0.219619 -0.577241 0 
1040 0.28147 -0.57541 0 
1041 0.157322 -0.484719 0 
1042 0.186126 -0.460432 0 
1043 0.252417 -0.363323 0 
1044 0.274865 -0.316656 0 
1045 0.230501 -0.362726 0 
1046 0.168899 -0.315376 0 
1047 0.285576 -0.290793 0 
1048 0.273036 -0.246706 0 
1049 0.209531 -0.18538 0 
1050 0.270272 -0.235783 0 
1051 0.214029 -0.144839 0 
1052 0.334608 -0.0286492 0 
1053 0.22919 -0.0291669 0 
1054 0.238685 -0.0120281 0 
1055 0.25465 0.0207728 0 
1056 0.30488 0.0231007 0 
1057 0.252164 0.0732589 0 
1058 0.243448 0.113201 0 
1059 0.243448 0.218571 0 
1060 0.231609 0.240267 0 
1061 0.192247 0.295871 0 
1062 0.260778 0.354873 0 
1063 0.224193 0.385725 0 
1064 0.252273 0.313699 0 
1065 0.245416 0.434518 0 
1066 0.229273 0.431893 0 
1067 0.290243 0.505309 0 
1068 0.257446 0.538286 0 
1069 0.238638 0.618081 0 
1070 0.31321 0.599095 0 
1071 0.250667 0.603418 0 
1072 0.243448 0.675176 0 
1073 0.278572 -0.975625 0 
1074 0.259313 -0.986755 0 
1075 0.319354 -0.888076 0 
1076 0.20359 -0.853934 0 
1077 0.285872 -0.817203 0 
1078 0.281115 -0.87888 0 
1079 0.303519 -0.79103 0 
1080 0.244695 -0.711504 0 
1081 0.269041 -0.60601 0 
1082 0.265801 -0.638926 0 
1083 0.29376 -0.69304 0 
1084 0.233016 -0.541741 0 
1085 0.246556 -0.458738 0 
1086 0.267682 -0.464516 0 
1087 0.311678 -0.447368 0 
1088 0.263055 -0.444534 0 
1089 0.233125 -0.385135 0 
1090 0.361541 -0.38043 0 
1091 0.215306 -0.39632 0 
1092 0.239815 -0.28421 0 
1093 0.276658 -0.260787 0 
1094 0.342551 -0.23047 0 
1095 0.292471 -0.21919 0 
1096 0.310813 -0.22657 0 
1097 0.296876 -0.1106 0 
1098 0.237978 -0.119627 0 
1099 0.293167 -0.0420955 0 
1100 0.321359 0.0316981 0 
1101 0.370523 -0.027416 0 
1102 0.283243 -0.000448287 0 
1103 0.26767 0.112411 0 
1104 0.278572 0.113201 0 
1105 0.278572 0.218571 0 
1106 0.232351 0.291401 0 
1107 0.361692 0.240751 0 
1108 0.244695 0.262837 0 
1109 0.36874 0.324497 0 
1110 0.335227 0.408987 0 
1111 0.283827 0.36852 0 
1112 0.272125 0.45865 0 
1113 0.321307 0.518216 0 
1114 0.247659 0.541649 0 
1115 0.290189 0.57337 0 
1116 0.294014 0.62564 0 
1117 0.215949 0.601174 0 
1118 0.278572 0.675176 0 
1119 0.313695 -0.975625 0 
1120 0.361625 -1.0372 0 
1121 0.308325 -0.864297 0 
1122 0.301421 -0.856766 0 
1123 0.367738 -0.784136 0 
1124 0.342107 -0.772555 0 
1125 0.303713 -0.750804 0 
1126 0.294379 -0.697372 0 
1127 0.288759 -0.672769 0 
1128 0.286363 -0.700111 0 
1129 0.29858 -0.671217 0 
1130 0.37856 -0.498569 0 
1131 0.337432 -0.52832 0 
1132 0.353186 -0.596624 0 
1133 0.360756 -0.441995 0 
1134 0.310396 -0.382188 0 
1135 0.350627 -0.464073 0 
1136 0.304897 -0.382047 0 
1137 0.317371 -0.315471 0 
1138 0.367049 -0.333005 0 
1139 0.325638 -0.268496 0 
1140 0.25172 -0.227569 0 
1141 0.297962 -0.16605 0 
1142 0.310933 -0.173188 0 
1143 0.329813 -0.143349 0 
1144 0.34316 -0.0473666 0 
1145 0.29044 -0.0453641 0 
1146 0.223178 -0.0382414 0 
1147 0.394841 0.0155889 0 
1148 0.307196 0.0334232 0 
1149 0.311391 0.122512 0 
1150 0.313695 0.113201 0 
1151 0.313695 0.218571 0 
1152 0.343924 0.264926 0 
1153 0.27846 0.21082 0 
1154 0.256495 0.300018 0 
1155 0.222829 0.302077 0 
1156 0.347268 0.378576 0 
1157 0.242649 0.431086 0 
1158 0.388485 0.476871 0 
1159 0.243141 0.566371 0 
1160 0.281838 0.502609 0 
1161 0.281676 0.527975 0 
1162 0.278418 0.605093 0 
1163 0.243855 0.589817 0 
1164 0.313695 0.675176 0 
1165 0.348819 -0.975625 0 
1166 0.357948 -0.938707 0 
1167 0.329262 -0.927423 0 
1168 0.312211 -0.878091 0 
1169 0.475011 -0.828721 0 
1170 0.293494 -0.787625 0 
1171 0.387272 -0.774482 0 
1172 0.375037 -0.711487 0 
1173 0.360342 -0.670006 0 
1174 0.316493 -0.61789 0 
1175 0.309614 -0.635133 0 
1176 0.307207 -0.588791 0 
1177 0.336249 -0.56808 0 
1178 0.340486 -0.546503 0 
1179 0.330136 -0.483892 0 
1180 0.356129 -0.436924 0 
1181 0.340426 -0.439807 0 
1182 0.349043 -0.465385 0 
1183 0.319512 -0.29453 0 
1184 0.33384 -0.364462 0 
1185 0.361532 -0.305148 0 
1186 0.335993 -0.284049 0 
1187 0.346755 -0.184168 0 
1188 0.379605 -0.168965 0 
1189 0.28077 -0.162512 0 
1190 0.466365 -0.121862 0 
1191 0.296673 -0.0785951 0 
1192 0.369132 -0.0504699 0 
1193 0.352367 0.0649573 0 
1194 0.316822 0.0972586 0 
1195 0.366313 0.0622977 0 
1196 0.348819 0.113201 0 
1197 0.348819 0.148325 0 
1198 0.348819 0.183448 0 
1199 0.348819 0.218571 0 
1200 0.366174 0.223064 0 
1201 0.320387 0.315007 0 
1202 0.336807 0.355607 0 
1203 0.366345 0.362576 0 
1204 0.392693 0.4296 0 
1205 0.305927 0.38488 0 
1206 0.342623 0.476503 0 
1207 0.349323 0.446302 0 
1208 0.344859 0.511569 0 
1209 0.403034 0.474492 0 
1210 0.412333 0.632625 0 
1211 0.327739 0.622671 0 
1212 0.348819 0.675176 0 
1213 0.383942 -0.975625 0 
1214 0.369615 -0.950426 0 
1215 0.42206 -0.863852 0 
1216 0.400722 -0.882535 0 
1217 0.355354 -0.769937 0 
1218 0.357828 -0.767342 0 
1219 0.430797 -0.794236 0 
1220 0.372207 -0.71892 0 
1221 0.379865 -0.682357 0 
1222 0.393719 -0.60701 0 
1223 0.373357 -0.571025 0 
1224 0.409218 -0.627199 0 
1225 0.443347 -0.58448 0 
1226 0.47092 -0.529991 0 
1227 0.369073 -0.528966 0 
1228 0.363766 -0.425787 0 
1229 0.366842 -0.364301 0 
1230 0.429972 -0.337913 0 
1231 0.441709 -0.314357 0 
1232 0.33259 -0.249098 0 
1233 0.299746 -0.277544 0 
1234 0.350742 -0.248881 0 
1235 0.448614 -0.25321 0 
1236 0.417983 -0.120749 0 
1237 0.384879 -0.159654 0 
1238 0.443005 -0.11746 0 
1239 0.354386 -0.0504435 0 
1240 0.437504 -0.0698842 0 
1241 0.380066 -0.00857209 0 
1242 0.368262 0.0485987 0 
1243 0.393571 0.0317792 0 
1244 0.326588 0.161693 0 
1245 0.404602 0.0765805 0 
1246 0.365403 0.221074 0 
1247 0.345438 0.220208 0 
1248 0.372764 0.245873 0 
1249 0.376637 0.328542 0 
1250 0.454658 0.351814 0 
1251 0.405298 0.352157 0 
1252 0.326067 0.470067 0 
1253 0.445146 0.433491 0 
1254 0.39668 0.470726 0 
1255 0.380247 0.48918 0 
1256 0.351494 0.574705 0 
1257 0.410073 0.521648 0 
1258 0.399842 0.656639 0 
1259 0.429287 0.633002 0 
1260 0.383942 0.675176 0 
1261 0.419065 -0.975625 0 
1262 0.419065 -0.940501 0 
1263 0.419065 -0.905378 0 
1264 0.419065 -0.870255 0 
1265 0.419065 -0.835131 0 
1266 0.419065 -0.800008 0 
1267 0.419065 -0.764884 0 
1268 0.419065 -0.729761 0 
1269 0.419065 -0.694637 0 
1270 0.419065 -0.659514 0 
1271 0.419065 -0.624391 0 
1272 0.419065 -0.589267 0 
1273 0.419065 -0.554144 0 
1274 0.419065 -0.51902 0 
1275 0.419065 -0.483897 0 
1276 0.419065 -0.448774 0 
1277 0.419065 -0.41365 0 
1278 0.419065 -0.378527 0 
1279 0.419065 -0.343403 0 
1280 0.419065 -0.30828 0 
1281 0.419065 -0.273156 0 
1282 0.419065 -0.238033 0 
1283 0.377082 -0.256243 0 
1284 0.364355 -0.188248 0 
1285 0.451629 -0.122472 0 
1286 0.416598 -0.0679993 0 
1287 0.438114 -0.0762124 0 
1288 0.415274 -0.00903385 0 
1289 0.445864 -0.0124226 0 
1290 0.454462 0.02464 0 
1291 0.41687 0.115556 0 
1292 0.419217 0.128227 0 
1293 0.429224 0.143896 0 
1294 0.458809 0.209671 0 
1295 0.449824 0.200103 0 
1296 0.415979 0.323637 0 
1297 0.362286 0.28313 0 
1298 0.388815 0.335286 0 
1299 0.410333 0.404879 0 
1300 0.442128 0.374374 0 
1301 0.398761 0.392476 0 
1302 0.41655 0.428042 0 
1303 0.436801 0.526832 0 
1304 0.412189 0.617543 0 
1305 0.462791 0.57945 0 
1306 0.427126 0.615757 0 
1307 0.479746 0.652478 0 
1308 0.419065 0.675176 0 
1309 0.454189 -0.238033 0 
1310 0.465453 -0.187142 0 
1311 0.398543 -0.127784 0 
1312 0.408976 -0.144363 0 
1313 0.451165 -0.126503 0 
1314 0.396309 -0.0983057 0 
1315 0.452207 -0.0505623 0 
1316 0.440045 0.0600664 0 
1317 0.404712 0.0392231 0 
1318 0.445037 0.0739205 0 
1319 0.518979 0.084887 0 
1320 0.457657 0.168163 0 
1321 0.449174 0.178482 0 
1322 0.438888 0.190782 0 
1323 0.451072 0.260676 0 
1324 0.421963 0.305012 0 
1325 0.537389 0.340108 0 
1326 0.385824 0.320528 0 
1327 0.464454 0.457822 0 
1328 0.490795 0.383125 0 
1329 0.470987 0.428822 0 
1330 0.504951 0.480372 0 
1331 0.432486 0.600529 0 
1332 0.469211 0.606588 0 
1333 0.445472 0.593584 0 
1334 0.524278 0.61419 0 
1335 0.454189 0.675176 0 
1336 0.489312 -0.238033 0 
1337 0.473545 -0.194329 0 
1338 0.419967 -0.134785 0 
1339 0.496737 -0.162926 0 
1340 0.512638 -0.126027 0 
1341 0.497635 -0.0556026 0 
1342 0.550128 -0.0745921 0 
1343 0.552161 -0.00162561 0 
1344 0.507725 0.0537013 0 
1345 0.508834 0.091387 0 
1346 0.453602 0.139713 0 
1347 0.477014 0.14354 0 
1348 0.532543 0.146506 0 
1349 0.468923 0.255353 0 
1350 0.442946 0.237621 0 
1351 0.451137 0.271298 0 
1352 0.51394 0.284626 0 
1353 0.563705 0.366091 0 
1354 0.525382 0.37764 0 
1355 0.472523 0.518274 0 
1356 0.502533 0.510957 0 
1357 0.464641 0.505142 0 
1358 0.501417 0.559388 0 
1359 0.485165 0.580214 0 
1360 0.457369 0.624065 0 
1361 0.462156 0.657965 0 
1362 0.489312 0.675176 0 
1363 0.524436 -0.238033 0 
1364 0.553102 -0.229325 0 
1365 0.573597 -0.144408 0 
1366 0.483437 -0.119108 0 
1367 0.623463 -0.0774127 0 
1368 0.538435 -0.0371101 0 
1369 0.451767 -0.0146442 0 
1370 0.536757 0.0317039 0 
1371 0.516622 0.0528861 0 
1372 0.524832 0.104291 0 
1373 0.57541 0.108409 0 
1374 0.45882 0.130342 0 
1375 0.496281 0.161908 0 
1376 0.56457 0.240353 0 
1377 0.45914 0.215192 0 
1378 0.503335 0.31956 0 
1379 0.555137 0.316261 0 
1380 0.488842 0.311036 0 
1381 0.524912 0.375098 0 
1382 0.547117 0.403547 0 
1383 0.545248 0.454648 0 
1384 0.552923 0.538162 0 
1385 0.615632 0.566841 0 
1386 0.55014 0.467297 0 
1387 0.558694 0.608746 0 
1388 0.503831 0.625703 0 
1389 0.524436 0.675176 0 
1390 0.559559 -0.238033 0 
1391 0.598238 -0.254743 0 
1392 0.492407 -0.158938 0 
1393 0.576885 -0.185346 0 
1394 0.536943 -0.129491 0 
1395 0.526745 -0.101557 0 
1396 0.568765 -0.0271008 0 
1397 0.583247 -0.0372545 0 
1398 0.532063 0.0335109 0 
1399 0.49171 0.0563964 0 
1400 0.525743 0.209204 0 
1401 0.597137 0.228825 0 
1402 0.623511 0.195418 0 
1403 0.605475 0.255057 0 
1404 0.629293 0.214173 0 
1405 0.596751 0.269865 0 
1406 0.554747 0.266485 0 
1407 0.525179 0.381128 0 
1408 0.550689 0.442075 0 
1409 0.590374 0.406304 0 
1410 0.486271 0.477507 0 
1411 0.639718 0.500475 0 
1412 0.498031 0.474455 0 
1413 0.57505 0.501551 0 
1414 0.647012 0.572778 0 
1415 0.498084 0.593549 0 
1416 0.559559 0.675176 0 
1417 0.594683 -0.238033 0 
1418 0.578769 -0.156954 0 
1419 0.57845 -0.183405 0 
1420 0.609163 -0.153606 0 
1421 0.572076 -0.053093 0 
1422 0.585873 -0.102672 0 
1423 0.658934 -0.07703 0 
1424 0.63614 -0.00971513 0 
1425 0.580838 0.121055 0 
1426 0.611326 0.0643806 0 
1427 0.597617 0.0512565 0 
1428 0.63071 0.162681 0 
1429 0.52022 0.155568 0 
1430 0.595069 0.239141 0 
1431 0.594336 0.239463 0 
1432 0.601119 0.344798 0 
1433 0.619834 0.363961 0 
1434 0.589944 0.362327 0 
1435 0.5889 0.412418 0 
1436 0.601654 0.452673 0 
1437 0.587438 0.485147 0 
1438 0.619407 0.49954 0 
1439 0.594915 0.506721 0 
1440 0.5899 0.673751 0 
1441 0.552992 0.607413 0 
1442 0.644129 0.595933 0 
1443 0.594683 0.675176 0 
1444 0.629806 -0.238033 0 
1445 0.658266 -0.199675 0 
1446 0.63399 -0.130165 0 
1447 0.597819 -0.104323 0 
1448 0.505292 -0.100524 0 
1449 0.690048 -0.074304 0 
1450 0.569117 -0.035278 0 
1451 0.673782 -0.0290387 0 
1452 0.654213 0.000924179 0 
1453 0.589653 0.1006 0 
1454 0.661656 0.0534025 0 
1455 0.569993 0.177145 0 
1456 0.684651 0.197504 0 
1457 0.611166 0.227436 0 
1458 0.687972 0.172015 0 
1459 0.678112 0.291807 0 
1460 0.671552 0.299203 0 
1461 0.637924 0.338127 0 
1462 0.648385 0.437963 0 
1463 0.628057 0.416738 0 
1464 0.597795 0.40203 0 
1465 0.610878 0.54759 0 
1466 0.581689 0.537819 0 
1467 0.623481 0.515325 0 
1468 0.646208 0.601975 0 
1469 0.59971 0.658968 0 
1470 0.629806 0.675176 0 
1471 0.664929 -0.238033 0 
1472 0.608632 -0.199846 0 
1473 0.678425 -0.185415 0 
1474 0.674694 -0.117712 0 
1475 0.642309 -0.0584376 0 
1476 0.653874 -0.0723357 0 
1477 0.630983 -0.0474174 0 
1478 0.677879 0.051973 0 
1479 0.627066 0.0852251 0 
1480 0.63641 0.0744579 0 
1481 0.577884 0.054514 0 
1482 0.608987 0.133599 0 
1483 0.649328 0.151955 0 
1484 0.649269 0.14243 0 
1485 0.689412 0.24616 0 
1486 0.674297 0.233122 0 
1487 0.706942 0.294053 0 
1488 0.656723 0.314584 0 
1489 0.738657 0.366685 0 
1490 0.667519 0.445762 0 
1491 0.660793 0.512214 0 
1492 0.669621 0.460147 0 
1493 0.660989 0.564145 0 
1494 0.620692 0.536376 0 
1495 0.765853 0.642747 0 
1496 0.617032 0.623343 0 
1497 0.664929 0.675176 0 
1498 0.700053 -0.238033 0 
1499 0.700053 -0.20291 0 
1500 0.700053 -0.167786 0 
1501 0.700053 -0.132663 0 
1502 0.700053 -0.0975394 0 
1503 0.700053 -0.062416 0 
1504 0.700053 -0.0272926 0 
1505 0.700053 0.00783085 0 
1506 0.700053 0.0429543 0 
1507 0.700053 0.0780777 0 
1508 0.700053 0.113201 0 
1509 0.700053 0.148325 0 
1510 0.700053 0.183448 0 
1511 0.700053 0.218571 0 
1512 0.700053 0.253695 0 
1513 0.700053 0.288818 0 
1514 0.700053 0.323942 0 
1515 0.700053 0.359065 0 
1516 0.700053 0.394188 0 
1517 0.700053 0.429312 0 
1518 0.700053 0.464435 0 
1519 0.700053 0.499559 0 
1520 0.700053 0.534682 0 
1521 0.700053 0.569806 0 
1522 0.700053 0.604929 0 
1523 0.700053 0.640052 0 
1524 0.700053 0.675176 0 
