0 -0.739555 0.464735 0 
1 -0.740143 0.499805 0 
2 -0.74012 0.53461 0 
3 -0.74007 0.56983 0 
4 -0.74003 0.604922 0 
5 -0.740044 0.640045 0 
6 -0.740026 0.675164 0 
7 -0.740019 0.710288 0 
8 -0.740039 0.745415 0 
9 -0.740014 0.780523 0 
10 -0.740031 0.815697 0 
11 -0.740097 0.850785 0 
12 -0.740295 0.886198 0 
13 -0.740178 0.920574 0 
14 -0.73931 0.955531 0 
15 -0.704809 0.464203 0 
16 -0.708106 0.498503 0 
17 -0.707336 0.533272 0 
18 -0.706998 0.569227 0 
19 -0.706382 0.604714 0 
20 -0.706128 0.640075 0 
21 -0.705919 0.675579 0 
22 -0.705801 0.711085 0 
23 -0.705873 0.746655 0 
24 -0.705988 0.782473 0 
25 -0.706259 0.818695 0 
26 -0.706727 0.85546 0 
27 -0.707098 0.892958 0 
28 -0.707705 0.928717 0 
29 -0.704516 0.956342 0 
30 -0.669838 0.464304 0 
31 -0.672515 0.498486 0 
32 -0.67255 0.533678 0 
33 -0.671993 0.569385 0 
34 -0.671427 0.604992 0 
35 -0.671096 0.64055 0 
36 -0.670907 0.676192 0 
37 -0.670832 0.711892 0 
38 -0.670917 0.747722 0 
39 -0.671161 0.783836 0 
40 -0.671595 0.820326 0 
41 -0.672224 0.857276 0 
42 -0.673067 0.894343 0 
43 -0.674058 0.930212 0 
44 -0.669944 0.956492 0 
45 -0.634629 0.464322 0 
46 -0.636567 0.49866 0 
47 -0.636609 0.534232 0 
48 -0.63624 0.569874 0 
49 -0.635854 0.605497 0 
50 -0.635577 0.641143 0 
51 -0.635421 0.676852 0 
52 -0.635363 0.712618 0 
53 -0.635469 0.748544 0 
54 -0.635746 0.784679 0 
55 -0.636182 0.821166 0 
56 -0.636787 0.858009 0 
57 -0.637489 0.894932 0 
58 -0.63783 0.930608 0 
59 -0.634629 0.956259 0 
60 -0.599597 0.464408 0 
61 -0.600594 0.499279 0 
62 -0.6006 0.534792 0 
63 -0.600326 0.570397 0 
64 -0.600036 0.606046 0 
65 -0.599814 0.641743 0 
66 -0.599673 0.677458 0 
67 -0.599623 0.713233 0 
68 -0.599715 0.749127 0 
69 -0.599954 0.785195 0 
70 -0.600305 0.821526 0 
71 -0.600734 0.858097 0 
72 -0.601037 0.894685 0 
73 -0.600685 0.929968 0 
74 -0.599503 0.95626 0 
75 -0.564443 0.464421 0 
76 -0.564945 0.499634 0 
77 -0.564736 0.535231 0 
78 -0.56442 0.570892 0 
79 -0.564124 0.606593 0 
80 -0.563908 0.642298 0 
81 -0.56377 0.67801 0 
82 -0.563713 0.713748 0 
83 -0.563777 0.749557 0 
84 -0.563956 0.78547 0 
85 -0.564246 0.821556 0 
86 -0.564574 0.857727 0 
87 -0.564794 0.893696 0 
88 -0.564766 0.928171 0 
89 -0.564414 0.95623 0 
90 -0.529325 0.464439 0 
91 -0.52934 0.499875 0 
92 -0.528891 0.535596 0 
93 -0.528457 0.571379 0 
94 -0.528131 0.607135 0 
95 -0.527882 0.64285 0 
96 -0.527744 0.678541 0 
97 -0.52768 0.714206 0 
98 -0.527743 0.749895 0 
99 -0.527886 0.785615 0 
100 -0.52813 0.821398 0 
101 -0.528453 0.857146 0 
102 -0.528762 0.892527 0 
103 -0.528995 0.926491 0 
104 -0.529284 0.956225 0 
105 -0.494207 0.464489 0 
106 -0.493663 0.500088 0 
107 -0.492934 0.53601 0 
108 -0.492355 0.571937 0 
109 -0.491978 0.607756 0 
110 -0.491727 0.643432 0 
111 -0.491592 0.679056 0 
112 -0.491534 0.714625 0 
113 -0.491598 0.750177 0 
114 -0.49173 0.785702 0 
115 -0.491989 0.821199 0 
116 -0.49236 0.856578 0 
117 -0.492855 0.891511 0 
118 -0.493435 0.925223 0 
119 -0.494171 0.956212 0 
120 -0.458058 -0.729173 0 
121 -0.459222 -0.694219 0 
122 -0.459217 -0.659594 0 
123 -0.459089 -0.624297 0 
124 -0.459108 -0.589246 0 
125 -0.459085 -0.554109 0 
126 -0.459082 -0.518958 0 
127 -0.459142 -0.483904 0 
128 -0.459113 -0.448754 0 
129 -0.45927 -0.413053 0 
130 -0.459181 -0.379402 0 
131 -0.45858 -0.34375 0 
132 -0.459063 0.46451 0 
133 -0.457741 0.500454 0 
134 -0.456649 0.536614 0 
135 -0.455987 0.572662 0 
136 -0.455637 0.608473 0 
137 -0.455439 0.64411 0 
138 -0.455331 0.679614 0 
139 -0.455301 0.715048 0 
140 -0.455338 0.750424 0 
141 -0.455511 0.785769 0 
142 -0.455802 0.821041 0 
143 -0.456265 0.856113 0 
144 -0.456958 0.890777 0 
145 -0.457879 0.924485 0 
146 -0.459052 0.956216 0 
147 -0.424012 -0.730213 0 
148 -0.429307 -0.697336 0 
149 -0.427527 -0.66362 0 
150 -0.427275 -0.627731 0 
151 -0.427312 -0.59212 0 
152 -0.427325 -0.556541 0 
153 -0.427194 -0.520968 0 
154 -0.426354 -0.485677 0 
155 -0.422416 -0.449567 0 
156 -0.418592 -0.415391 0 
157 -0.422185 -0.37896 0 
158 -0.423962 -0.343334 0 
159 -0.423909 0.46455 0 
160 -0.42125 0.501112 0 
161 -0.419839 0.537634 0 
162 -0.419289 0.573726 0 
163 -0.419089 0.609413 0 
164 -0.419022 0.644873 0 
165 -0.419005 0.680192 0 
166 -0.418997 0.715442 0 
167 -0.419039 0.750649 0 
168 -0.419199 0.785827 0 
169 -0.419517 0.820898 0 
170 -0.420099 0.855761 0 
171 -0.421012 0.890199 0 
172 -0.422317 0.923867 0 
173 -0.423942 0.956197 0 
174 -0.388856 -0.729913 0 
175 -0.392818 -0.698958 0 
176 -0.393059 -0.665033 0 
177 -0.3921 -0.629517 0 
178 -0.391467 -0.593715 0 
179 -0.390746 -0.558197 0 
180 -0.389585 -0.522864 0 
181 -0.387559 -0.487633 0 
182 -0.384362 -0.452347 0 
183 -0.381325 -0.417846 0 
184 -0.380022 -0.382332 0 
185 -0.388411 -0.343546 0 
186 -0.38874 0.464621 0 
187 -0.383498 0.503027 0 
188 -0.382473 0.539672 0 
189 -0.38244 0.575414 0 
190 -0.382589 0.610684 0 
191 -0.382686 0.645739 0 
192 -0.382731 0.680767 0 
193 -0.382729 0.715801 0 
194 -0.382731 0.750851 0 
195 -0.382838 0.785863 0 
196 -0.383156 0.82078 0 
197 -0.383811 0.855473 0 
198 -0.38494 0.889771 0 
199 -0.386625 0.923418 0 
200 -0.388805 0.956191 0 
201 -0.353497 -0.729805 0 
202 -0.354664 -0.70038 0 
203 -0.355563 -0.666074 0 
204 -0.355255 -0.630336 0 
205 -0.354503 -0.594518 0 
206 -0.353416 -0.558965 0 
207 -0.35185 -0.523695 0 
208 -0.349647 -0.488518 0 
209 -0.346908 -0.453339 0 
210 -0.344347 -0.418169 0 
211 -0.343638 -0.381811 0 
212 -0.353732 -0.343316 0 
213 -0.353599 -0.308334 0 
214 -0.353597 -0.273247 0 
215 -0.353544 -0.238104 0 
216 -0.353592 -0.202962 0 
217 -0.353561 -0.167839 0 
218 -0.353516 -0.132678 0 
219 -0.35359 -0.0975311 0 
220 -0.353599 -0.0624137 0 
221 -0.353571 -0.0272861 0 
222 -0.353601 0.00785201 0 
223 -0.35362 0.0429683 0 
224 -0.353622 0.0780779 0 
225 -0.353618 0.113189 0 
226 -0.353616 0.148292 0 
227 -0.353445 0.183465 0 
228 -0.353605 0.218652 0 
229 -0.353631 0.253756 0 
230 -0.353639 0.288874 0 
231 -0.353645 0.323991 0 
232 -0.353647 0.359119 0 
233 -0.353613 0.394248 0 
234 -0.353575 0.429531 0 
235 -0.353674 0.464517 0 
236 -0.346804 0.508857 0 
237 -0.346252 0.543729 0 
238 -0.346435 0.577908 0 
239 -0.346643 0.612168 0 
240 -0.346739 0.646619 0 
241 -0.346729 0.681243 0 
242 -0.346652 0.716019 0 
243 -0.346554 0.750906 0 
244 -0.346523 0.785825 0 
245 -0.346746 0.82064 0 
246 -0.347401 0.855225 0 
247 -0.348691 0.889418 0 
248 -0.350807 0.923077 0 
249 -0.35368 0.956186 0 
250 -0.318258 -0.975477 0 
251 -0.318575 -0.940391 0 
252 -0.318523 -0.905379 0 
253 -0.318487 -0.870239 0 
254 -0.318479 -0.835103 0 
255 -0.318471 -0.799969 0 
256 -0.318492 -0.764843 0 
257 -0.318619 -0.729869 0 
258 -0.318628 -0.701885 0 
259 -0.318392 -0.666524 0 
260 -0.318152 -0.63059 0 
261 -0.317505 -0.594732 0 
262 -0.316392 -0.55918 0 
263 -0.314804 -0.523937 0 
264 -0.312794 -0.488888 0 
265 -0.310557 -0.453972 0 
266 -0.308753 -0.419216 0 
267 -0.308785 -0.384687 0 
268 -0.31252 -0.351761 0 
269 -0.316149 -0.316159 0 
270 -0.319349 -0.276947 0 
271 -0.320046 -0.240168 0 
272 -0.320006 -0.204405 0 
273 -0.320182 -0.168383 0 
274 -0.320216 -0.132806 0 
275 -0.32016 -0.0974111 0 
276 -0.320182 -0.0621981 0 
277 -0.320266 -0.0270269 0 
278 -0.320293 0.00813059 0 
279 -0.320318 0.0432501 0 
280 -0.320343 0.0783731 0 
281 -0.320378 0.113523 0 
282 -0.320437 0.148719 0 
283 -0.320557 0.184 0 
284 -0.320425 0.219374 0 
285 -0.320263 0.254684 0 
286 -0.320198 0.290072 0 
287 -0.320265 0.325704 0 
288 -0.320405 0.361795 0 
289 -0.320478 0.39907 0 
290 -0.317483 0.440166 0 
291 -0.318164 0.474265 0 
292 -0.316107 0.510816 0 
293 -0.313533 0.545635 0 
294 -0.312372 0.579427 0 
295 -0.311859 0.61316 0 
296 -0.311557 0.647104 0 
297 -0.311298 0.681381 0 
298 -0.310992 0.715956 0 
299 -0.310665 0.750754 0 
300 -0.310418 0.785645 0 
301 -0.310413 0.820436 0 
302 -0.310932 0.854974 0 
303 -0.312286 0.889102 0 
304 -0.314748 0.922752 0 
305 -0.318474 0.95622 0 
306 -0.28335 -0.975778 0 
307 -0.284934 -0.942329 0 
308 -0.284684 -0.907127 0 
309 -0.285478 -0.873246 0 
310 -0.284847 -0.83693 0 
311 -0.283295 -0.799986 0 
312 -0.282673 -0.764564 0 
313 -0.282034 -0.730893 0 
314 -0.281435 -0.700389 0 
315 -0.281497 -0.665737 0 
316 -0.281379 -0.630204 0 
317 -0.280832 -0.594539 0 
318 -0.27982 -0.559049 0 
319 -0.278427 -0.52385 0 
320 -0.276783 -0.488879 0 
321 -0.275199 -0.454145 0 
322 -0.274271 -0.419725 0 
323 -0.274953 -0.385711 0 
324 -0.277825 -0.352024 0 
325 -0.281485 -0.316257 0 
326 -0.284353 -0.277954 0 
327 -0.285575 -0.240823 0 
328 -0.2861 -0.204214 0 
329 -0.286158 -0.168355 0 
330 -0.286254 -0.132661 0 
331 -0.286361 -0.0971695 0 
332 -0.286493 -0.0618691 0 
333 -0.286644 -0.0266513 0 
334 -0.286754 0.00850635 0 
335 -0.286825 0.04363 0 
336 -0.286857 0.0787368 0 
337 -0.286855 0.113889 0 
338 -0.286813 0.149129 0 
339 -0.28675 0.184486 0 
340 -0.286491 0.219938 0 
341 -0.286248 0.255412 0 
342 -0.286126 0.291011 0 
343 -0.286156 0.32686 0 
344 -0.286274 0.363206 0 
345 -0.286236 0.400425 0 
346 -0.285172 0.438995 0 
347 -0.284152 0.475596 0 
348 -0.282699 0.510847 0 
349 -0.280843 0.545533 0 
350 -0.279211 0.579484 0 
351 -0.278069 0.613133 0 
352 -0.277258 0.646884 0 
353 -0.276609 0.680955 0 
354 -0.275973 0.715448 0 
355 -0.275352 0.750266 0 
356 -0.274759 0.785228 0 
357 -0.274375 0.820124 0 
358 -0.274592 0.854731 0 
359 -0.27589 0.888881 0 
360 -0.278711 0.922574 0 
361 -0.28343 0.956252 0 
362 -0.248264 -0.975749 0 
363 -0.249657 -0.943171 0 
364 -0.249771 -0.907636 0 
365 -0.249746 -0.8722 0 
366 -0.251184 -0.84014 0 
367 -0.247443 -0.799206 0 
368 -0.246776 -0.763982 0 
369 -0.246088 -0.73056 0 
370 -0.245537 -0.698377 0 
371 -0.245315 -0.664486 0 
372 -0.245072 -0.62953 0 
373 -0.244567 -0.594117 0 
374 -0.243726 -0.558696 0 
375 -0.242612 -0.523486 0 
376 -0.241421 -0.488533 0 
377 -0.240478 -0.45385 0 
378 -0.240288 -0.419421 0 
379 -0.241404 -0.385197 0 
380 -0.243981 -0.350758 0 
381 -0.247041 -0.314911 0 
382 -0.249434 -0.277613 0 
383 -0.250772 -0.2407 0 
384 -0.251458 -0.204191 0 
385 -0.251701 -0.168011 0 
386 -0.251838 -0.132247 0 
387 -0.252238 -0.0967598 0 
388 -0.252504 -0.0614308 0 
389 -0.252755 -0.0261814 0 
390 -0.252974 0.0089836 0 
391 -0.253113 0.0440642 0 
392 -0.253144 0.0791438 0 
393 -0.253052 0.114265 0 
394 -0.252824 0.149504 0 
395 -0.252514 0.1849 0 
396 -0.25212 0.220414 0 
397 -0.251783 0.25596 0 
398 -0.251575 0.291624 0 
399 -0.251545 0.327507 0 
400 -0.251593 0.36373 0 
401 -0.251561 0.400448 0 
402 -0.251171 0.437533 0 
403 -0.250433 0.474029 0 
404 -0.249301 0.509539 0 
405 -0.247846 0.544269 0 
406 -0.246303 0.578405 0 
407 -0.244878 0.612162 0 
408 -0.243742 0.645877 0 
409 -0.242884 0.679789 0 
410 -0.24206 0.714232 0 
411 -0.241038 0.749294 0 
412 -0.239945 0.784474 0 
413 -0.239016 0.819623 0 
414 -0.238691 0.854519 0 
415 -0.239667 0.888772 0 
416 -0.242557 0.922413 0 
417 -0.248141 0.956351 0 
418 -0.213143 -0.975737 0 
419 -0.214035 -0.942999 0 
420 -0.214293 -0.907699 0 
421 -0.214633 -0.872913 0 
422 -0.215853 -0.840366 0 
423 -0.210135 -0.793808 0 
424 -0.211221 -0.762573 0 
425 -0.210919 -0.729823 0 
426 -0.210327 -0.697067 0 
427 -0.209789 -0.663492 0 
428 -0.209293 -0.628867 0 
429 -0.208737 -0.593602 0 
430 -0.208083 -0.558166 0 
431 -0.207291 -0.522896 0 
432 -0.206569 -0.487912 0 
433 -0.206197 -0.453121 0 
434 -0.206528 -0.418509 0 
435 -0.207866 -0.383927 0 
436 -0.210146 -0.349087 0 
437 -0.212598 -0.313265 0 
438 -0.214595 -0.276634 0 
439 -0.215903 -0.240096 0 
440 -0.216701 -0.203767 0 
441 -0.217153 -0.167703 0 
442 -0.217545 -0.131863 0 
443 -0.217974 -0.0962228 0 
444 -0.218263 -0.0608841 0 
445 -0.218615 -0.0256217 0 
446 -0.218954 0.00953916 0 
447 -0.219202 0.0445886 0 
448 -0.219233 0.0795692 0 
449 -0.219007 0.114596 0 
450 -0.218551 0.149842 0 
451 -0.217989 0.185258 0 
452 -0.217432 0.220802 0 
453 -0.21699 0.256396 0 
454 -0.21672 0.292023 0 
455 -0.216601 0.327778 0 
456 -0.216588 0.363786 0 
457 -0.216602 0.399988 0 
458 -0.216459 0.436301 0 
459 -0.216094 0.472321 0 
460 -0.215443 0.507766 0 
461 -0.214517 0.542518 0 
462 -0.213334 0.576677 0 
463 -0.212017 0.610359 0 
464 -0.210704 0.64422 0 
465 -0.209812 0.678119 0 
466 -0.208937 0.71238 0 
467 -0.207542 0.747862 0 
468 -0.206194 0.783295 0 
469 -0.204742 0.818784 0 
470 -0.203942 0.85416 0 
471 -0.204297 0.889181 0 
472 -0.207145 0.922626 0 
473 -0.212716 0.956716 0 
474 -0.178093 -0.975683 0 
475 -0.178131 -0.942193 0 
476 -0.178422 -0.907084 0 
477 -0.178568 -0.871789 0 
478 -0.178391 -0.836265 0 
479 -0.175861 -0.797777 0 
480 -0.177046 -0.763106 0 
481 -0.176372 -0.729404 0 
482 -0.175648 -0.696182 0 
483 -0.174779 -0.662834 0 
484 -0.174 -0.628283 0 
485 -0.173416 -0.593021 0 
486 -0.172964 -0.557434 0 
487 -0.172481 -0.522103 0 
488 -0.172187 -0.487015 0 
489 -0.172274 -0.452116 0 
490 -0.172901 -0.417264 0 
491 -0.174267 -0.382345 0 
492 -0.176242 -0.347349 0 
493 -0.178106 -0.311644 0 
494 -0.179808 -0.275419 0 
495 -0.181045 -0.239174 0 
496 -0.18183 -0.203086 0 
497 -0.182359 -0.167137 0 
498 -0.182809 -0.131395 0 
499 -0.183288 -0.0958674 0 
500 -0.183725 -0.0602913 0 
501 -0.184214 -0.0249553 0 
502 -0.184713 0.0102001 0 
503 -0.185094 0.0451806 0 
504 -0.185149 0.080016 0 
505 -0.184754 0.114886 0 
506 -0.184016 0.150073 0 
507 -0.1832 0.185587 0 
508 -0.182491 0.221176 0 
509 -0.181958 0.256729 0 
510 -0.181622 0.292295 0 
511 -0.181433 0.327904 0 
512 -0.181371 0.363616 0 
513 -0.181359 0.399472 0 
514 -0.181349 0.435284 0 
515 -0.181245 0.470947 0 
516 -0.181011 0.506169 0 
517 -0.180637 0.540822 0 
518 -0.180104 0.57479 0 
519 -0.179283 0.608026 0 
520 -0.177641 0.641908 0 
521 -0.176882 0.676656 0 
522 -0.177026 0.709973 0 
523 -0.174936 0.746221 0 
524 -0.17368 0.781738 0 
525 -0.171909 0.817432 0 
526 -0.171139 0.853117 0 
527 -0.171267 0.888644 0 
528 -0.172959 0.923843 0 
529 -0.179065 0.95661 0 
530 -0.142928 -0.975667 0 
531 -0.142621 -0.941576 0 
532 -0.142616 -0.90648 0 
533 -0.142618 -0.870986 0 
534 -0.142398 -0.83514 0 
535 -0.141585 -0.798482 0 
536 -0.14167 -0.76242 0 
537 -0.141961 -0.728768 0 
538 -0.141357 -0.695107 0 
539 -0.140218 -0.662444 0 
540 -0.139245 -0.627694 0 
541 -0.138695 -0.592262 0 
542 -0.138499 -0.556473 0 
543 -0.1383 -0.521069 0 
544 -0.138336 -0.485954 0 
545 -0.138681 -0.450924 0 
546 -0.139394 -0.415886 0 
547 -0.140643 -0.380722 0 
548 -0.142293 -0.345762 0 
549 -0.143458 -0.310139 0 
550 -0.144998 -0.274114 0 
551 -0.14614 -0.238132 0 
552 -0.146877 -0.202238 0 
553 -0.147374 -0.16644 0 
554 -0.147836 -0.130721 0 
555 -0.148308 -0.0951159 0 
556 -0.148787 -0.0595449 0 
557 -0.149533 -0.0241795 0 
558 -0.15025 0.011013 0 
559 -0.150814 0.0458979 0 
560 -0.150929 0.0805307 0 
561 -0.150314 0.115046 0 
562 -0.149202 0.150145 0 
563 -0.148082 0.185868 0 
564 -0.147281 0.221557 0 
565 -0.146716 0.257048 0 
566 -0.146322 0.292485 0 
567 -0.146089 0.327927 0 
568 -0.145981 0.363422 0 
569 -0.14594 0.398975 0 
570 -0.145932 0.434509 0 
571 -0.145938 0.469945 0 
572 -0.145943 0.505057 0 
573 -0.145971 0.539723 0 
574 -0.146074 0.573747 0 
575 -0.146201 0.606306 0 
576 -0.14614 0.638561 0 
577 -0.142961 0.675021 0 
578 -0.143011 0.710064 0 
579 -0.143012 0.745411 0 
580 -0.142866 0.780638 0 
581 -0.142741 0.815636 0 
582 -0.142732 0.850729 0 
583 -0.142661 0.88575 0 
584 -0.142464 0.920712 0 
585 -0.144007 0.955008 0 
586 -0.107809 -0.975663 0 
587 -0.107229 -0.941161 0 
588 -0.107003 -0.906078 0 
589 -0.106916 -0.870673 0 
590 -0.106846 -0.83496 0 
591 -0.106785 -0.798939 0 
592 -0.107081 -0.762935 0 
593 -0.106675 -0.727693 0 
594 -0.107504 -0.69278 0 
595 -0.106019 -0.662333 0 
596 -0.105229 -0.626761 0 
597 -0.104932 -0.591109 0 
598 -0.104974 -0.555255 0 
599 -0.104962 -0.519867 0 
600 -0.105129 -0.48484 0 
601 -0.105496 -0.449764 0 
602 -0.105991 -0.414586 0 
603 -0.10695 -0.379209 0 
604 -0.108145 -0.344384 0 
605 -0.108437 -0.308869 0 
606 -0.110152 -0.272823 0 
607 -0.111193 -0.237062 0 
608 -0.111802 -0.201384 0 
609 -0.112255 -0.165669 0 
610 -0.112689 -0.12998 0 
611 -0.113191 -0.0942913 0 
612 -0.113798 -0.058709 0 
613 -0.114563 -0.0232324 0 
614 -0.115535 0.0119726 0 
615 -0.116369 0.0468278 0 
616 -0.116621 0.0811561 0 
617 -0.115635 0.114996 0 
618 -0.113967 0.149999 0 
619 -0.112545 0.186246 0 
620 -0.11179 0.222015 0 
621 -0.111263 0.257403 0 
622 -0.110887 0.292642 0 
623 -0.110629 0.327903 0 
624 -0.110463 0.363173 0 
625 -0.110345 0.398526 0 
626 -0.110281 0.433898 0 
627 -0.110228 0.469224 0 
628 -0.110224 0.504398 0 
629 -0.110295 0.539335 0 
630 -0.110452 0.573935 0 
631 -0.110584 0.608081 0 
632 -0.110387 0.641726 0 
633 -0.107872 0.674928 0 
634 -0.0726761 -0.975665 0 
635 -0.0719191 -0.940989 0 
636 -0.0715282 -0.905974 0 
637 -0.071347 -0.870704 0 
638 -0.0713718 -0.835229 0 
639 -0.0716546 -0.799559 0 
640 -0.0724033 -0.763675 0 
641 -0.0735625 -0.727096 0 
642 -0.0736708 -0.687023 0 
643 -0.0726278 -0.659436 0 
644 -0.0728089 -0.624503 0 
645 -0.0729652 -0.589232 0 
646 -0.0727375 -0.554092 0 
647 -0.0727777 -0.5189 0 
648 -0.0726447 -0.483833 0 
649 -0.0726618 -0.448735 0 
650 -0.0727088 -0.413617 0 
651 -0.0727196 -0.378505 0 
652 -0.0727075 -0.343285 0 
653 -0.0727986 -0.308279 0 
654 -0.0753632 -0.271635 0 
655 -0.0761795 -0.236152 0 
656 -0.0766358 -0.200554 0 
657 -0.0769996 -0.16486 0 
658 -0.0774049 -0.12917 0 
659 -0.0778965 -0.0934751 0 
660 -0.0785627 -0.0577986 0 
661 -0.0794411 -0.0222212 0 
662 -0.0805533 0.0131114 0 
663 -0.0816715 0.048021 0 
664 -0.0821913 0.0821281 0 
665 -0.0805382 0.11455 0 
666 -0.0780636 0.149545 0 
667 -0.0764861 0.187086 0 
668 -0.0760138 0.222637 0 
669 -0.0756498 0.257716 0 
670 -0.0753431 0.292688 0 
671 -0.0750906 0.327721 0 
672 -0.0748766 0.362839 0 
673 -0.0746631 0.398048 0 
674 -0.0744467 0.433301 0 
675 -0.0742268 0.468607 0 
676 -0.0740218 0.503848 0 
677 -0.0738089 0.53898 0 
678 -0.0735461 0.573915 0 
679 -0.0731326 0.608476 0 
680 -0.0725827 0.642351 0 
681 -0.0726601 0.674753 0 
682 -0.0375739 -0.975664 0 
683 -0.0366569 -0.940968 0 
684 -0.0360877 -0.906059 0 
685 -0.0357849 -0.870985 0 
686 -0.035759 -0.835803 0 
687 -0.036068 -0.800478 0 
688 -0.0368508 -0.765091 0 
689 -0.0381504 -0.729679 0 
690 -0.039224 -0.694206 0 
691 -0.03778 -0.659649 0 
692 -0.03756 -0.308159 0 
693 -0.0403713 -0.271593 0 
694 -0.0409542 -0.235688 0 
695 -0.0413268 -0.199855 0 
696 -0.0416482 -0.164094 0 
697 -0.0419817 -0.128351 0 
698 -0.0424222 -0.092607 0 
699 -0.0430537 -0.0568757 0 
700 -0.0439297 -0.0211979 0 
701 -0.0451129 0.0142893 0 
702 -0.0464173 0.0493975 0 
703 -0.0473346 0.0837797 0 
704 -0.0442708 0.113433 0 
705 -0.0411315 0.148689 0 
706 -0.0403 0.188325 0 
707 -0.0400399 0.223081 0 
708 -0.0398733 0.257609 0 
709 -0.0397725 0.292351 0 
710 -0.0395702 0.32724 0 
711 -0.0392886 0.362249 0 
712 -0.0389301 0.397373 0 
713 -0.038551 0.432611 0 
714 -0.0381276 0.467869 0 
715 -0.0376925 0.503152 0 
716 -0.0372047 0.538361 0 
717 -0.0366604 0.573376 0 
718 -0.0361307 0.608083 0 
719 -0.0360118 0.642208 0 
720 -0.0373887 0.675003 0 
721 -0.00245282 -0.975645 0 
722 -0.0013905 -0.941019 0 
723 -0.00065344 -0.906282 0 
724 -0.000156882 -0.871429 0 
725 7.83763e-05 -0.836505 0 
726 1.88492e-05 -0.801486 0 
727 -0.000343169 -0.766398 0 
728 -0.00107296 -0.731178 0 
729 -0.00224081 -0.695451 0 
730 -0.00246026 -0.659624 0 
731 -0.00240818 -0.30826 0 
732 -0.00428794 -0.271381 0 
733 -0.00536175 -0.235066 0 
734 -0.00589576 -0.199091 0 
735 -0.00619414 -0.163266 0 
736 -0.00643971 -0.127504 0 
737 -0.00678731 -0.0917062 0 
738 -0.00730737 -0.0559343 0 
739 -0.00806425 -0.0202053 0 
740 -0.00912475 0.0153826 0 
741 -0.0103439 0.0507055 0 
742 -0.0100982 0.0854278 0 
743 -0.00239414 0.113289 0 
744 -0.00255599 0.148356 0 
745 -0.00271826 0.18352 0 
746 -0.00240177 0.218767 0 
747 -0.00394587 0.255617 0 
748 -0.00429459 0.291178 0 
749 -0.0041396 0.326277 0 
750 -0.00374889 0.361313 0 
751 -0.00322757 0.396455 0 
752 -0.00266253 0.431673 0 
753 -0.00209152 0.466951 0 
754 -0.00150069 0.502261 0 
755 -0.00089488 0.537552 0 
756 -0.000295443 0.572695 0 
757 0.000211755 0.607625 0 
758 0.000219264 0.642073 0 
759 -0.00223636 0.675053 0 
760 0.0326729 -0.975613 0 
761 0.0338796 -0.941124 0 
762 0.0348433 -0.906583 0 
763 0.0355665 -0.871956 0 
764 0.0360776 -0.837245 0 
765 0.0364476 -0.802462 0 
766 0.036778 -0.767644 0 
767 0.037354 -0.732866 0 
768 0.037783 -0.698036 0 
769 0.0327632 -0.659839 0 
770 0.0326811 -0.308295 0 
771 0.0305818 -0.270718 0 
772 0.0296956 -0.23422 0 
773 0.0293698 -0.19825 0 
774 0.0292482 -0.162421 0 
775 0.0291843 -0.12663 0 
776 0.029005 -0.0908494 0 
777 0.0286907 -0.0550555 0 
778 0.0281554 -0.0193384 0 
779 0.0274066 0.0161552 0 
780 0.0264542 0.0510773 0 
781 0.0257019 0.0842918 0 
782 0.0325256 0.113204 0 
783 0.0326058 0.218699 0 
784 0.0313778 0.255268 0 
785 0.0309553 0.290244 0 
786 0.0312251 0.325094 0 
787 0.0318147 0.3601 0 
788 0.0324992 0.395268 0 
789 0.0331778 0.43055 0 
790 0.0338209 0.46588 0 
791 0.0344557 0.501246 0 
792 0.0350588 0.536592 0 
793 0.0355575 0.571863 0 
794 0.0358378 0.607047 0 
795 0.0354803 0.642008 0 
796 0.0328073 0.675212 0 
797 0.0678143 -0.97564 0 
798 0.0691803 -0.941313 0 
799 0.0704052 -0.906947 0 
800 0.0713947 -0.872518 0 
801 0.0721747 -0.837989 0 
802 0.072779 -0.803343 0 
803 0.0732703 -0.768657 0 
804 0.0736053 -0.733859 0 
805 0.0730962 -0.698593 0 
806 0.0680522 -0.65963 0 
807 0.0679959 -0.624454 0 
808 0.0678921 -0.589208 0 
809 0.0677987 -0.554145 0 
810 0.0678074 -0.519023 0 
811 0.0678203 -0.483938 0 
812 0.0678121 -0.448807 0 
813 0.0677374 -0.413685 0 
814 0.06828 -0.378647 0 
815 0.0678882 -0.343114 0 
816 0.0676392 -0.308258 0 
817 0.0646593 -0.269558 0 
818 0.0643038 -0.233237 0 
819 0.0644734 -0.197393 0 
820 0.0646996 -0.161633 0 
821 0.0648777 -0.125854 0 
822 0.0649279 -0.0900514 0 
823 0.0648604 -0.0542652 0 
824 0.064652 -0.0186002 0 
825 0.0643362 0.0167566 0 
826 0.0641891 0.051326 0 
827 0.0649558 0.0841794 0 
828 0.0677697 0.113228 0 
829 0.0678227 0.218478 0 
830 0.0657611 0.254116 0 
831 0.0658876 0.28865 0 
832 0.0666742 0.323491 0 
833 0.0675355 0.358637 0 
834 0.0683241 0.393965 0 
835 0.0690275 0.429369 0 
836 0.0696484 0.464818 0 
837 0.0701739 0.500243 0 
838 0.0706034 0.535643 0 
839 0.0708853 0.570941 0 
840 0.0709396 0.606205 0 
841 0.0705668 0.641466 0 
842 0.0678617 0.675269 0 
843 0.102952 -0.975645 0 
844 0.104577 -0.941562 0 
845 0.106057 -0.907423 0 
846 0.107299 -0.873149 0 
847 0.108277 -0.838704 0 
848 0.109022 -0.804111 0 
849 0.109544 -0.769364 0 
850 0.109734 -0.734387 0 
851 0.109128 -0.698846 0 
852 0.106745 -0.661984 0 
853 0.106049 -0.626028 0 
854 0.105853 -0.590139 0 
855 0.104071 -0.554577 0 
856 0.103218 -0.519022 0 
857 0.102643 -0.48347 0 
858 0.102166 -0.447911 0 
859 0.101564 -0.412243 0 
860 0.100691 -0.376211 0 
861 0.0996341 -0.339767 0 
862 0.095837 -0.303003 0 
863 0.0971488 -0.267386 0 
864 0.0986874 -0.232177 0 
865 0.0996445 -0.196667 0 
866 0.100251 -0.161 0 
867 0.100667 -0.125234 0 
868 0.100972 -0.0894097 0 
869 0.101166 -0.0536123 0 
870 0.101244 -0.0179695 0 
871 0.101259 0.0172796 0 
872 0.101338 0.0515846 0 
873 0.101875 0.0839919 0 
874 0.102889 0.113257 0 
875 0.102784 0.219147 0 
876 0.101923 0.25157 0 
877 0.102634 0.286261 0 
878 0.103219 0.321651 0 
879 0.103812 0.357221 0 
880 0.104401 0.392811 0 
881 0.104937 0.428394 0 
882 0.105382 0.463962 0 
883 0.105724 0.49947 0 
884 0.105916 0.534913 0 
885 0.105868 0.570271 0 
886 0.105465 0.605501 0 
887 0.104507 0.640586 0 
888 0.102923 0.675177 0 
889 0.138078 -0.975638 0 
890 0.140036 -0.941913 0 
891 0.141803 -0.907998 0 
892 0.143253 -0.873832 0 
893 0.144369 -0.839428 0 
894 0.145133 -0.804788 0 
895 0.145574 -0.769884 0 
896 0.145583 -0.734682 0 
897 0.144897 -0.699044 0 
898 0.14341 -0.662853 0 
899 0.142326 -0.626802 0 
900 0.141314 -0.59074 0 
901 0.139826 -0.554838 0 
902 0.138711 -0.518998 0 
903 0.137877 -0.483165 0 
904 0.137159 -0.447349 0 
905 0.136418 -0.411459 0 
906 0.135571 -0.375363 0 
907 0.134804 -0.339371 0 
908 0.133647 -0.303239 0 
909 0.133914 -0.26764 0 
910 0.134682 -0.232081 0 
911 0.135446 -0.196441 0 
912 0.136103 -0.160711 0 
913 0.136642 -0.124864 0 
914 0.13712 -0.089019 0 
915 0.137529 -0.0531894 0 
916 0.137864 -0.0175394 0 
917 0.138129 0.0176805 0 
918 0.138236 0.0519718 0 
919 0.137929 0.0841759 0 
920 0.137927 0.113251 0 
921 0.138322 0.218892 0 
922 0.138377 0.251931 0 
923 0.138992 0.286239 0 
924 0.139618 0.321204 0 
925 0.140133 0.356586 0 
926 0.140548 0.392168 0 
927 0.14088 0.427826 0 
928 0.141125 0.463464 0 
929 0.141233 0.499046 0 
930 0.14119 0.534574 0 
931 0.140921 0.570003 0 
932 0.140326 0.605253 0 
933 0.139336 0.640334 0 
934 0.138077 0.6751 0 
935 0.173238 -0.975676 0 
936 0.175588 -0.942482 0 
937 0.177638 -0.90876 0 
938 0.179242 -0.874622 0 
939 0.180379 -0.84013 0 
940 0.181082 -0.805334 0 
941 0.181357 -0.77023 0 
942 0.181145 -0.73484 0 
943 0.180389 -0.699091 0 
944 0.179155 -0.663069 0 
945 0.177896 -0.626992 0 
946 0.176647 -0.590911 0 
947 0.175325 -0.554849 0 
948 0.174225 -0.518872 0 
949 0.173311 -0.482916 0 
950 0.172557 -0.44704 0 
951 0.171874 -0.411162 0 
952 0.171226 -0.37528 0 
953 0.170725 -0.339465 0 
954 0.1703 -0.303655 0 
955 0.170414 -0.26796 0 
956 0.170881 -0.232265 0 
957 0.171469 -0.196521 0 
958 0.172097 -0.160686 0 
959 0.17272 -0.124805 0 
960 0.173333 -0.08892 0 
961 0.173906 -0.0530643 0 
962 0.174455 -0.017424 0 
963 0.174907 0.0177882 0 
964 0.175291 0.0520749 0 
965 0.175584 0.0846731 0 
966 0.173102 0.113359 0 
967 0.173294 0.218533 0 
968 0.175149 0.251193 0 
969 0.175805 0.285755 0 
970 0.176312 0.320869 0 
971 0.176618 0.356322 0 
972 0.176794 0.391946 0 
973 0.176876 0.427632 0 
974 0.176879 0.463343 0 
975 0.176786 0.499021 0 
976 0.176561 0.53462 0 
977 0.176137 0.570117 0 
978 0.175441 0.605445 0 
979 0.174457 0.640486 0 
980 0.173242 0.675136 0 
981 0.208365 -0.975715 0 
982 0.211199 -0.943368 0 
983 0.213555 -0.909721 0 
984 0.215234 -0.875461 0 
985 0.216288 -0.840769 0 
986 0.216815 -0.805748 0 
987 0.216869 -0.770433 0 
988 0.21646 -0.734819 0 
989 0.21561 -0.698967 0 
990 0.214435 -0.662959 0 
991 0.213185 -0.62687 0 
992 0.211932 -0.590771 0 
993 0.210731 -0.554707 0 
994 0.209698 -0.518688 0 
995 0.20883 -0.482736 0 
996 0.20811 -0.446891 0 
997 0.207511 -0.41111 0 
998 0.207026 -0.375382 0 
999 0.206697 -0.339712 0 
1000 0.206523 -0.304006 0 
1001 0.206626 -0.268324 0 
1002 0.206984 -0.23256 0 
1003 0.207502 -0.196767 0 
1004 0.208117 -0.160903 0 
1005 0.208807 -0.125037 0 
1006 0.209529 -0.0891385 0 
1007 0.210262 -0.0533281 0 
1008 0.210909 -0.0177248 0 
1009 0.211341 0.0174246 0 
1010 0.211184 0.0516538 0 
1011 0.209887 0.0840509 0 
1012 0.207948 0.112349 0 
1013 0.208386 0.218646 0 
1014 0.210933 0.251991 0 
1015 0.212384 0.286118 0 
1016 0.213005 0.321071 0 
1017 0.213182 0.356439 0 
1018 0.213127 0.392059 0 
1019 0.212959 0.427809 0 
1020 0.212721 0.463548 0 
1021 0.21242 0.4993 0 
1022 0.212019 0.535003 0 
1023 0.211488 0.570629 0 
1024 0.210732 0.60604 0 
1025 0.20973 0.641079 0 
1026 0.208388 0.675129 0 
1027 0.24343 -0.975831 0 
1028 0.246906 -0.94452 0 
1029 0.24957 -0.910698 0 
1030 0.251163 -0.876197 0 
1031 0.251999 -0.841248 0 
1032 0.252273 -0.80596 0 
1033 0.252078 -0.770391 0 
1034 0.251491 -0.734615 0 
1035 0.250575 -0.698672 0 
1036 0.24945 -0.662641 0 
1037 0.248268 -0.626559 0 
1038 0.247116 -0.590485 0 
1039 0.24604 -0.554485 0 
1040 0.245107 -0.518515 0 
1041 0.244324 -0.482629 0 
1042 0.243684 -0.446868 0 
1043 0.243165 -0.411192 0 
1044 0.242766 -0.375573 0 
1045 0.242514 -0.339986 0 
1046 0.242449 -0.304345 0 
1047 0.24258 -0.268684 0 
1048 0.242904 -0.232955 0 
1049 0.2434 -0.197166 0 
1050 0.244029 -0.161337 0 
1051 0.244792 -0.125507 0 
1052 0.245634 -0.0897105 0 
1053 0.246514 -0.0540198 0 
1054 0.247332 -0.0185323 0 
1055 0.247878 0.0165665 0 
1056 0.247818 0.0508899 0 
1057 0.246723 0.0837193 0 
1058 0.243846 0.112768 0 
1059 0.243558 0.218691 0 
1060 0.247221 0.25213 0 
1061 0.249137 0.28645 0 
1062 0.249867 0.321415 0 
1063 0.24988 0.356787 0 
1064 0.249589 0.392422 0 
1065 0.249138 0.428198 0 
1066 0.248668 0.464017 0 
1067 0.248152 0.499873 0 
1068 0.247591 0.535675 0 
1069 0.24691 0.571382 0 
1070 0.246051 0.606915 0 
1071 0.24494 0.641958 0 
1072 0.243525 0.675183 0 
1073 0.278542 -0.975789 0 
1074 0.283247 -0.944981 0 
1075 0.285637 -0.911302 0 
1076 0.286843 -0.876628 0 
1077 0.287324 -0.841426 0 
1078 0.287296 -0.805884 0 
1079 0.286885 -0.770103 0 
1080 0.286163 -0.734192 0 
1081 0.285232 -0.698198 0 
1082 0.284197 -0.662179 0 
1083 0.283137 -0.626163 0 
1084 0.282131 -0.590178 0 
1085 0.281222 -0.554255 0 
1086 0.280404 -0.51837 0 
1087 0.279733 -0.482616 0 
1088 0.279169 -0.446946 0 
1089 0.278717 -0.41139 0 
1090 0.278371 -0.375864 0 
1091 0.27817 -0.340368 0 
1092 0.278134 -0.304801 0 
1093 0.278275 -0.269168 0 
1094 0.278596 -0.233452 0 
1095 0.279085 -0.197706 0 
1096 0.279754 -0.161939 0 
1097 0.280577 -0.126244 0 
1098 0.281544 -0.0906502 0 
1099 0.282626 -0.0551596 0 
1100 0.283774 -0.0199306 0 
1101 0.284913 0.0148447 0 
1102 0.285786 0.0487752 0 
1103 0.285141 0.081372 0 
1104 0.278563 0.113351 0 
1105 0.278791 0.218714 0 
1106 0.284429 0.251784 0 
1107 0.286708 0.286475 0 
1108 0.28718 0.321676 0 
1109 0.286858 0.357187 0 
1110 0.286217 0.392872 0 
1111 0.285485 0.428727 0 
1112 0.284746 0.46466 0 
1113 0.284028 0.500582 0 
1114 0.28328 0.536504 0 
1115 0.282461 0.572327 0 
1116 0.281498 0.607958 0 
1117 0.280263 0.64293 0 
1118 0.2786 0.675234 0 
1119 0.313551 -0.975838 0 
1120 0.319054 -0.945102 0 
1121 0.321112 -0.911454 0 
1122 0.321874 -0.876611 0 
1123 0.322001 -0.841159 0 
1124 0.321719 -0.805407 0 
1125 0.321145 -0.769478 0 
1126 0.320383 -0.733515 0 
1127 0.319513 -0.697553 0 
1128 0.318602 -0.66162 0 
1129 0.317721 -0.625716 0 
1130 0.316909 -0.589872 0 
1131 0.316181 -0.55406 0 
1132 0.315536 -0.518331 0 
1133 0.314973 -0.482706 0 
1134 0.314504 -0.447167 0 
1135 0.314111 -0.411701 0 
1136 0.313827 -0.376293 0 
1137 0.313643 -0.340859 0 
1138 0.313603 -0.305351 0 
1139 0.313721 -0.269777 0 
1140 0.314046 -0.234115 0 
1141 0.31453 -0.198387 0 
1142 0.31522 -0.162711 0 
1143 0.316088 -0.127191 0 
1144 0.317112 -0.0918563 0 
1145 0.31826 -0.056699 0 
1146 0.319461 -0.0218184 0 
1147 0.32052 0.0127409 0 
1148 0.321012 0.0468229 0 
1149 0.319869 0.0802535 0 
1150 0.313865 0.113194 0 
1151 0.314042 0.21865 0 
1152 0.324456 0.251063 0 
1153 0.325718 0.286194 0 
1154 0.325068 0.321777 0 
1155 0.324052 0.357506 0 
1156 0.322987 0.393361 0 
1157 0.321954 0.429314 0 
1158 0.321001 0.465338 0 
1159 0.320071 0.501392 0 
1160 0.319179 0.537412 0 
1161 0.31821 0.573335 0 
1162 0.317122 0.608962 0 
1163 0.315733 0.643709 0 
1164 0.313722 0.675225 0 
1165 0.349399 -0.976213 0 
1166 0.35452 -0.94489 0 
1167 0.355597 -0.911154 0 
1168 0.355902 -0.875999 0 
1169 0.355748 -0.840283 0 
1170 0.355327 -0.804387 0 
1171 0.354707 -0.768435 0 
1172 0.354002 -0.732554 0 
1173 0.353288 -0.696721 0 
1174 0.352613 -0.660952 0 
1175 0.351952 -0.625254 0 
1176 0.351394 -0.589581 0 
1177 0.350878 -0.553971 0 
1178 0.3504 -0.518416 0 
1179 0.350008 -0.48292 0 
1180 0.349663 -0.44751 0 
1181 0.349364 -0.412162 0 
1182 0.349101 -0.376863 0 
1183 0.348942 -0.341542 0 
1184 0.348866 -0.306127 0 
1185 0.348968 -0.27062 0 
1186 0.349251 -0.234982 0 
1187 0.349699 -0.199145 0 
1188 0.35038 -0.163574 0 
1189 0.351251 -0.12829 0 
1190 0.352288 -0.0932821 0 
1191 0.353386 -0.0585262 0 
1192 0.354504 -0.0240895 0 
1193 0.35542 0.00999154 0 
1194 0.355751 0.0436645 0 
1195 0.354427 0.0772066 0 
1196 0.348737 0.113231 0 
1197 0.348794 0.148233 0 
1198 0.348721 0.183311 0 
1199 0.349539 0.218264 0 
1200 0.367742 0.249048 0 
1201 0.365057 0.285727 0 
1202 0.362797 0.321803 0 
1203 0.361079 0.35778 0 
1204 0.359679 0.393784 0 
1205 0.358468 0.429861 0 
1206 0.357349 0.466008 0 
1207 0.356336 0.502197 0 
1208 0.355307 0.538282 0 
1209 0.354245 0.574242 0 
1210 0.353016 0.609828 0 
1211 0.351383 0.644364 0 
1212 0.348818 0.675229 0 
1213 0.382658 -0.97593 0 
1214 0.387442 -0.94461 0 
1215 0.388406 -0.910225 0 
1216 0.388513 -0.874295 0 
1217 0.38824 -0.838416 0 
1218 0.387886 -0.802645 0 
1219 0.387399 -0.766878 0 
1220 0.38692 -0.731273 0 
1221 0.386502 -0.69573 0 
1222 0.386117 -0.660229 0 
1223 0.385766 -0.624795 0 
1224 0.385468 -0.589381 0 
1225 0.385218 -0.553976 0 
1226 0.384959 -0.518649 0 
1227 0.384746 -0.483304 0 
1228 0.384546 -0.448034 0 
1229 0.384402 -0.412789 0 
1230 0.384196 -0.377591 0 
1231 0.384095 -0.342389 0 
1232 0.383994 -0.307142 0 
1233 0.384044 -0.271725 0 
1234 0.384261 -0.236139 0 
1235 0.384567 -0.199945 0 
1236 0.385256 -0.164459 0 
1237 0.386135 -0.129443 0 
1238 0.387103 -0.094761 0 
1239 0.388089 -0.0603498 0 
1240 0.388976 -0.0263294 0 
1241 0.389563 0.00726313 0 
1242 0.389436 0.0402032 0 
1243 0.387824 0.072271 0 
1244 0.384225 0.103864 0 
1245 0.38217 0.141532 0 
1246 0.383118 0.179117 0 
1247 0.386069 0.216156 0 
1248 0.401298 0.251021 0 
1249 0.400872 0.286177 0 
1250 0.399029 0.322051 0 
1251 0.397364 0.35804 0 
1252 0.395995 0.394118 0 
1253 0.394804 0.430326 0 
1254 0.393736 0.466574 0 
1255 0.392716 0.50282 0 
1256 0.391677 0.539016 0 
1257 0.390561 0.574925 0 
1258 0.38917 0.610332 0 
1259 0.387207 0.644501 0 
1260 0.383942 0.675229 0 
1261 0.417984 -0.97446 0 
1262 0.419322 -0.939742 0 
1263 0.419531 -0.905542 0 
1264 0.419235 -0.870145 0 
1265 0.419178 -0.835039 0 
1266 0.419156 -0.799973 0 
1267 0.419133 -0.764828 0 
1268 0.4191 -0.729724 0 
1269 0.419092 -0.694588 0 
1270 0.419104 -0.659478 0 
1271 0.419091 -0.624362 0 
1272 0.419083 -0.589239 0 
1273 0.419094 -0.554121 0 
1274 0.41908 -0.519002 0 
1275 0.419087 -0.48388 0 
1276 0.419078 -0.448759 0 
1277 0.41909 -0.413643 0 
1278 0.419072 -0.378522 0 
1279 0.419082 -0.343405 0 
1280 0.41906 -0.308288 0 
1281 0.419027 -0.273147 0 
1282 0.418966 -0.237962 0 
1283 0.419131 -0.200545 0 
1284 0.419891 -0.165332 0 
1285 0.420789 -0.130597 0 
1286 0.421722 -0.0961075 0 
1287 0.422602 -0.0618797 0 
1288 0.423298 -0.0279764 0 
1289 0.423661 0.00556028 0 
1290 0.423442 0.0386708 0 
1291 0.422394 0.0715553 0 
1292 0.420646 0.105186 0 
1293 0.41942 0.141703 0 
1294 0.420536 0.178978 0 
1295 0.424116 0.21661 0 
1296 0.433431 0.251614 0 
1297 0.434395 0.286916 0 
1298 0.433681 0.322464 0 
1299 0.432699 0.358319 0 
1300 0.431735 0.394378 0 
1301 0.430841 0.430623 0 
1302 0.429995 0.466972 0 
1303 0.429144 0.503311 0 
1304 0.428193 0.539523 0 
1305 0.427081 0.575367 0 
1306 0.425536 0.610533 0 
1307 0.423089 0.644322 0 
1308 0.419051 0.675225 0 
1309 0.454187 -0.237878 0 
1310 0.453533 -0.201289 0 
1311 0.454489 -0.166308 0 
1312 0.455476 -0.131692 0 
1313 0.45638 -0.0972532 0 
1314 0.457154 -0.0629842 0 
1315 0.457738 -0.0289472 0 
1316 0.458041 0.0048432 0 
1317 0.457976 0.0385105 0 
1318 0.457486 0.0723141 0 
1319 0.456727 0.106915 0 
1320 0.456413 0.142959 0 
1321 0.457606 0.179766 0 
1322 0.460617 0.21674 0 
1323 0.465809 0.251938 0 
1324 0.467269 0.287254 0 
1325 0.467469 0.322739 0 
1326 0.467248 0.358497 0 
1327 0.466894 0.394518 0 
1328 0.466477 0.430772 0 
1329 0.465996 0.467161 0 
1330 0.465426 0.503571 0 
1331 0.464699 0.539805 0 
1332 0.463677 0.575587 0 
1333 0.462065 0.61052 0 
1334 0.459204 0.644029 0 
1335 0.454173 0.675227 0 
1336 0.489349 -0.238021 0 
1337 0.489592 -0.202203 0 
1338 0.489957 -0.167262 0 
1339 0.490591 -0.132624 0 
1340 0.491278 -0.0980738 0 
1341 0.491909 -0.0636561 0 
1342 0.492402 -0.0293588 0 
1343 0.492714 0.00478859 0 
1344 0.492824 0.0389624 0 
1345 0.49273 0.073418 0 
1346 0.492575 0.108446 0 
1347 0.492737 0.144267 0 
1348 0.493801 0.1806 0 
1349 0.495875 0.216851 0 
1350 0.498755 0.252173 0 
1351 0.500208 0.287456 0 
1352 0.500947 0.322846 0 
1353 0.501319 0.358494 0 
1354 0.501543 0.394472 0 
1355 0.501638 0.430726 0 
1356 0.501603 0.467151 0 
1357 0.501413 0.50362 0 
1358 0.500997 0.539886 0 
1359 0.500153 0.575622 0 
1360 0.498552 0.61036 0 
1361 0.495398 0.643584 0 
1362 0.489352 0.675243 0 
1363 0.524436 -0.238018 0 
1364 0.524801 -0.202943 0 
1365 0.525265 -0.168093 0 
1366 0.525818 -0.133358 0 
1367 0.526366 -0.0986564 0 
1368 0.526848 -0.0639997 0 
1369 0.527265 -0.029439 0 
1370 0.527564 0.00507321 0 
1371 0.527791 0.0396658 0 
1372 0.52795 0.0744923 0 
1373 0.528101 0.109746 0 
1374 0.528462 0.145444 0 
1375 0.529257 0.181372 0 
1376 0.530559 0.217143 0 
1377 0.532215 0.252398 0 
1378 0.533425 0.287567 0 
1379 0.534368 0.322859 0 
1380 0.535135 0.358399 0 
1381 0.535779 0.394281 0 
1382 0.536314 0.43051 0 
1383 0.536705 0.466944 0 
1384 0.536929 0.50347 0 
1385 0.536858 0.53982 0 
1386 0.536284 0.575577 0 
1387 0.534751 0.610277 0 
1388 0.531369 0.643488 0 
1389 0.524421 0.675276 0 
1390 0.559562 -0.238051 0 
1391 0.560216 -0.203454 0 
1392 0.560736 -0.168795 0 
1393 0.561211 -0.13396 0 
1394 0.561607 -0.0990406 0 
1395 0.561941 -0.0641235 0 
1396 0.562204 -0.0292818 0 
1397 0.562468 0.00554004 0 
1398 0.562755 0.0404142 0 
1399 0.563037 0.0754811 0 
1400 0.563349 0.110854 0 
1401 0.563708 0.146439 0 
1402 0.564219 0.182098 0 
1403 0.564996 0.21755 0 
1404 0.565964 0.252666 0 
1405 0.566914 0.287692 0 
1406 0.567842 0.32284 0 
1407 0.56876 0.358257 0 
1408 0.569653 0.394036 0 
1409 0.570481 0.430148 0 
1410 0.571203 0.466565 0 
1411 0.571771 0.503124 0 
1412 0.572062 0.539586 0 
1413 0.571817 0.575522 0 
1414 0.570485 0.610317 0 
1415 0.56707 0.643397 0 
1416 0.559672 0.675351 0 
1417 0.594658 -0.238032 0 
1418 0.595889 -0.203955 0 
1419 0.596486 -0.169458 0 
1420 0.596839 -0.134495 0 
1421 0.597012 -0.099321 0 
1422 0.597081 -0.0641396 0 
1423 0.597165 -0.0290041 0 
1424 0.597328 0.00605913 0 
1425 0.597596 0.0411498 0 
1426 0.597923 0.0763684 0 
1427 0.598307 0.111796 0 
1428 0.59858 0.147307 0 
1429 0.598879 0.182767 0 
1430 0.599294 0.218 0 
1431 0.599858 0.253003 0 
1432 0.600538 0.287853 0 
1433 0.601345 0.322872 0 
1434 0.602231 0.358155 0 
1435 0.603156 0.393778 0 
1436 0.604079 0.429744 0 
1437 0.604967 0.466033 0 
1438 0.605742 0.502579 0 
1439 0.606306 0.539119 0 
1440 0.606438 0.575347 0 
1441 0.605479 0.610421 0 
1442 0.602255 0.64368 0 
1443 0.594585 0.675408 0 
1444 0.629884 -0.238118 0 
1445 0.632256 -0.204311 0 
1446 0.632606 -0.170138 0 
1447 0.632798 -0.134973 0 
1448 0.63252 -0.0995044 0 
1449 0.632226 -0.0640325 0 
1450 0.632031 -0.0286709 0 
1451 0.632024 0.00659384 0 
1452 0.632207 0.0418298 0 
1453 0.63248 0.0771216 0 
1454 0.632925 0.112658 0 
1455 0.633133 0.148076 0 
1456 0.633243 0.183325 0 
1457 0.633431 0.218404 0 
1458 0.633746 0.253298 0 
1459 0.634174 0.288113 0 
1460 0.634765 0.323004 0 
1461 0.635447 0.358166 0 
1462 0.636198 0.393603 0 
1463 0.636991 0.429358 0 
1464 0.63784 0.465407 0 
1465 0.638606 0.50177 0 
1466 0.63928 0.538205 0 
1467 0.639638 0.574682 0 
1468 0.639299 0.610483 0 
1469 0.636708 0.643908 0 
1470 0.629811 0.675556 0 
1471 0.665049 -0.238294 0 
1472 0.669223 -0.204097 0 
1473 0.668752 -0.170757 0 
1474 0.668886 -0.135076 0 
1475 0.667677 -0.0993533 0 
1476 0.667011 -0.0637444 0 
1477 0.666612 -0.0282343 0 
1478 0.66639 0.0071369 0 
1479 0.666441 0.0424239 0 
1480 0.666582 0.077766 0 
1481 0.66701 0.113347 0 
1482 0.66713 0.148566 0 
1483 0.667145 0.183645 0 
1484 0.667231 0.218647 0 
1485 0.667402 0.253612 0 
1486 0.667563 0.288383 0 
1487 0.667895 0.323348 0 
1488 0.668211 0.358419 0 
1489 0.668648 0.393673 0 
1490 0.669037 0.429114 0 
1491 0.669628 0.464723 0 
1492 0.670101 0.500761 0 
1493 0.670665 0.536656 0 
1494 0.671085 0.572893 0 
1495 0.670903 0.609042 0 
1496 0.66992 0.644079 0 
1497 0.664356 0.675565 0 
1498 0.699392 -0.23768 0 
1499 0.70024 -0.202342 0 
1500 0.700285 -0.168099 0 
1501 0.700187 -0.13269 0 
1502 0.700101 -0.0975856 0 
1503 0.7001 -0.0624657 0 
1504 0.700069 -0.0273587 0 
1505 0.700011 0.00775757 0 
1506 0.699947 0.0429376 0 
1507 0.700012 0.0780718 0 
1508 0.699885 0.113263 0 
1509 0.700045 0.148402 0 
1510 0.700079 0.183501 0 
1511 0.700069 0.218598 0 
1512 0.700095 0.25371 0 
1513 0.700076 0.288811 0 
1514 0.700086 0.323929 0 
1515 0.700075 0.359036 0 
1516 0.700083 0.394153 0 
1517 0.700073 0.429265 0 
1518 0.700086 0.464381 0 
1519 0.700094 0.499519 0 
1520 0.700121 0.534601 0 
1521 0.700162 0.569724 0 
1522 0.700272 0.604837 0 
1523 0.700359 0.63964 0 
1524 0.699061 0.67425 0 
