0 -0.537159 3.72587 0 
1 -0.537159 3.78312 0 
2 -0.537159 3.84038 0 
3 -0.537159 3.89763 0 
4 -0.537159 3.95488 0 
5 -0.537159 4.01214 0 
6 -0.537159 4.06939 0 
7 -0.537159 4.12664 0 
8 -0.537159 4.18389 0 
9 -0.537159 4.24114 0 
10 -0.537159 4.2984 0 
11 -0.537159 4.35565 0 
12 -0.537159 4.4129 0 
13 -0.537159 4.47015 0 
14 -0.537159 4.5274 0 
15 -0.479907 3.72587 0 
16 -0.416531 3.82287 0 
17 -0.493754 3.78243 0 
18 -0.475689 3.85705 0 
19 -0.372196 3.98055 0 
20 -0.574851 4.03558 0 
21 -0.446559 4.0889 0 
22 -0.481283 4.17269 0 
23 -0.343521 4.20875 0 
24 -0.452644 4.25296 0 
25 -0.425709 4.30068 0 
26 -0.511194 4.47465 0 
27 -0.528001 4.48521 0 
28 -0.523437 4.5336 0 
29 -0.479907 4.5274 0 
30 -0.422654 3.72587 0 
31 -0.439349 3.6834 0 
32 -0.468349 3.88613 0 
33 -0.385052 3.90582 0 
34 -0.526204 3.95821 0 
35 -0.431935 3.99329 0 
36 -0.512447 4.04636 0 
37 -0.519443 4.18337 0 
38 -0.397367 4.2187 0 
39 -0.491907 4.3397 0 
40 -0.425589 4.43148 0 
41 -0.354466 4.48974 0 
42 -0.399924 4.42963 0 
43 -0.349058 4.59791 0 
44 -0.422654 4.5274 0 
45 -0.365402 3.72587 0 
46 -0.419683 3.65887 0 
47 -0.284087 3.85105 0 
48 -0.379904 3.94821 0 
49 -0.388345 4.04242 0 
50 -0.297355 3.95164 0 
51 -0.313582 4.06008 0 
52 -0.440505 4.08506 0 
53 -0.389142 4.17495 0 
54 -0.280679 4.29171 0 
55 -0.449047 4.3062 0 
56 -0.349116 4.32009 0 
57 -0.386745 4.42469 0 
58 -0.253748 4.40436 0 
59 -0.365402 4.5274 0 
60 -0.30815 3.72587 0 
61 -0.402587 3.74384 0 
62 -0.401551 3.85008 0 
63 -0.361854 3.87119 0 
64 -0.273256 4.04657 0 
65 -0.254155 3.95556 0 
66 -0.269546 4.01832 0 
67 -0.329594 4.26499 0 
68 -0.262789 4.18393 0 
69 -0.219547 4.35824 0 
70 -0.341887 4.33043 0 
71 -0.380452 4.4103 0 
72 -0.289883 4.48171 0 
73 -0.301299 4.52972 0 
74 -0.30815 4.5274 0 
75 -0.250897 3.72587 0 
76 -0.162462 3.78229 0 
77 -0.290227 3.79427 0 
78 -0.172388 4.00523 0 
79 -0.171061 3.94259 0 
80 -0.455685 4.08441 0 
81 -0.228266 4.03024 0 
82 -0.311655 4.09863 0 
83 -0.262726 4.1725 0 
84 -0.121449 4.24371 0 
85 -0.312655 4.22701 0 
86 -0.129059 4.45136 0 
87 -0.357266 4.44459 0 
88 -0.204998 4.43459 0 
89 -0.250897 4.5274 0 
90 -0.193645 3.72587 0 
91 -0.305974 3.71653 0 
92 -0.224565 3.77072 0 
93 -0.179485 3.88878 0 
94 -0.174314 4.00531 0 
95 -0.120642 4.02237 0 
96 -0.269801 4.00881 0 
97 -0.256931 4.16711 0 
98 -0.221584 4.20612 0 
99 -0.123088 4.1334 0 
100 -0.186847 4.31877 0 
101 -0.216256 4.28645 0 
102 -0.1471 4.40535 0 
103 -0.138661 4.39788 0 
104 -0.193645 4.5274 0 
105 -0.136393 3.72587 0 
106 -0.0890791 3.89417 0 
107 -0.127758 3.90837 0 
108 -0.178026 3.94602 0 
109 -0.200596 3.90626 0 
110 -0.123421 3.94563 0 
111 -0.149032 4.01438 0 
112 -0.140171 4.09117 0 
113 -0.144604 4.21132 0 
114 -0.0945314 4.26001 0 
115 -0.0708963 4.31029 0 
116 -0.211538 4.39329 0 
117 -0.289475 4.33719 0 
118 -0.0706692 4.55158 0 
119 -0.136393 4.5274 0 
120 -0.0791406 3.72587 0 
121 -0.144276 3.7185 0 
122 0.0272967 3.7073 0 
123 -0.0343311 3.91713 0 
124 -0.0560281 3.88144 0 
125 -0.176868 4.06004 0 
126 -0.192379 4.14199 0 
127 -0.0622422 4.0911 0 
128 -0.176798 4.20461 0 
129 -0.170805 4.16338 0 
130 -0.0678189 4.2506 0 
131 0.0836004 4.29167 0 
132 -0.159767 4.49133 0 
133 -0.167311 4.40657 0 
134 -0.0791406 4.5274 0 
135 -0.0218883 3.72587 0 
136 0.00636748 3.73797 0 
137 0.141129 3.75031 0 
138 -0.0531669 3.81776 0 
139 -0.151492 3.87385 0 
140 -0.169165 3.97388 0 
141 -0.134016 4.06459 0 
142 -0.19702 4.11419 0 
143 -0.0460453 4.20974 0 
144 0.00325413 4.35621 0 
145 0.058804 4.23606 0 
146 -0.076599 4.24917 0 
147 0.0596561 4.40328 0 
148 -0.0289206 4.3941 0 
149 -0.0218883 4.5274 0 
150 0.0353641 3.72587 0 
151 0.0290979 3.7214 0 
152 0.100958 3.86641 0 
153 0.117088 3.90306 0 
154 0.124405 3.92445 0 
155 0.09914 4.04504 0 
156 0.0840174 4.08615 0 
157 0.0736033 4.1294 0 
158 0.0545303 4.10675 0 
159 -0.0685593 4.20769 0 
160 0.129178 4.28914 0 
161 0.0343621 4.38471 0 
162 0.0534335 4.47132 0 
163 0.145561 4.47018 0 
164 0.0353641 4.5274 0 
165 0.0926164 3.72587 0 
166 0.12828 3.777 0 
167 0.106779 3.92449 0 
168 0.129216 3.91656 0 
169 -0.0591498 4.15367 0 
170 0.126257 4.0514 0 
171 0.209093 4.01702 0 
172 0.0712672 4.09694 0 
173 0.0920328 4.19173 0 
174 0.0560519 4.19869 0 
175 0.0735263 4.37655 0 
176 0.0903645 4.32102 0 
177 0.102747 4.43734 0 
178 0.0628891 4.47679 0 
179 0.0926164 4.5274 0 
180 0.149869 3.72587 0 
181 0.195688 3.67644 0 
182 0.189027 3.92082 0 
183 0.130383 3.96108 0 
184 0.20949 4.02779 0 
185 0.109763 4.11154 0 
186 0.275162 4.10692 0 
187 0.190432 3.97752 0 
188 0.2424 4.21625 0 
189 0.208696 4.29008 0 
190 0.0980754 4.29665 0 
191 0.142166 4.40343 0 
192 0.220469 4.54894 0 
193 0.0598699 4.34952 0 
194 0.149869 4.5274 0 
195 0.207121 3.72587 0 
196 0.268332 3.80047 0 
197 0.299767 3.76138 0 
198 0.324117 3.96717 0 
199 0.172759 4.01167 0 
200 0.212948 3.92467 0 
201 0.298784 4.04836 0 
202 0.320935 4.09453 0 
203 0.126832 4.20876 0 
204 0.160452 4.21175 0 
205 0.124889 4.1757 0 
206 0.282308 4.38894 0 
207 0.157136 4.31415 0 
208 0.212571 4.4749 0 
209 0.207121 4.5274 0 
210 0.264373 3.72587 0 
211 0.187993 3.73688 0 
212 0.279955 3.79218 0 
213 0.248297 3.93742 0 
214 0.277371 4.0593 0 
215 0.209651 4.04849 0 
216 0.355808 4.09716 0 
217 0.256654 4.04586 0 
218 0.183448 4.22831 0 
219 0.327391 4.2732 0 
220 0.275518 4.32657 0 
221 0.213621 4.31645 0 
222 0.322473 4.30851 0 
223 0.230698 4.50084 0 
224 0.264373 4.5274 0 
225 0.321626 3.72587 0 
226 0.275642 3.96586 0 
227 0.282378 3.80888 0 
228 0.429278 3.82412 0 
229 0.289372 3.90094 0 
230 0.30251 4.0524 0 
231 0.300383 4.03243 0 
232 0.311048 4.10783 0 
233 0.404881 4.21032 0 
234 0.202827 4.18002 0 
235 0.294043 4.32036 0 
236 0.423613 4.3786 0 
237 0.378141 4.43688 0 
238 0.258806 4.40312 0 
239 0.321626 4.5274 0 
240 0.378878 3.72587 0 
241 0.287772 3.80324 0 
242 0.445909 3.84455 0 
243 0.470694 3.89921 0 
244 0.312688 3.95323 0 
245 0.439716 3.99139 0 
246 0.365397 4.07762 0 
247 0.411277 4.05431 0 
248 0.389133 4.16094 0 
249 0.405176 4.38597 0 
250 0.305909 4.35731 0 
251 0.384124 4.43697 0 
252 0.442724 4.40339 0 
253 0.359561 4.60584 0 
254 0.378878 4.5274 0 
255 0.43613 3.72587 0 
256 0.365703 3.71134 0 
257 0.376922 3.8588 0 
258 0.423076 3.8862 0 
259 0.490572 3.89128 0 
260 0.35034 4.05586 0 
261 0.356637 3.99361 0 
262 0.352664 4.14066 0 
263 0.51878 4.30732 0 
264 0.429963 4.23442 0 
265 0.45351 4.31138 0 
266 0.331965 4.26307 0 
267 0.406129 4.33868 0 
268 0.508611 4.41026 0 
269 0.43613 4.5274 0 
270 0.493383 3.72587 0 
271 0.494318 3.75882 0 
272 0.404484 3.7884 0 
273 0.460151 3.88743 0 
274 0.550735 3.93569 0 
275 0.542227 4.05985 0 
276 0.516645 4.11797 0 
277 0.545766 4.03287 0 
278 0.436271 4.29665 0 
279 0.611267 4.15805 0 
280 0.324051 4.26489 0 
281 0.507425 4.3803 0 
282 0.434578 4.32821 0 
283 0.515289 4.36653 0 
284 0.493383 4.5274 0 
285 0.550635 3.72587 0 
286 0.519768 3.70034 0 
287 0.560497 3.89909 0 
288 0.498966 3.90716 0 
289 0.504586 3.97416 0 
290 0.491827 3.95575 0 
291 0.528713 4.09466 0 
292 0.523349 4.11111 0 
293 0.499277 4.20182 0 
294 0.724894 4.25638 0 
295 0.564344 4.28558 0 
296 0.49613 4.36913 0 
297 0.523354 4.35018 0 
298 0.565863 4.42331 0 
299 0.550635 4.5274 0 
300 0.607887 3.72587 0 
301 0.643522 3.78591 0 
302 0.518336 3.9344 0 
303 0.612719 3.83115 0 
304 0.661861 3.91632 0 
305 0.583741 3.98898 0 
306 0.773834 4.08605 0 
307 0.677749 4.27492 0 
308 0.553353 4.17488 0 
309 0.587277 4.37031 0 
310 0.48914 4.36044 0 
311 0.698279 4.34553 0 
312 0.666074 4.36622 0 
313 0.527242 4.39678 0 
314 0.607887 4.5274 0 
315 0.665139 3.72587 0 
316 0.600581 3.7639 0 
317 0.661339 3.88531 0 
318 0.605232 3.94142 0 
319 0.624506 3.97769 0 
320 0.735807 4.04002 0 
321 0.763085 4.14698 0 
322 0.696487 4.13239 0 
323 0.600847 4.14911 0 
324 0.724845 4.28458 0 
325 0.648124 4.34362 0 
326 0.612083 4.33973 0 
327 0.659335 4.43402 0 
328 0.669171 4.47453 0 
329 0.665139 4.5274 0 
330 0.722392 3.72587 0 
331 0.758456 3.83153 0 
332 0.681439 3.77039 0 
333 0.72931 3.8424 0 
334 0.806862 3.89709 0 
335 0.782461 3.96193 0 
336 0.795404 4.09605 0 
337 0.540559 4.19032 0 
338 0.723363 4.25315 0 
339 0.65871 4.20072 0 
340 0.718801 4.31964 0 
341 0.719007 4.4372 0 
342 0.830746 4.34855 0 
343 0.753661 4.57967 0 
344 0.722392 4.5274 0 
345 0.779644 3.72587 0 
346 0.749461 3.81173 0 
347 0.825069 3.92285 0 
348 0.819392 3.84557 0 
349 0.855696 3.89638 0 
350 0.795138 3.9462 0 
351 0.892701 4.02027 0 
352 0.781896 3.99264 0 
353 0.732505 4.19697 0 
354 0.697649 4.24999 0 
355 0.829592 4.39712 0 
356 0.815218 4.37105 0 
357 0.833086 4.4314 0 
358 0.738188 4.5132 0 
359 0.779644 4.5274 0 
360 0.836896 3.72587 0 
361 0.780424 3.77633 0 
362 0.845438 3.78877 0 
363 0.771547 3.85905 0 
364 0.841759 3.94634 0 
365 0.731405 3.88742 0 
366 0.810857 3.97057 0 
367 0.928942 4.04273 0 
368 0.902319 4.06075 0 
369 0.857919 4.32997 0 
370 0.828492 4.29717 0 
371 0.813589 4.33253 0 
372 0.749161 4.39383 0 
373 0.826541 4.32627 0 
374 0.836896 4.5274 0 
375 0.894149 3.72587 0 
376 0.917971 3.77647 0 
377 0.818026 3.82252 0 
378 0.881087 3.88642 0 
379 0.865007 4.12541 0 
380 0.947711 3.99621 0 
381 0.945869 4.11531 0 
382 0.894021 4.02659 0 
383 0.98003 4.17541 0 
384 0.806884 4.18417 0 
385 0.931461 4.3248 0 
386 0.860363 4.25806 0 
387 0.98498 4.25824 0 
388 0.882269 4.36216 0 
389 0.894149 4.5274 0 
390 0.951401 3.72587 0 
391 0.950514 3.81314 0 
392 0.930704 3.78524 0 
393 0.964152 3.81434 0 
394 0.992852 4.05457 0 
395 0.931551 3.9426 0 
396 1.03096 4.08701 0 
397 0.984305 4.14768 0 
398 0.983435 4.11635 0 
399 1.06955 4.25776 0 
400 1.10035 4.41519 0 
401 0.804685 4.40115 0 
402 0.956937 4.38705 0 
403 0.989184 4.48866 0 
404 0.951401 4.5274 0 
405 1.00865 3.72587 0 
406 0.896014 3.84392 0 
407 1.06546 3.79351 0 
408 1.01262 3.89532 0 
409 1.02555 3.94445 0 
410 1.00261 4.02384 0 
411 1.02688 4.01021 0 
412 0.811236 4.19773 0 
413 1.05463 4.20145 0 
414 0.92216 4.21514 0 
415 1.07137 4.32396 0 
416 1.07112 4.34927 0 
417 0.953463 4.23235 0 
418 0.893852 4.49334 0 
419 1.00865 4.5274 0 
420 1.06591 3.72587 0 
421 1.06063 3.84844 0 
422 1.18416 3.79614 0 
423 1.16636 3.86984 0 
424 1.12376 4.01709 0 
425 1.19135 4.05628 0 
426 1.03104 4.07575 0 
427 1.10564 4.16456 0 
428 1.06402 4.18654 0 
429 1.033 4.26582 0 
430 1.03677 4.31865 0 
431 1.0559 4.32695 0 
432 0.939956 4.38441 0 
433 1.0381 4.40862 0 
434 1.06591 4.5274 0 
435 1.12316 3.72587 0 
436 1.13382 3.86746 0 
437 1.19799 3.76852 0 
438 1.18571 3.94423 0 
439 1.17274 3.84857 0 
440 1.19216 4.02527 0 
441 1.06203 4.06439 0 
442 1.20804 4.12543 0 
443 1.04806 4.19254 0 
444 1.06534 4.27783 0 
445 1.15982 4.34834 0 
446 1.14861 4.24823 0 
447 1.13932 4.39069 0 
448 1.0145 4.42901 0 
449 1.12316 4.5274 0 
450 1.18041 3.72587 0 
451 1.07597 3.79094 0 
452 1.04161 3.93895 0 
453 1.19714 3.83399 0 
454 1.15118 3.98953 0 
455 1.12072 3.86928 0 
456 1.26169 4.10421 0 
457 1.17857 4.04578 0 
458 1.27409 4.15265 0 
459 1.20103 4.28955 0 
460 1.30892 4.3432 0 
461 1.19736 4.42626 0 
462 1.18608 4.26085 0 
463 1.21233 4.49523 0 
464 1.18041 4.5274 0 
465 1.23766 3.72587 0 
466 1.12822 3.77417 0 
467 1.25702 3.75829 0 
468 1.26769 3.90997 0 
469 1.22339 3.93391 0 
470 1.37896 3.99649 0 
471 1.35342 4.19466 0 
472 1.24326 4.00282 0 
473 1.31058 4.21508 0 
474 1.1889 4.30019 0 
475 1.20268 4.23303 0 
476 1.24571 4.4132 0 
477 1.08798 4.36094 0 
478 1.36423 4.51052 0 
479 1.23766 4.5274 0 
480 1.29491 3.72587 0 
481 1.25902 3.76297 0 
482 1.34668 3.89481 0 
483 1.39347 3.89036 0 
484 1.26191 3.9114 0 
485 1.36828 3.92603 0 
486 1.23257 4.16774 0 
487 1.20132 4.09114 0 
488 1.29406 4.29143 0 
489 1.2506 4.18025 0 
490 1.30368 4.30735 0 
491 1.33075 4.35401 0 
492 1.35533 4.43401 0 
493 1.22302 4.57857 0 
494 1.29491 4.5274 0 
495 1.35217 3.72587 0 
496 1.4817 3.80983 0 
497 1.4051 3.77618 0 
498 1.41327 3.91326 0 
499 1.4397 3.90974 0 
500 1.37505 4.13893 0 
501 1.36573 4.0604 0 
502 1.42965 4.16019 0 
503 1.464 4.13155 0 
504 1.34547 4.29206 0 
505 1.34483 4.29023 0 
506 1.35896 4.35956 0 
507 1.37246 4.43199 0 
508 1.33514 4.46492 0 
509 1.35217 4.5274 0 
510 1.40942 3.72587 0 
511 1.39392 3.68234 0 
512 1.43866 3.91049 0 
513 1.43638 3.82139 0 
514 1.26937 4.02179 0 
515 1.37248 3.96303 0 
516 1.35801 4.06904 0 
517 1.41496 4.04622 0 
518 1.48636 4.21671 0 
519 1.36428 4.25198 0 
520 1.44953 4.32315 0 
521 1.41823 4.3809 0 
522 1.3474 4.34828 0 
523 1.54176 4.49656 0 
524 1.40942 4.5274 0 
525 1.46667 3.72587 0 
526 1.4364 3.77269 0 
527 1.43054 3.93403 0 
528 1.3521 3.85408 0 
529 1.53485 3.87191 0 
530 1.4972 3.92001 0 
531 1.62222 4.07172 0 
532 1.33271 4.08081 0 
533 1.48973 4.24683 0 
534 1.51437 4.23598 0 
535 1.41026 4.27325 0 
536 1.46679 4.45197 0 
537 1.46892 4.35905 0 
538 1.4217 4.5028 0 
539 1.46667 4.5274 0 
540 1.52392 3.72587 0 
541 1.59984 3.82363 0 
542 1.53782 3.86718 0 
543 1.51098 3.89263 0 
544 1.6368 3.89999 0 
545 1.48439 4.05499 0 
546 1.53271 4.10201 0 
547 1.52702 4.12643 0 
548 1.4861 4.12088 0 
549 1.52503 4.21982 0 
550 1.47001 4.35875 0 
551 1.5224 4.37669 0 
552 1.5184 4.32216 0 
553 1.68107 4.3516 0 
554 1.52392 4.5274 0 
555 1.58118 1.43578 0 
556 1.58118 1.49303 0 
557 1.58118 1.55028 0 
558 1.58118 1.60754 0 
559 1.58118 1.66479 0 
560 1.58118 1.72204 0 
561 1.58118 1.77929 0 
562 1.58118 1.83655 0 
563 1.58118 1.8938 0 
564 1.58118 1.95105 0 
565 1.58118 2.0083 0 
566 1.58118 2.06556 0 
567 1.58118 2.12281 0 
568 1.58118 2.18006 0 
569 1.58118 2.23731 0 
570 1.58118 2.29456 0 
571 1.58118 2.35182 0 
572 1.58118 2.40907 0 
573 1.58118 2.46632 0 
574 1.58118 2.52357 0 
575 1.58118 2.58083 0 
576 1.58118 2.63808 0 
577 1.58118 2.69533 0 
578 1.58118 2.75258 0 
579 1.58118 2.80984 0 
580 1.58118 2.86709 0 
581 1.58118 2.92434 0 
582 1.58118 2.98159 0 
583 1.58118 3.03885 0 
584 1.58118 3.0961 0 
585 1.58118 3.15335 0 
586 1.58118 3.2106 0 
587 1.58118 3.26785 0 
588 1.58118 3.32511 0 
589 1.58118 3.38236 0 
590 1.58118 3.43961 0 
591 1.58118 3.49686 0 
592 1.58118 3.55412 0 
593 1.58118 3.61137 0 
594 1.58118 3.66862 0 
595 1.58118 3.72587 0 
596 1.65592 3.85778 0 
597 1.60107 3.843 0 
598 1.56004 3.79623 0 
599 1.53225 3.95977 0 
600 1.65171 4.12934 0 
601 1.62723 4.09015 0 
602 1.55927 4.16662 0 
603 1.78355 4.18653 0 
604 1.48098 4.27658 0 
605 1.53319 4.22796 0 
606 1.55298 4.32922 0 
607 1.63847 4.30595 0 
608 1.5222 4.45961 0 
609 1.58118 4.5274 0 
610 1.58118 4.58466 0 
611 1.58118 4.64191 0 
612 1.58118 4.69916 0 
613 1.58118 4.75641 0 
614 1.58118 4.81367 0 
615 1.58118 4.87092 0 
616 1.58118 4.92817 0 
617 1.58118 4.98542 0 
618 1.58118 5.04268 0 
619 1.58118 5.09993 0 
620 1.58118 5.15718 0 
621 1.58118 5.21443 0 
622 1.58118 5.27169 0 
623 1.58118 5.32894 0 
624 1.58118 5.38619 0 
625 1.58118 5.44344 0 
626 1.58118 5.5007 0 
627 1.58118 5.55795 0 
628 1.58118 5.6152 0 
629 1.58118 5.67245 0 
630 1.58118 5.7297 0 
631 1.58118 5.78696 0 
632 1.58118 5.84421 0 
633 1.58118 5.90146 0 
634 1.58118 5.95871 0 
635 1.58118 6.01596 0 
636 1.58118 6.07322 0 
637 1.58118 6.13047 0 
638 1.58118 6.18772 0 
639 1.58118 6.24498 0 
640 1.58118 6.30223 0 
641 1.58118 6.35948 0 
642 1.58118 6.41673 0 
643 1.63843 1.43578 0 
644 1.60069 1.39798 0 
645 1.61191 1.34718 0 
646 1.75033 1.58586 0 
647 1.74626 1.7546 0 
648 1.67077 1.70557 0 
649 1.60874 1.84402 0 
650 1.55552 1.83132 0 
651 1.75442 1.8457 0 
652 1.54732 1.92464 0 
653 1.57551 1.9315 0 
654 1.61362 2.08889 0 
655 1.55658 2.07338 0 
656 1.6354 2.09288 0 
657 1.58434 2.20239 0 
658 1.65144 2.38963 0 
659 1.5668 2.37033 0 
660 1.71144 2.29359 0 
661 1.62413 2.40644 0 
662 1.68021 2.48884 0 
663 1.59676 2.50169 0 
664 1.61213 2.7078 0 
665 1.67297 2.72304 0 
666 1.70624 2.6169 0 
667 1.66991 2.77897 0 
668 1.55228 2.9197 0 
669 1.47263 2.93653 0 
670 1.57706 3.03427 0 
671 1.65072 3.05448 0 
672 1.58429 3.09683 0 
673 1.61199 3.15517 0 
674 1.61693 3.2326 0 
675 1.70765 3.31596 0 
676 1.59939 3.25645 0 
677 1.58878 3.3677 0 
678 1.69735 3.37971 0 
679 1.61903 3.49229 0 
680 1.70156 3.57268 0 
681 1.62281 3.54199 0 
682 1.62795 3.7028 0 
683 1.79949 3.69633 0 
684 1.67567 3.85332 0 
685 1.59886 3.8409 0 
686 1.67272 3.88473 0 
687 1.63816 4.06266 0 
688 1.68179 3.93897 0 
689 1.57989 4.11755 0 
690 1.59665 4.12889 0 
691 1.55504 4.11026 0 
692 1.58656 4.15838 0 
693 1.63169 4.31247 0 
694 1.58974 4.41353 0 
695 1.77619 4.53827 0 
696 1.58315 4.59998 0 
697 1.79123 4.52685 0 
698 1.61014 4.69045 0 
699 1.70448 4.62459 0 
700 1.65542 4.74204 0 
701 1.53628 4.76244 0 
702 1.45404 4.83192 0 
703 1.64492 4.8656 0 
704 1.62743 4.92654 0 
705 1.69046 5.10451 0 
706 1.64578 5.06347 0 
707 1.60008 5.15563 0 
708 1.63747 5.20268 0 
709 1.62162 5.19688 0 
710 1.67014 5.30003 0 
711 1.64183 5.31311 0 
712 1.50583 5.48443 0 
713 1.59681 5.56263 0 
714 1.6556 5.47884 0 
715 1.68286 5.52697 0 
716 1.67298 5.60106 0 
717 1.6732 5.51448 0 
718 1.67867 5.64242 0 
719 1.53765 5.86326 0 
720 1.60431 5.81534 0 
721 1.59892 5.81289 0 
722 1.60404 5.98407 0 
723 1.66988 6.02382 0 
724 1.66259 5.99922 0 
725 1.61967 6.13415 0 
726 1.66579 6.11083 0 
727 1.64127 6.22661 0 
728 1.61009 6.32506 0 
729 1.66364 6.44044 0 
730 1.63843 6.41673 0 
731 1.69568 1.43578 0 
732 1.66329 1.43071 0 
733 1.69729 1.46641 0 
734 1.64402 1.66441 0 
735 1.71114 1.63003 0 
736 1.64918 1.63363 0 
737 1.58268 1.81022 0 
738 1.57362 1.93582 0 
739 1.66351 1.75583 0 
740 1.721 1.87957 0 
741 1.78533 1.89685 0 
742 1.68877 2.09948 0 
743 1.75047 2.06734 0 
744 1.67461 2.167 0 
745 1.69918 2.38871 0 
746 1.74107 2.40846 0 
747 1.71899 2.25057 0 
748 1.50491 2.35607 0 
749 1.6439 2.48777 0 
750 1.6646 2.39321 0 
751 1.77015 2.60442 0 
752 1.75326 2.58826 0 
753 1.69048 2.71372 0 
754 1.6985 2.73664 0 
755 1.57014 2.85878 0 
756 1.60542 2.90939 0 
757 1.65241 2.85064 0 
758 1.77351 2.93778 0 
759 1.638 2.99497 0 
760 1.71452 2.9865 0 
761 1.62192 3.07842 0 
762 1.65062 3.24747 0 
763 1.70583 3.2585 0 
764 1.68996 3.34109 0 
765 1.70981 3.36929 0 
766 1.63513 3.4365 0 
767 1.73796 3.52152 0 
768 1.75912 3.70628 0 
769 1.70915 3.59562 0 
770 1.7146 3.63754 0 
771 1.67171 3.70729 0 
772 1.71782 3.82678 0 
773 1.71856 3.69239 0 
774 1.78117 3.84667 0 
775 1.65139 3.9584 0 
776 1.69822 3.96205 0 
777 1.5362 4.04957 0 
778 1.65306 4.05082 0 
779 1.80855 4.19952 0 
780 1.77005 4.23137 0 
781 1.73975 4.23609 0 
782 1.70441 4.35149 0 
783 1.79751 4.34755 0 
784 1.76229 4.51433 0 
785 1.71512 4.59707 0 
786 1.69358 4.54812 0 
787 1.73605 4.58838 0 
788 1.78285 4.79625 0 
789 1.6429 4.83634 0 
790 1.72912 4.74577 0 
791 1.70594 4.89513 0 
792 1.62063 4.99441 0 
793 1.64394 4.9029 0 
794 1.66454 5.02974 0 
795 1.68962 5.0268 0 
796 1.73422 5.24598 0 
797 1.64865 5.33663 0 
798 1.62461 5.18708 0 
799 1.70537 5.21724 0 
800 1.69077 5.43366 0 
801 1.62313 5.49159 0 
802 1.51949 5.55983 0 
803 1.83104 5.61865 0 
804 1.7663 5.54622 0 
805 1.65793 5.65999 0 
806 1.64275 5.70324 0 
807 1.59076 5.83212 0 
808 1.53515 5.94796 0 
809 1.80859 5.91302 0 
810 1.56448 5.83231 0 
811 1.64459 5.99589 0 
812 1.57496 6.10722 0 
813 1.82517 6.21851 0 
814 1.67435 6.22201 0 
815 1.71031 6.12575 0 
816 1.76276 6.26371 0 
817 1.73618 6.23727 0 
818 1.69568 6.41673 0 
819 1.75293 1.43578 0 
820 1.7748 1.4732 0 
821 1.74089 1.54791 0 
822 1.84814 1.70109 0 
823 1.78486 1.64921 0 
824 1.67696 1.69627 0 
825 1.62965 1.70776 0 
826 1.78815 1.84291 0 
827 1.79715 1.91022 0 
828 1.67097 2.08331 0 
829 1.84908 2.07475 0 
830 1.74323 2.0849 0 
831 1.79654 2.14126 0 
832 1.70691 2.20854 0 
833 1.70543 2.32847 0 
834 1.78768 2.40705 0 
835 1.75855 2.44332 0 
836 1.70209 2.51988 0 
837 1.8241 2.54574 0 
838 1.74632 2.49108 0 
839 1.70881 2.55084 0 
840 1.78076 2.6785 0 
841 1.68877 2.71786 0 
842 1.66502 2.73585 0 
843 1.7828 2.7968 0 
844 1.85163 2.96076 0 
845 1.79756 2.9532 0 
846 1.80622 3.07142 0 
847 1.74975 2.98654 0 
848 1.68227 3.16305 0 
849 1.70646 3.19058 0 
850 1.6572 3.20252 0 
851 1.77717 3.32498 0 
852 1.72199 3.41467 0 
853 1.68679 3.39054 0 
854 1.82532 3.4922 0 
855 1.7624 3.44747 0 
856 1.7332 3.51779 0 
857 1.81381 3.54421 0 
858 1.74136 3.59348 0 
859 1.71754 3.58262 0 
860 1.90173 3.81972 0 
861 1.76198 3.88654 0 
862 1.65054 3.85875 0 
863 1.63782 3.90084 0 
864 1.78993 3.97187 0 
865 1.65759 4.05792 0 
866 1.84505 4.13816 0 
867 1.73317 4.17544 0 
868 1.71445 4.29654 0 
869 1.83168 4.38755 0 
870 1.75061 4.40649 0 
871 1.66866 4.31579 0 
872 1.87355 4.52472 0 
873 1.65013 4.49734 0 
874 1.75426 4.60189 0 
875 1.70142 4.6209 0 
876 1.68665 4.70511 0 
877 1.78737 4.70995 0 
878 1.72544 4.80267 0 
879 1.74598 4.8852 0 
880 1.84681 4.90128 0 
881 1.85208 4.91596 0 
882 1.67647 5.03918 0 
883 1.73567 4.97764 0 
884 1.78876 5.25726 0 
885 1.81575 5.18612 0 
886 1.73549 5.2961 0 
887 1.81528 5.35113 0 
888 1.70804 5.3769 0 
889 1.79572 5.38785 0 
890 1.82851 5.46537 0 
891 1.70011 5.55521 0 
892 1.77374 5.63808 0 
893 1.74897 5.71249 0 
894 1.66602 5.6653 0 
895 1.74504 5.86305 0 
896 1.76212 5.91124 0 
897 1.70625 5.91918 0 
898 1.78065 5.87198 0 
899 1.76029 6.01325 0 
900 1.74116 6.20355 0 
901 1.7396 6.05569 0 
902 1.6259 6.12825 0 
903 1.69791 6.17982 0 
904 1.69943 6.18796 0 
905 1.80289 6.50083 0 
906 1.75293 6.41673 0 
907 1.81019 1.43578 0 
908 1.78728 1.5026 0 
909 1.71656 1.63744 0 
910 1.82877 1.49501 0 
911 1.77311 1.74876 0 
912 1.86093 1.72124 0 
913 1.93728 1.82776 0 
914 1.84259 1.78212 0 
915 1.84611 1.78752 0 
916 1.71262 2.04576 0 
917 1.86711 2.09724 0 
918 1.93001 2.19682 0 
919 1.81534 2.10531 0 
920 1.90493 2.25449 0 
921 1.80136 2.28489 0 
922 1.81782 2.21108 0 
923 1.69613 2.29259 0 
924 1.86145 2.48468 0 
925 1.7982 2.55372 0 
926 1.90478 2.67827 0 
927 1.95428 2.62482 0 
928 1.76897 2.61562 0 
929 1.80749 2.67564 0 
930 1.83709 2.75299 0 
931 1.76757 2.82098 0 
932 1.75202 2.8273 0 
933 1.76612 2.97498 0 
934 1.85424 2.97869 0 
935 1.84018 3.0176 0 
936 1.77708 3.19567 0 
937 1.80865 3.09729 0 
938 1.74819 3.17062 0 
939 1.82489 3.29261 0 
940 1.76282 3.23057 0 
941 1.88575 3.49074 0 
942 1.90059 3.45819 0 
943 1.84976 3.35064 0 
944 1.75414 3.6327 0 
945 1.85606 3.58879 0 
946 1.69885 3.68099 0 
947 1.9068 3.76276 0 
948 1.82574 3.97728 0 
949 1.82629 3.86161 0 
950 1.83794 3.86886 0 
951 1.745 4.06218 0 
952 1.85113 3.95743 0 
953 1.82387 3.99353 0 
954 1.71316 4.11202 0 
955 1.91855 4.08568 0 
956 1.77055 4.23652 0 
957 1.86732 4.31133 0 
958 1.93057 4.40803 0 
959 1.81757 4.35144 0 
960 1.81563 4.4556 0 
961 1.72062 4.51702 0 
962 1.81486 4.53006 0 
963 1.86653 4.64236 0 
964 1.81812 4.67619 0 
965 1.77412 4.74632 0 
966 1.88443 4.80602 0 
967 1.70698 4.81428 0 
968 1.97583 4.7847 0 
969 1.76032 5.00432 0 
970 1.76009 5.03453 0 
971 1.87409 5.18522 0 
972 1.93165 5.22134 0 
973 1.70407 5.22815 0 
974 1.86438 5.3582 0 
975 1.75731 5.37779 0 
976 1.75469 5.3668 0 
977 1.85916 5.54887 0 
978 1.89838 5.49134 0 
979 1.76027 5.5567 0 
980 1.90675 5.68935 0 
981 1.83177 5.55689 0 
982 1.79492 5.70089 0 
983 1.90791 5.75191 0 
984 1.81832 5.76498 0 
985 1.85951 5.99426 0 
986 1.74153 5.93505 0 
987 1.83462 5.93019 0 
988 1.82661 6.04378 0 
989 1.69755 6.06521 0 
990 1.84433 6.14213 0 
991 1.82644 6.27838 0 
992 1.81897 6.28478 0 
993 1.76465 6.29113 0 
994 1.81019 6.41673 0 
995 1.86744 1.43578 0 
996 1.91335 1.45686 0 
997 1.84895 1.59511 0 
998 1.88415 1.5987 0 
999 1.73365 1.68487 0 
1000 1.89024 1.74994 0 
1001 1.91763 1.78059 0 
1002 1.90972 1.9988 0 
1003 1.93936 1.98175 0 
1004 1.81705 1.99591 0 
1005 1.74936 1.92516 0 
1006 1.9122 2.05598 0 
1007 1.77656 2.20826 0 
1008 1.86258 2.2077 0 
1009 1.85583 2.33442 0 
1010 1.85364 2.36208 0 
1011 1.97672 2.36234 0 
1012 1.86677 2.46029 0 
1013 1.98311 2.54735 0 
1014 1.94793 2.41283 0 
1015 1.99727 2.58038 0 
1016 1.85332 2.76016 0 
1017 1.785 2.74481 0 
1018 1.87095 2.67706 0 
1019 1.88425 2.76772 0 
1020 1.90485 2.79825 0 
1021 1.86867 3.04087 0 
1022 1.78352 2.97909 0 
1023 1.85605 3.13347 0 
1024 1.98425 2.97804 0 
1025 1.94845 3.08194 0 
1026 1.78095 3.20862 0 
1027 1.85594 3.2351 0 
1028 1.87769 3.37393 0 
1029 1.92829 3.40066 0 
1030 1.87836 3.50825 0 
1031 1.87215 3.42898 0 
1032 1.79142 3.48633 0 
1033 1.90322 3.62995 0 
1034 1.81061 3.70341 0 
1035 1.90115 3.71448 0 
1036 1.86232 3.7342 0 
1037 1.86499 3.77352 0 
1038 1.92836 3.87011 0 
1039 1.87049 4.04171 0 
1040 1.86782 4.04047 0 
1041 1.83245 4.12914 0 
1042 1.83245 4.19421 0 
1043 1.89043 4.26791 0 
1044 1.96326 4.15678 0 
1045 1.94104 4.28059 0 
1046 1.75131 4.39602 0 
1047 1.88317 4.31761 0 
1048 1.76492 4.40971 0 
1049 1.8295 4.512 0 
1050 1.84491 4.57864 0 
1051 1.90324 4.69048 0 
1052 1.98515 4.72219 0 
1053 1.77638 4.81792 0 
1054 1.79697 4.77936 0 
1055 1.71629 4.78725 0 
1056 1.85781 4.95538 0 
1057 1.89369 5.00537 0 
1058 1.83954 5.08509 0 
1059 1.90659 5.1589 0 
1060 1.86387 5.12452 0 
1061 1.89593 5.21134 0 
1062 1.84153 5.31985 0 
1063 1.6939 5.37185 0 
1064 1.86698 5.47202 0 
1065 1.80937 5.49805 0 
1066 1.86345 5.52057 0 
1067 1.82597 5.62755 0 
1068 1.91341 5.6523 0 
1069 1.92092 5.70412 0 
1070 1.74174 5.67973 0 
1071 1.85875 5.70734 0 
1072 1.96014 5.85973 0 
1073 1.90315 5.72739 0 
1074 1.84712 5.77892 0 
1075 1.80346 6.06972 0 
1076 1.85471 6.13935 0 
1077 1.89553 6.01673 0 
1078 1.80464 6.15209 0 
1079 1.84745 6.2057 0 
1080 2.0301 6.3435 0 
1081 1.82973 6.33095 0 
1082 1.86744 6.41673 0 
1083 1.92469 1.43578 0 
1084 1.87577 1.60389 0 
1085 1.86433 1.54993 0 
1086 1.85145 1.61801 0 
1087 2.01603 1.57815 0 
1088 1.9151 1.64979 0 
1089 2.00871 1.76746 0 
1090 1.92899 1.8251 0 
1091 1.99255 2.00947 0 
1092 1.80002 1.97054 0 
1093 1.94033 2.05165 0 
1094 1.86038 2.04242 0 
1095 1.86633 2.03932 0 
1096 1.86233 2.31278 0 
1097 1.84453 2.1837 0 
1098 1.98086 2.31546 0 
1099 1.87023 2.34257 0 
1100 2.08208 2.45551 0 
1101 1.95727 2.44098 0 
1102 1.81995 2.50758 0 
1103 1.92841 2.62496 0 
1104 1.80813 2.55412 0 
1105 1.75626 2.51982 0 
1106 1.86301 2.77493 0 
1107 2.00955 2.89915 0 
1108 2.03048 2.88914 0 
1109 1.73296 2.88914 0 
1110 1.95681 2.90678 0 
1111 1.84232 3.10321 0 
1112 1.95619 3.01695 0 
1113 1.9974 3.1722 0 
1114 2.00973 3.22854 0 
1115 2.0696 3.15813 0 
1116 1.82759 3.42814 0 
1117 1.90767 3.31799 0 
1118 1.93106 3.528 0 
1119 1.96065 3.40439 0 
1120 1.91705 3.57796 0 
1121 1.90616 3.53453 0 
1122 1.85293 3.65849 0 
1123 1.95896 3.70802 0 
1124 1.97518 3.78458 0 
1125 1.91789 3.74309 0 
1126 1.94917 3.80414 0 
1127 1.98224 3.85623 0 
1128 1.935 3.99864 0 
1129 1.96042 4.13679 0 
1130 1.96036 4.10119 0 
1131 1.99718 4.26168 0 
1132 1.87062 4.19816 0 
1133 1.89568 4.19676 0 
1134 1.87295 4.24404 0 
1135 1.84815 4.4465 0 
1136 1.94261 4.42891 0 
1137 1.87957 4.57454 0 
1138 1.91155 4.55841 0 
1139 1.89118 4.66126 0 
1140 1.80156 4.74055 0 
1141 1.91178 4.85495 0 
1142 1.93581 4.84979 0 
1143 1.90497 4.90177 0 
1144 1.84714 4.96311 0 
1145 1.87298 4.87977 0 
1146 1.87795 5.03323 0 
1147 1.87116 5.03287 0 
1148 1.94717 5.19515 0 
1149 1.85891 5.13996 0 
1150 1.97519 5.29423 0 
1151 1.89502 5.28526 0 
1152 1.94575 5.37074 0 
1153 1.99244 5.33445 0 
1154 1.92353 5.48716 0 
1155 1.93242 5.52544 0 
1156 1.89546 5.47714 0 
1157 1.83101 5.73592 0 
1158 1.81463 5.601 0 
1159 1.97198 5.86392 0 
1160 1.94707 5.74736 0 
1161 1.92479 5.87473 0 
1162 1.92318 6.00586 0 
1163 1.97442 5.98049 0 
1164 1.90529 6.19851 0 
1165 1.89191 6.20453 0 
1166 1.93133 6.15036 0 
1167 1.93586 6.14656 0 
1168 1.81827 6.2623 0 
1169 1.90077 6.37871 0 
1170 1.92469 6.41673 0 
1171 1.98194 1.43578 0 
1172 2.04142 1.48876 0 
1173 1.97406 1.57886 0 
1174 2.03933 1.49215 0 
1175 2.01213 1.7853 0 
1176 2.06168 1.59616 0 
1177 1.97099 1.8745 0 
1178 2.07972 1.91404 0 
1179 1.94917 1.87652 0 
1180 1.92142 1.93545 0 
1181 1.8902 1.95798 0 
1182 1.95483 2.07407 0 
1183 1.91749 2.05438 0 
1184 1.90508 2.1331 0 
1185 1.92356 2.26253 0 
1186 1.90965 2.22917 0 
1187 1.96429 2.32246 0 
1188 2.01452 2.37873 0 
1189 2.03507 2.43924 0 
1190 1.93239 2.57635 0 
1191 1.97093 2.48078 0 
1192 2.04706 2.58293 0 
1193 2.03416 2.62582 0 
1194 1.88765 2.79846 0 
1195 2.0579 2.88636 0 
1196 1.86281 2.73281 0 
1197 1.88861 2.81809 0 
1198 1.93375 3.01656 0 
1199 1.97255 3.06515 0 
1200 2.01869 3.12533 0 
1201 1.89378 3.10553 0 
1202 1.98218 3.25315 0 
1203 1.92939 3.30042 0 
1204 1.90229 3.31555 0 
1205 2.00993 3.56211 0 
1206 2.05038 3.48638 0 
1207 2.06156 3.41764 0 
1208 2.02341 3.46151 0 
1209 2.06772 3.68666 0 
1210 2.02216 3.5697 0 
1211 1.99689 3.71664 0 
1212 1.93224 3.91151 0 
1213 1.91111 3.87223 0 
1214 2.00892 3.81995 0 
1215 1.97838 3.82071 0 
1216 2.04302 4.08171 0 
1217 2.06138 4.07089 0 
1218 2.02105 4.06776 0 
1219 1.89173 4.13461 0 
1220 1.94765 4.36577 0 
1221 2.05555 4.26021 0 
1222 1.9186 4.35803 0 
1223 1.84569 4.3837 0 
1224 1.92925 4.49286 0 
1225 1.93945 4.557 0 
1226 1.98538 4.63117 0 
1227 1.96436 4.75475 0 
1228 2.13528 4.64609 0 
1229 1.93857 4.67289 0 
1230 1.96007 4.88004 0 
1231 2.03906 4.86808 0 
1232 2.08091 4.94312 0 
1233 1.98934 5.01086 0 
1234 2.00396 4.98367 0 
1235 1.86591 5.13709 0 
1236 2.03455 5.18837 0 
1237 1.87198 5.14056 0 
1238 2.08099 5.27937 0 
1239 1.95322 5.29116 0 
1240 1.93949 5.42584 0 
1241 2.08039 5.44015 0 
1242 1.98791 5.55983 0 
1243 1.94175 5.61087 0 
1244 2.06423 5.62935 0 
1245 1.98514 5.63415 0 
1246 1.9393 5.71906 0 
1247 1.93834 5.82018 0 
1248 2.02177 5.90555 0 
1249 1.94954 5.89917 0 
1250 2.02087 6.03383 0 
1251 2.08583 6.08306 0 
1252 2.05865 6.08773 0 
1253 2.01535 6.16237 0 
1254 1.87484 6.24339 0 
1255 1.87108 6.19734 0 
1256 1.95932 6.32673 0 
1257 1.92331 6.3629 0 
1258 1.98194 6.41673 0 
1259 2.0392 1.43578 0 
1260 2.20194 1.45462 0 
1261 2.0983 1.61063 0 
1262 2.06751 1.66609 0 
1263 2.07024 1.58215 0 
1264 2.11982 1.66151 0 
1265 2.0637 1.92558 0 
1266 2.05925 1.8162 0 
1267 2.00191 1.99652 0 
1268 2.04441 1.94075 0 
1269 1.97302 2.01005 0 
1270 1.98024 2.12927 0 
1271 2.17925 2.19113 0 
1272 1.8553 2.11984 0 
1273 1.89912 2.28195 0 
1274 2.00864 2.32542 0 
1275 2.12887 2.38791 0 
1276 2.12208 2.46795 0 
1277 2.11327 2.42254 0 
1278 2.07924 2.43445 0 
1279 2.00112 2.5732 0 
1280 1.917 2.55212 0 
1281 2.06165 2.64864 0 
1282 1.99961 2.65265 0 
1283 2.02484 2.78633 0 
1284 2.07872 2.86183 0 
1285 2.13127 3.01026 0 
1286 2.01046 2.90472 0 
1287 2.03535 3.00105 0 
1288 2.03627 3.11825 0 
1289 2.00116 3.22945 0 
1290 2.04069 3.1869 0 
1291 2.03435 3.27023 0 
1292 2.1542 3.35141 0 
1293 2.06594 3.42155 0 
1294 1.93077 3.44294 0 
1295 1.93523 3.49123 0 
1296 2.08246 3.6719 0 
1297 2.08196 3.55688 0 
1298 1.89983 3.70476 0 
1299 2.06666 3.64465 0 
1300 1.95921 3.81996 0 
1301 2.06702 3.81665 0 
1302 1.91727 3.97077 0 
1303 1.98192 3.90142 0 
1304 2.10617 3.91251 0 
1305 2.08645 4.0116 0 
1306 2.0036 4.27566 0 
1307 1.93476 4.17699 0 
1308 1.99678 4.39082 0 
1309 2.01291 4.37808 0 
1310 1.96941 4.19962 0 
1311 2.02324 4.27388 0 
1312 1.99141 4.34334 0 
1313 2.02865 4.4347 0 
1314 2.0291 4.52133 0 
1315 2.02946 4.68865 0 
1316 1.9387 4.55136 0 
1317 2.08741 4.81605 0 
1318 1.99694 4.86958 0 
1319 1.92849 4.7793 0 
1320 2.10844 4.91985 0 
1321 2.03385 5.04193 0 
1322 2.01353 4.97594 0 
1323 2.04681 5.16631 0 
1324 2.04336 5.17986 0 
1325 2.05798 5.24165 0 
1326 2.01702 5.2771 0 
1327 1.93602 5.29582 0 
1328 1.89536 5.45291 0 
1329 2.04828 5.37902 0 
1330 2.07458 5.59177 0 
1331 1.98392 5.61102 0 
1332 2.03105 5.6242 0 
1333 2.04547 5.77599 0 
1334 1.96964 5.70516 0 
1335 2.02187 5.80316 0 
1336 2.04867 5.85151 0 
1337 1.94158 5.83917 0 
1338 1.97018 5.87818 0 
1339 1.94703 5.9216 0 
1340 2.03516 6.08637 0 
1341 2.00929 6.10583 0 
1342 2.0068 6.20684 0 
1343 2.04868 6.25864 0 
1344 1.94174 6.19251 0 
1345 2.08215 6.39999 0 
1346 2.0392 6.41673 0 
1347 2.09645 1.43578 0 
1348 1.97082 1.51546 0 
1349 2.06925 1.52497 0 
1350 2.16298 1.67176 0 
1351 2.12641 1.78365 0 
1352 2.04621 1.69697 0 
1353 2.11849 1.82243 0 
1354 2.13775 1.98557 0 
1355 1.9844 2.0535 0 
1356 2.15957 1.99918 0 
1357 1.99403 2.04612 0 
1358 2.12333 2.12734 0 
1359 2.01225 2.07557 0 
1360 1.99377 2.23811 0 
1361 2.12894 2.2856 0 
1362 2.07031 2.2312 0 
1363 2.1341 2.33526 0 
1364 2.01549 2.37907 0 
1365 2.07813 2.58543 0 
1366 2.13121 2.47674 0 
1367 2.17985 2.54483 0 
1368 2.1397 2.61556 0 
1369 2.23727 2.66601 0 
1370 2.05332 2.72995 0 
1371 2.03493 2.84373 0 
1372 2.12951 2.88211 0 
1373 2.07494 2.91771 0 
1374 2.05506 2.95863 0 
1375 1.99215 3.21762 0 
1376 2.05347 3.0657 0 
1377 2.01831 3.02833 0 
1378 2.12941 3.2547 0 
1379 2.07256 3.297 0 
1380 2.14429 3.32194 0 
1381 2.15422 3.46475 0 
1382 2.11763 3.51507 0 
1383 2.11965 3.46997 0 
1384 2.07015 3.56196 0 
1385 2.12978 3.60846 0 
1386 2.00679 3.66002 0 
1387 2.19293 3.77464 0 
1388 2.09689 3.68445 0 
1389 2.11488 3.79942 0 
1390 2.11045 3.98707 0 
1391 2.06574 4.01866 0 
1392 1.98879 3.92976 0 
1393 2.07066 4.07835 0 
1394 2.10688 4.08656 0 
1395 2.09925 4.19271 0 
1396 2.06927 4.29404 0 
1397 2.02784 4.17647 0 
1398 2.08304 4.41918 0 
1399 2.17992 4.4129 0 
1400 2.03263 4.48474 0 
1401 2.05197 4.62965 0 
1402 2.04585 4.57991 0 
1403 2.14209 4.68114 0 
1404 2.03485 4.73212 0 
1405 2.1302 4.77674 0 
1406 2.01637 4.80119 0 
1407 1.96228 4.89128 0 
1408 2.10733 4.94197 0 
1409 1.98887 5.04904 0 
1410 2.04456 5.08445 0 
1411 2.03413 5.06312 0 
1412 2.2275 5.16082 0 
1413 2.04184 5.33927 0 
1414 2.02911 5.2623 0 
1415 2.14774 5.32936 0 
1416 2.08263 5.40549 0 
1417 2.15987 5.44196 0 
1418 2.14661 5.49341 0 
1419 2.06927 5.66702 0 
1420 2.05428 5.64305 0 
1421 2.06067 5.77134 0 
1422 2.10851 5.73788 0 
1423 1.97947 5.81805 0 
1424 2.11296 5.77537 0 
1425 2.1631 5.90248 0 
1426 2.0914 5.94736 0 
1427 2.12654 5.96288 0 
1428 2.08761 6.06462 0 
1429 2.03668 6.16429 0 
1430 2.10156 6.18309 0 
1431 2.08794 6.24012 0 
1432 2.09169 6.17296 0 
1433 2.15397 6.37333 0 
1434 2.09645 6.41673 0 
1435 2.1537 1.43578 0 
1436 2.16608 1.41629 0 
1437 2.13763 1.53886 0 
1438 2.15834 1.64407 0 
1439 2.23859 1.6053 0 
1440 2.14117 1.68348 0 
1441 2.11861 1.82097 0 
1442 2.19557 1.85488 0 
1443 2.15761 1.86215 0 
1444 2.16557 1.88469 0 
1445 2.11787 2.0118 0 
1446 2.17642 1.99176 0 
1447 2.13743 2.08038 0 
1448 2.14045 2.20987 0 
1449 2.28398 2.2353 0 
1450 2.14292 2.31031 0 
1451 2.21792 2.38134 0 
1452 2.12971 2.49595 0 
1453 2.22681 2.53129 0 
1454 2.18192 2.52424 0 
1455 2.13118 2.65672 0 
1456 2.14882 2.66113 0 
1457 2.0533 2.80315 0 
1458 2.12483 2.74925 0 
1459 2.14176 2.81099 0 
1460 2.20075 2.93676 0 
1461 2.20712 2.89969 0 
1462 2.08127 2.90271 0 
1463 2.15059 3.04472 0 
1464 2.02996 3.11151 0 
1465 2.12771 3.15286 0 
1466 2.26144 3.24461 0 
1467 2.16905 3.22485 0 
1468 2.14187 3.3871 0 
1469 2.07348 3.36424 0 
1470 2.1779 3.49745 0 
1471 2.05906 3.55623 0 
1472 2.12528 3.69345 0 
1473 2.16632 3.71904 0 
1474 2.07859 3.66718 0 
1475 2.12853 3.75231 0 
1476 2.06611 3.71252 0 
1477 2.19236 3.88247 0 
1478 2.21063 3.89866 0 
1479 2.27831 3.96247 0 
1480 2.23778 3.9348 0 
1481 2.0569 3.97454 0 
1482 2.19032 4.10857 0 
1483 2.16861 4.2202 0 
1484 2.12529 4.2537 0 
1485 2.2441 4.23004 0 
1486 2.1009 4.43522 0 
1487 2.27255 4.38773 0 
1488 2.16553 4.384 0 
1489 2.24084 4.44143 0 
1490 2.18923 4.5217 0 
1491 2.1537 4.64191 0 
1492 2.1537 4.69916 0 
1493 2.1537 4.75641 0 
1494 2.1537 4.81367 0 
1495 2.1537 4.87092 0 
1496 2.1537 4.92817 0 
1497 2.1537 4.98542 0 
1498 2.1537 5.04268 0 
1499 2.1537 5.09993 0 
1500 2.1537 5.15718 0 
1501 2.1537 5.21443 0 
1502 2.1537 5.27169 0 
1503 2.1537 5.32894 0 
1504 2.1537 5.38619 0 
1505 2.1537 5.44344 0 
1506 2.1537 5.5007 0 
1507 2.1537 5.55795 0 
1508 2.1537 5.6152 0 
1509 2.1537 5.67245 0 
1510 2.1537 5.7297 0 
1511 2.1537 5.78696 0 
1512 2.14528 5.772 0 
1513 2.1725 5.96491 0 
1514 2.07676 6.06947 0 
1515 2.274 6.15261 0 
1516 2.03691 6.14007 0 
1517 2.16691 6.17782 0 
1518 2.19678 6.23907 0 
1519 2.13952 6.22352 0 
1520 2.18146 6.36615 0 
1521 2.07638 6.43588 0 
1522 2.1537 6.41673 0 
1523 2.21095 1.43578 0 
1524 2.2138 1.55341 0 
1525 2.26374 1.58188 0 
1526 2.21258 1.5921 0 
1527 2.18663 1.62326 0 
1528 2.12683 1.71521 0 
1529 2.22888 1.82506 0 
1530 2.2014 1.75689 0 
1531 2.17113 1.85902 0 
1532 2.19968 1.98743 0 
1533 2.13201 2.04202 0 
1534 2.24986 2.0563 0 
1535 2.26671 2.1753 0 
1536 2.21823 2.13078 0 
1537 2.30854 2.16971 0 
1538 2.09554 2.3175 0 
1539 2.17469 2.34703 0 
1540 2.21095 2.40907 0 
1541 2.21095 2.46632 0 
1542 2.21095 2.52357 0 
1543 2.21095 2.58083 0 
1544 2.21095 2.63808 0 
1545 2.21095 2.69533 0 
1546 2.21095 2.75258 0 
1547 2.21095 2.80984 0 
1548 2.21095 2.86709 0 
1549 2.21095 2.92434 0 
1550 2.21095 2.98159 0 
1551 2.21095 3.03885 0 
1552 2.21095 3.0961 0 
1553 2.21095 3.15335 0 
1554 2.21095 3.2106 0 
1555 2.21095 3.26785 0 
1556 2.21095 3.32511 0 
1557 2.21095 3.38236 0 
1558 2.21095 3.43961 0 
1559 2.27588 3.54761 0 
1560 2.20156 3.62328 0 
1561 2.13455 3.61083 0 
1562 2.19126 3.61722 0 
1563 2.22259 3.70344 0 
1564 2.16312 3.74362 0 
1565 2.18922 3.91027 0 
1566 2.21725 3.9426 0 
1567 2.12839 3.90163 0 
1568 2.28691 4.02336 0 
1569 2.20871 3.98788 0 
1570 2.16832 4.03732 0 
1571 2.20856 4.16249 0 
1572 2.33205 4.16488 0 
1573 2.21548 4.28052 0 
1574 2.23774 4.36779 0 
1575 2.28629 4.23837 0 
1576 2.25027 4.54389 0 
1577 2.25102 4.45011 0 
1578 2.15867 4.4735 0 
1579 2.21095 4.64191 0 
1580 2.21095 5.78696 0 
1581 2.00143 5.84732 0 
1582 2.2623 5.85171 0 
1583 2.39016 5.93727 0 
1584 2.1889 6.08614 0 
1585 2.25914 6.06731 0 
1586 2.19838 6.03013 0 
1587 2.25978 6.27131 0 
1588 2.26775 6.23223 0 
1589 2.19 6.26537 0 
1590 2.24911 6.33556 0 
1591 2.21095 6.41673 0 
1592 2.2682 1.43578 0 
1593 2.2611 1.52166 0 
1594 2.30607 1.5298 0 
1595 2.2685 1.60401 0 
1596 2.347 1.62887 0 
1597 2.3959 1.7405 0 
1598 2.28925 1.75662 0 
1599 2.2869 1.80208 0 
1600 2.22225 1.95334 0 
1601 2.33826 2.03569 0 
1602 2.22265 2.05796 0 
1603 2.35156 2.04362 0 
1604 2.21139 2.20579 0 
1605 2.26067 2.15408 0 
1606 2.22618 2.2264 0 
1607 2.14353 2.27535 0 
1608 2.40389 2.42243 0 
1609 2.2682 2.40907 0 
1610 2.2682 3.43961 0 
1611 2.23638 3.47029 0 
1612 2.29647 3.47723 0 
1613 2.25104 3.52117 0 
1614 2.20821 3.70381 0 
1615 2.22934 3.66821 0 
1616 2.29278 3.86908 0 
1617 2.35083 3.73878 0 
1618 2.12058 3.84422 0 
1619 2.23285 3.89856 0 
1620 2.27349 4.04244 0 
1621 2.37248 4.09148 0 
1622 2.2486 4.09815 0 
1623 2.36288 4.12355 0 
1624 2.32958 4.09447 0 
1625 2.18246 4.37191 0 
1626 2.35238 4.48661 0 
1627 2.24931 4.4951 0 
1628 2.25573 4.46644 0 
1629 2.17039 4.53071 0 
1630 2.35361 4.515 0 
1631 2.2682 4.64191 0 
1632 2.2682 5.78696 0 
1633 2.25822 5.81652 0 
1634 2.29595 5.9214 0 
1635 2.3374 6.00588 0 
1636 2.25138 6.08683 0 
1637 2.26526 6.05085 0 
1638 2.29635 6.06977 0 
1639 2.17371 6.25646 0 
1640 2.41819 6.28575 0 
1641 2.38261 6.2405 0 
1642 2.29264 6.36548 0 
1643 2.2682 6.41673 0 
1644 2.32546 1.43578 0 
1645 2.25382 1.43417 0 
1646 2.28998 1.47891 0 
1647 2.21296 1.5868 0 
1648 2.39381 1.72917 0 
1649 2.35593 1.66007 0 
1650 2.30231 1.86359 0 
1651 2.28147 1.87274 0 
1652 2.45077 2.02223 0 
1653 2.36784 2.03974 0 
1654 2.27715 1.87909 0 
1655 2.36214 2.0041 0 
1656 2.28713 2.22108 0 
1657 2.26612 2.22247 0 
1658 2.40181 2.20955 0 
1659 2.35865 2.32319 0 
1660 2.26797 2.36764 0 
1661 2.32546 2.40907 0 
1662 2.32546 3.43961 0 
1663 2.22918 3.44303 0 
1664 2.43037 3.58286 0 
1665 2.31968 3.48284 0 
1666 2.47045 3.70849 0 
1667 2.3007 3.63947 0 
1668 2.30739 3.86389 0 
1669 2.3466 3.8404 0 
1670 2.36354 3.83274 0 
1671 2.31565 3.93434 0 
1672 2.34233 3.92721 0 
1673 2.3219 3.88551 0 
1674 2.44532 4.11558 0 
1675 2.23624 4.24634 0 
1676 2.33758 4.19342 0 
1677 2.25153 4.29058 0 
1678 2.37756 4.4049 0 
1679 2.4457 4.43666 0 
1680 2.21653 4.45516 0 
1681 2.23104 4.45712 0 
1682 2.32191 4.71955 0 
1683 2.32546 4.64191 0 
1684 2.32546 5.78696 0 
1685 2.33982 5.964 0 
1686 2.41308 5.81742 0 
1687 2.36976 6.02601 0 
1688 2.2946 6.07952 0 
1689 2.25532 6.02287 0 
1690 2.30466 6.08234 0 
1691 2.31754 6.16268 0 
1692 2.40973 6.27037 0 
1693 2.40858 6.27284 0 
1694 2.273 6.40566 0 
1695 2.32546 6.41673 0 
1696 2.38271 1.43578 0 
1697 2.34658 1.50163 0 
1698 2.38988 1.56388 0 
1699 2.33835 1.62309 0 
1700 2.33991 1.49252 0 
1701 2.35975 1.61656 0 
1702 2.34668 1.70559 0 
1703 2.30304 1.87863 0 
1704 2.49 1.84631 0 
1705 2.38585 1.98996 0 
1706 2.35607 1.92444 0 
1707 2.36757 2.17613 0 
1708 2.44067 2.23132 0 
1709 2.42289 2.4434 0 
1710 2.39591 2.3248 0 
1711 2.46877 2.28509 0 
1712 2.38615 2.35147 0 
1713 2.38271 2.40907 0 
1714 2.38271 3.43961 0 
1715 2.41777 3.51313 0 
1716 2.32957 3.56155 0 
1717 2.49836 3.53869 0 
1718 2.39608 3.6869 0 
1719 2.42047 3.83715 0 
1720 2.21597 3.78388 0 
1721 2.45127 3.92472 0 
1722 2.3657 3.83715 0 
1723 2.29493 3.91695 0 
1724 2.3748 3.97501 0 
1725 2.4831 4.14647 0 
1726 2.42466 4.05438 0 
1727 2.34566 4.28785 0 
1728 2.38531 4.3295 0 
1729 2.31969 4.29212 0 
1730 2.41469 4.37047 0 
1731 2.35622 4.33337 0 
1732 2.49527 4.51289 0 
1733 2.34771 4.60803 0 
1734 2.33199 4.45819 0 
1735 2.38271 4.64191 0 
1736 2.38271 5.78696 0 
1737 2.25981 5.7899 0 
1738 2.30391 5.9536 0 
1739 2.48117 5.86738 0 
1740 2.40737 6.10675 0 
1741 2.40004 6.04531 0 
1742 2.43704 6.01934 0 
1743 2.26121 6.23602 0 
1744 2.27628 6.31248 0 
1745 2.29391 6.19271 0 
1746 2.46265 6.41923 0 
1747 2.38271 6.41673 0 
1748 2.43996 1.43578 0 
1749 2.43548 1.38193 0 
1750 2.44568 1.56153 0 
1751 2.50547 1.6041 0 
1752 2.40508 1.71085 0 
1753 2.44272 1.68888 0 
1754 2.46389 1.94484 0 
1755 2.52137 1.89508 0 
1756 2.46646 1.92059 0 
1757 2.40978 1.94631 0 
1758 2.35963 2.05913 0 
1759 2.44268 2.11978 0 
1760 2.31867 2.01986 0 
1761 2.37716 2.16258 0 
1762 2.33852 2.10787 0 
1763 2.44585 2.33069 0 
1764 2.43532 2.39877 0 
1765 2.43996 2.40907 0 
1766 2.43996 3.43961 0 
1767 2.39968 3.47804 0 
1768 2.38237 3.5414 0 
1769 2.45493 3.71008 0 
1770 2.39899 3.66072 0 
1771 2.36992 3.75504 0 
1772 2.55121 3.75077 0 
1773 2.43694 3.88138 0 
1774 2.4531 3.84042 0 
1775 2.32851 3.90187 0 
1776 2.31556 3.88416 0 
1777 2.44919 4.08271 0 
1778 2.47972 3.98639 0 
1779 2.41886 4.19162 0 
1780 2.45127 4.22871 0 
1781 2.39982 4.26576 0 
1782 2.50674 4.35027 0 
1783 2.36353 4.43753 0 
1784 2.44986 4.51716 0 
1785 2.37842 4.61213 0 
1786 2.51689 4.65142 0 
1787 2.43996 4.64191 0 
1788 2.43996 5.78696 0 
1789 2.40332 5.88423 0 
1790 2.4696 5.95889 0 
1791 2.52049 5.84794 0 
1792 2.43718 6.13343 0 
1793 2.41594 6.07558 0 
1794 2.42444 6.03387 0 
1795 2.44325 6.15481 0 
1796 2.43064 6.31237 0 
1797 2.47469 6.28924 0 
1798 2.44528 6.46014 0 
1799 2.43996 6.41673 0 
1800 2.49721 1.43578 0 
1801 2.51328 1.59807 0 
1802 2.54174 1.61289 0 
1803 2.55665 1.63512 0 
1804 2.56744 1.64971 0 
1805 2.539 1.70925 0 
1806 2.48766 1.78046 0 
1807 2.60015 1.93095 0 
1808 2.31976 2.05437 0 
1809 2.56683 2.0284 0 
1810 2.48621 1.95212 0 
1811 2.39524 2.159 0 
1812 2.41413 2.2149 0 
1813 2.58113 2.09172 0 
1814 2.4418 2.2576 0 
1815 2.37155 2.30995 0 
1816 2.51056 2.31121 0 
1817 2.49721 2.40907 0 
1818 2.49721 3.43961 0 
1819 2.4469 3.48745 0 
1820 2.52035 3.52149 0 
1821 2.49247 3.59235 0 
1822 2.50303 3.68088 0 
1823 2.5583 3.73624 0 
1824 2.48359 3.70925 0 
1825 2.5874 3.92791 0 
1826 2.55228 3.81611 0 
1827 2.52471 3.9369 0 
1828 2.57427 4.0863 0 
1829 2.53263 4.21295 0 
1830 2.42752 3.99957 0 
1831 2.30337 4.22687 0 
1832 2.4395 4.22305 0 
1833 2.61054 4.25595 0 
1834 2.4202 4.50324 0 
1835 2.49085 4.39233 0 
1836 2.62659 4.46537 0 
1837 2.53354 4.51767 0 
1838 2.59573 4.51961 0 
1839 2.49721 4.64191 0 
1840 2.49721 5.78696 0 
1841 2.46522 5.81173 0 
1842 2.55392 5.88597 0 
1843 2.51687 6.03921 0 
1844 2.50996 6.00082 0 
1845 2.52808 5.99136 0 
1846 2.53637 6.14756 0 
1847 2.56405 6.20763 0 
1848 2.4388 6.351 0 
1849 2.47958 6.30199 0 
1850 2.3944 6.36396 0 
1851 2.49721 6.41673 0 
1852 2.55447 1.43578 0 
1853 2.61917 1.61921 0 
1854 2.56942 1.46282 0 
1855 2.65907 1.52841 0 
1856 2.45113 1.64507 0 
1857 2.59358 1.64138 0 
1858 2.51566 1.81704 0 
1859 2.49579 1.80375 0 
1860 2.5781 2.05541 0 
1861 2.45057 1.93715 0 
1862 2.56755 1.96342 0 
1863 2.57858 2.0891 0 
1864 2.47067 2.10222 0 
1865 2.59647 2.16139 0 
1866 2.53419 2.19661 0 
1867 2.54101 2.3418 0 
1868 2.49952 2.33582 0 
1869 2.55447 2.40907 0 
1870 2.55447 3.43961 0 
1871 2.49683 3.46904 0 
1872 2.52449 3.54274 0 
1873 2.49332 3.60122 0 
1874 2.63457 3.61686 0 
1875 2.47758 3.77101 0 
1876 2.60667 3.79269 0 
1877 2.56293 3.88882 0 
1878 2.49703 3.98676 0 
1879 2.59803 3.95719 0 
1880 2.50535 3.95153 0 
1881 2.55224 4.17573 0 
1882 2.60433 4.19458 0 
1883 2.63749 4.13859 0 
1884 2.59884 4.23662 0 
1885 2.58903 4.36988 0 
1886 2.55773 4.45415 0 
1887 2.6849 4.49112 0 
1888 2.48315 4.43612 0 
1889 2.63619 4.61348 0 
1890 2.55756 4.51631 0 
1891 2.55447 4.64191 0 
1892 2.55447 5.78696 0 
1893 2.53814 5.8609 0 
1894 2.50759 5.92383 0 
1895 2.52016 5.98438 0 
1896 2.57981 6.0084 0 
1897 2.61031 6.12978 0 
1898 2.65744 6.13893 0 
1899 2.53736 6.15139 0 
1900 2.57908 6.16259 0 
1901 2.48793 6.41502 0 
1902 2.55747 6.34995 0 
1903 2.55447 6.41673 0 
1904 2.61172 1.43578 0 
1905 2.60476 1.45584 0 
1906 2.57501 1.57065 0 
1907 2.71669 1.5733 0 
1908 2.62694 1.69239 0 
1909 2.61671 1.77771 0 
1910 2.59253 1.76193 0 
1911 2.53538 1.80753 0 
1912 2.65097 1.87121 0 
1913 2.55611 2.02273 0 
1914 2.56614 1.92795 0 
1915 2.7017 2.0796 0 
1916 2.67082 2.08658 0 
1917 2.67012 2.2503 0 
1918 2.6254 2.29328 0 
1919 2.62705 2.37768 0 
1920 2.57126 2.39622 0 
1921 2.61172 2.40907 0 
1922 2.61172 3.43961 0 
1923 2.52678 3.49543 0 
1924 2.65626 3.58947 0 
1925 2.58548 3.66328 0 
1926 2.60722 3.59089 0 
1927 2.61671 3.72085 0 
1928 2.52959 3.79794 0 
1929 2.5698 3.94505 0 
1930 2.52395 3.93595 0 
1931 2.6202 3.88844 0 
1932 2.5718 4.03764 0 
1933 2.57667 3.98963 0 
1934 2.57477 4.09269 0 
1935 2.66348 4.07512 0 
1936 2.72759 4.31242 0 
1937 2.38185 4.31597 0 
1938 2.51577 4.50073 0 
1939 2.74781 4.38706 0 
1940 2.56819 4.30857 0 
1941 2.57585 4.46291 0 
1942 2.63123 4.61513 0 
1943 2.61172 4.64191 0 
1944 2.61172 5.78696 0 
1945 2.5663 5.8487 0 
1946 2.62403 5.85952 0 
1947 2.64713 5.945 0 
1948 2.64912 6.01102 0 
1949 2.56038 6.04339 0 
1950 2.65099 6.13351 0 
1951 2.57082 6.34898 0 
1952 2.52835 6.17696 0 
1953 2.59764 6.33675 0 
1954 2.6603 6.3599 0 
1955 2.61172 6.41673 0 
1956 2.66897 1.43578 0 
1957 2.68874 1.53761 0 
1958 2.67806 1.52517 0 
1959 2.7402 1.63073 0 
1960 2.65263 1.63223 0 
1961 2.5619 1.59734 0 
1962 2.65726 1.739 0 
1963 2.72807 1.97925 0 
1964 2.80217 1.81988 0 
1965 2.65176 1.86488 0 
1966 2.62886 2.00414 0 
1967 2.58545 2.03992 0 
1968 2.73893 1.96365 0 
1969 2.65762 2.26083 0 
1970 2.58354 2.31255 0 
1971 2.74897 2.36885 0 
1972 2.65868 2.31792 0 
1973 2.66897 2.40907 0 
1974 2.66897 3.43961 0 
1975 2.66842 3.49993 0 
1976 2.75605 3.48689 0 
1977 2.78434 3.7047 0 
1978 2.68194 3.84769 0 
1979 2.6871 3.72011 0 
1980 2.81042 3.83193 0 
1981 2.54976 3.82123 0 
1982 2.68753 3.94035 0 
1983 2.71514 3.91162 0 
1984 2.60676 3.94953 0 
1985 2.7223 4.05914 0 
1986 2.76958 4.05147 0 
1987 2.66064 4.13006 0 
1988 2.68216 4.26417 0 
1989 2.65147 4.22124 0 
1990 2.68145 4.32921 0 
1991 2.70246 4.40767 0 
1992 2.58706 4.53246 0 
1993 2.6885 4.48933 0 
1994 2.60628 4.55006 0 
1995 2.66897 4.64191 0 
1996 2.66897 5.78696 0 
1997 2.65379 5.79535 0 
1998 2.6755 5.87552 0 
1999 2.64044 5.96942 0 
2000 2.79983 6.0751 0 
2001 2.67337 6.07377 0 
2002 2.64488 6.06862 0 
2003 2.76325 6.18594 0 
2004 2.70355 6.2351 0 
2005 2.65768 6.33257 0 
2006 2.69181 6.39308 0 
2007 2.66897 6.41673 0 
2008 2.72622 1.43578 0 
2009 2.76921 1.57346 0 
2010 2.68134 1.67688 0 
2011 2.68153 1.64237 0 
2012 2.77615 1.62684 0 
2013 2.73842 1.75356 0 
2014 2.64634 1.7042 0 
2015 2.78889 1.84456 0 
2016 2.73789 1.8901 0 
2017 2.71145 1.99422 0 
2018 2.8423 1.98624 0 
2019 2.77247 2.04076 0 
2020 2.78512 2.20856 0 
2021 2.66235 2.17696 0 
2022 2.62851 2.20567 0 
2023 2.73378 2.23981 0 
2024 2.75914 2.39658 0 
2025 2.72622 2.40907 0 
2026 2.72622 3.43961 0 
2027 2.73115 3.55078 0 
2028 2.80799 3.52014 0 
2029 2.68899 3.61461 0 
2030 2.753 3.76362 0 
2031 2.66831 3.74677 0 
2032 2.70449 3.8513 0 
2033 2.72504 3.86635 0 
2034 2.71707 3.99294 0 
2035 2.87132 3.96424 0 
2036 2.81926 3.9633 0 
2037 2.72226 3.98752 0 
2038 2.65585 4.14157 0 
2039 2.75302 4.20419 0 
2040 2.75868 4.18819 0 
2041 2.77753 4.24048 0 
2042 2.68894 4.35593 0 
2043 2.70814 4.28791 0 
2044 2.75316 4.46496 0 
2045 2.74784 4.5438 0 
2046 2.72351 4.63605 0 
2047 2.72622 4.64191 0 
2048 2.72622 5.78696 0 
2049 2.72908 5.79787 0 
2050 2.75165 5.79106 0 
2051 2.81957 5.97826 0 
2052 2.80994 6.12581 0 
2053 2.79767 6.05943 0 
2054 2.79577 6.13476 0 
2055 2.62149 6.20974 0 
2056 2.59024 6.35719 0 
2057 2.70947 6.37557 0 
2058 2.83327 6.42956 0 
2059 2.72622 6.41673 0 
2060 2.78347 1.43578 0 
2061 2.7185 1.51009 0 
2062 2.78354 1.53645 0 
2063 2.79289 1.60459 0 
2064 2.8752 1.67924 0 
2065 2.83149 1.76725 0 
2066 2.69017 1.75551 0 
2067 2.75423 1.87571 0 
2068 2.78258 1.98248 0 
2069 2.94495 1.97739 0 
2070 2.8449 2.07344 0 
2071 2.74687 2.05039 0 
2072 2.71603 2.12906 0 
2073 2.74481 2.08829 0 
2074 2.83766 2.33904 0 
2075 2.78571 2.35751 0 
2076 2.76429 2.37109 0 
2077 2.78347 2.40907 0 
2078 2.78347 3.43961 0 
2079 2.79062 3.5437 0 
2080 2.72024 3.5173 0 
2081 2.7755 3.68518 0 
2082 2.73344 3.68835 0 
2083 2.74743 3.73502 0 
2084 2.78633 3.71331 0 
2085 2.78441 3.89712 0 
2086 2.71202 3.93383 0 
2087 2.83198 3.98036 0 
2088 2.81523 3.98434 0 
2089 2.70254 4.06267 0 
2090 2.783 4.19488 0 
2091 2.82335 4.16733 0 
2092 2.90087 4.31627 0 
2093 2.73057 4.31181 0 
2094 2.84446 4.3839 0 
2095 2.81892 4.37722 0 
2096 2.87071 4.56281 0 
2097 2.79693 4.53405 0 
2098 2.80061 4.61723 0 
2099 2.78347 4.64191 0 
2100 2.78347 5.78696 0 
2101 2.70739 5.84679 0 
2102 2.88969 5.99531 0 
2103 2.73098 6.01918 0 
2104 2.83363 5.97816 0 
2105 2.73249 6.12534 0 
2106 2.74997 6.24991 0 
2107 2.89776 6.23312 0 
2108 2.74237 6.20595 0 
2109 2.85786 6.31913 0 
2110 2.81968 6.29459 0 
2111 2.78347 6.41673 0 
2112 2.84073 1.43578 0 
2113 2.81068 1.53695 0 
2114 2.8861 1.50442 0 
2115 2.80207 1.61032 0 
2116 2.85429 1.65273 0 
2117 2.84839 1.66503 0 
2118 2.84093 1.675 0 
2119 2.82959 1.74407 0 
2120 2.9644 1.9426 0 
2121 2.82281 1.99168 0 
2122 2.92061 2.03133 0 
2123 2.82056 2.02858 0 
2124 2.78763 2.1155 0 
2125 2.85974 2.22034 0 
2126 2.90935 2.20021 0 
2127 2.93236 2.26749 0 
2128 2.9095 2.31659 0 
2129 2.84073 2.40907 0 
2130 2.84073 3.43961 0 
2131 2.90165 3.48182 0 
2132 2.73502 3.38527 0 
2133 2.84723 3.58405 0 
2134 2.88249 3.68007 0 
2135 2.80806 3.81731 0 
2136 2.79365 3.75978 0 
2137 2.84152 3.98742 0 
2138 2.90162 3.9261 0 
2139 2.87775 3.80068 0 
2140 2.81563 4.03622 0 
2141 2.83309 4.02978 0 
2142 2.85538 4.0065 0 
2143 2.72107 4.31313 0 
2144 2.85301 4.12755 0 
2145 2.8119 4.37466 0 
2146 2.83922 4.21146 0 
2147 2.82038 4.34653 0 
2148 2.81614 4.45058 0 
2149 2.86217 4.52066 0 
2150 2.78742 4.61158 0 
2151 2.84073 4.64191 0 
2152 2.84073 5.78696 0 
2153 2.78893 5.82538 0 
2154 2.86971 5.88332 0 
2155 2.80582 5.98552 0 
2156 2.8367 5.98545 0 
2157 2.86263 6.12291 0 
2158 2.73991 6.05215 0 
2159 2.77433 6.21478 0 
2160 2.78526 6.23182 0 
2161 2.88358 6.32887 0 
2162 2.9399 6.39346 0 
2163 2.84073 6.41673 0 
2164 2.89798 1.43578 0 
2165 2.91217 1.50428 0 
2166 2.828 1.48152 0 
2167 2.89802 1.61652 0 
2168 2.75983 1.6361 0 
2169 2.81601 1.69304 0 
2170 3.01787 1.82513 0 
2171 2.86748 1.80613 0 
2172 2.79616 1.80522 0 
2173 2.92789 1.9661 0 
2174 2.8569 2.04879 0 
2175 2.91219 2.10612 0 
2176 2.83326 2.15488 0 
2177 2.97579 2.13205 0 
2178 2.93803 2.33322 0 
2179 2.96002 2.23685 0 
2180 2.84017 2.39349 0 
2181 2.89798 2.40907 0 
2182 2.89798 3.43961 0 
2183 2.96391 3.46374 0 
2184 2.91541 3.55996 0 
2185 2.92526 3.67655 0 
2186 2.8696 3.65458 0 
2187 2.89736 3.74848 0 
2188 2.99572 3.72689 0 
2189 2.78905 3.80538 0 
2190 2.86711 3.83689 0 
2191 2.8258 3.9428 0 
2192 2.9049 4.07596 0 
2193 2.95126 4.10948 0 
2194 2.90396 4.00509 0 
2195 2.92427 4.12214 0 
2196 2.88922 4.19531 0 
2197 2.90564 4.32189 0 
2198 2.88214 4.37281 0 
2199 2.90139 4.34563 0 
2200 2.92425 4.48047 0 
2201 2.87489 4.58413 0 
2202 2.85997 4.64989 0 
2203 2.89798 4.64191 0 
2204 2.89798 4.69916 0 
2205 2.89798 4.75641 0 
2206 2.89798 4.81367 0 
2207 2.89798 4.87092 0 
2208 2.89798 4.92817 0 
2209 2.89798 4.98542 0 
2210 2.89798 5.04268 0 
2211 2.89798 5.09993 0 
2212 2.89798 5.15718 0 
2213 2.89798 5.21443 0 
2214 2.89798 5.27169 0 
2215 2.89798 5.32894 0 
2216 2.89798 5.38619 0 
2217 2.89798 5.44344 0 
2218 2.89798 5.5007 0 
2219 2.89798 5.55795 0 
2220 2.89798 5.6152 0 
2221 2.89798 5.67245 0 
2222 2.89798 5.7297 0 
2223 2.89798 5.78696 0 
2224 2.80263 5.73235 0 
2225 2.86037 5.84513 0 
2226 2.98143 5.95839 0 
2227 2.89219 6.04374 0 
2228 2.9421 6.05466 0 
2229 2.93282 6.13465 0 
2230 2.90019 6.07077 0 
2231 3.09996 6.1311 0 
2232 3.05182 6.37466 0 
2233 2.88752 6.42794 0 
2234 2.89798 6.41673 0 
2235 2.95523 1.43578 0 
2236 2.90946 1.57226 0 
2237 2.97353 1.56151 0 
2238 2.98792 1.47123 0 
2239 2.87965 1.67017 0 
2240 2.8589 1.84448 0 
2241 2.98373 1.7907 0 
2242 2.88336 1.81674 0 
2243 2.98534 1.97234 0 
2244 2.95563 1.84305 0 
2245 3.02269 2.0466 0 
2246 2.96408 2.17664 0 
2247 3.01286 2.17302 0 
2248 2.99423 2.17152 0 
2249 2.93517 2.19816 0 
2250 2.81446 2.29671 0 
2251 3.03229 2.20753 0 
2252 2.95523 2.40907 0 
2253 2.95523 2.46632 0 
2254 2.95523 2.52357 0 
2255 2.95523 2.58083 0 
2256 2.95523 2.63808 0 
2257 2.95523 2.69533 0 
2258 2.95523 2.75258 0 
2259 2.95523 2.80984 0 
2260 2.95523 2.86709 0 
2261 2.95523 2.92434 0 
2262 2.95523 2.98159 0 
2263 2.95523 3.03885 0 
2264 2.95523 3.0961 0 
2265 2.95523 3.15335 0 
2266 2.95523 3.2106 0 
2267 2.95523 3.26785 0 
2268 2.95523 3.32511 0 
2269 2.95523 3.38236 0 
2270 2.95523 3.43961 0 
2271 2.96436 3.40607 0 
2272 2.95336 3.581 0 
2273 2.91795 3.4445 0 
2274 2.94185 3.65914 0 
2275 2.98876 3.82893 0 
2276 2.99368 3.64855 0 
2277 2.91589 3.73447 0 
2278 2.85139 3.82279 0 
2279 2.97398 3.98692 0 
2280 3.00796 4.10822 0 
2281 2.98906 3.99712 0 
2282 2.93718 4.08155 0 
2283 3.00871 4.20677 0 
2284 3.03847 4.34684 0 
2285 2.82921 4.21023 0 
2286 2.9422 4.54455 0 
2287 2.83108 4.44487 0 
2288 2.88248 4.58283 0 
2289 2.97102 4.53129 0 
2290 2.83964 4.64278 0 
2291 2.9483 4.54947 0 
2292 2.96685 4.68704 0 
2293 2.98275 4.82681 0 
2294 2.86832 4.91147 0 
2295 3.13291 4.79288 0 
2296 2.95648 4.9588 0 
2297 3.01123 5.038 0 
2298 2.92185 4.98588 0 
2299 2.95938 5.21202 0 
2300 2.90453 5.15605 0 
2301 2.89882 5.2422 0 
2302 3.0108 5.23659 0 
2303 2.96076 5.39028 0 
2304 3.08442 5.42582 0 
2305 2.90268 5.39301 0 
2306 2.90667 5.52717 0 
2307 2.93535 5.53896 0 
2308 2.85964 5.58582 0 
2309 2.91642 5.59422 0 
2310 2.92756 5.6205 0 
2311 2.98601 5.88222 0 
2312 2.98669 5.80525 0 
2313 2.98083 5.92451 0 
2314 3.03359 5.89235 0 
2315 2.9242 6.06503 0 
2316 2.89658 6.19513 0 
2317 3.04407 6.05442 0 
2318 2.88525 6.11512 0 
2319 2.96798 6.33082 0 
2320 2.90625 6.33187 0 
2321 2.84146 6.43365 0 
2322 2.95523 6.41673 0 
2323 3.01248 1.43578 0 
2324 2.99801 1.60284 0 
2325 3.0141 1.41538 0 
2326 2.93184 1.64123 0 
2327 3.02597 1.60664 0 
2328 2.95461 1.61052 0 
2329 3.12511 1.74392 0 
2330 3.01571 1.78632 0 
2331 2.94295 1.99755 0 
2332 3.0728 2.03764 0 
2333 3.01239 2.05209 0 
2334 3.04195 1.97872 0 
2335 2.95013 2.0914 0 
2336 3.04129 2.13676 0 
2337 2.98608 2.24411 0 
2338 3.0265 2.23675 0 
2339 3.02684 2.20151 0 
2340 3.06801 2.45649 0 
2341 2.88018 2.49371 0 
2342 3.07664 2.58319 0 
2343 2.9556 2.69174 0 
2344 3.06059 2.63 0 
2345 3.09614 2.67626 0 
2346 3.02226 2.64703 0 
2347 3.09153 2.83109 0 
2348 3.08559 2.9285 0 
2349 3.0344 2.88662 0 
2350 2.97341 3.02225 0 
2351 3.01027 2.92233 0 
2352 2.99245 3.08509 0 
2353 3.02262 3.10995 0 
2354 3.0476 3.15769 0 
2355 3.02256 3.21854 0 
2356 3.16815 3.42083 0 
2357 2.99056 3.40007 0 
2358 2.98712 3.39551 0 
2359 3.06274 3.50997 0 
2360 2.9917 3.50466 0 
2361 3.02158 3.70586 0 
2362 2.98392 3.78017 0 
2363 2.9462 3.81084 0 
2364 3.08105 3.90298 0 
2365 3.01023 3.87327 0 
2366 2.91391 4.00038 0 
2367 3.09852 3.89871 0 
2368 2.99528 4.13372 0 
2369 3.02149 4.11818 0 
2370 2.98377 4.1399 0 
2371 3.02374 4.13825 0 
2372 2.98176 4.25472 0 
2373 3.02493 4.21526 0 
2374 3.00482 4.23238 0 
2375 3.02622 4.48963 0 
2376 3.04252 4.4302 0 
2377 2.95026 4.47064 0 
2378 3.07487 4.6047 0 
2379 2.97374 4.57957 0 
2380 3.04996 4.86375 0 
2381 2.97685 4.74836 0 
2382 2.91758 4.79683 0 
2383 3.0256 4.7408 0 
2384 3.05993 4.94878 0 
2385 2.85215 5.01343 0 
2386 2.87265 5.07967 0 
2387 3.04778 5.01104 0 
2388 3.029 5.11262 0 
2389 2.9732 5.23598 0 
2390 2.87438 5.30907 0 
2391 3.13923 5.29234 0 
2392 2.97428 5.35255 0 
2393 2.96985 5.3654 0 
2394 3.07807 5.52571 0 
2395 3.1175 5.54971 0 
2396 3.01428 5.64474 0 
2397 2.97886 5.67238 0 
2398 2.96453 5.78208 0 
2399 3.05486 5.74913 0 
2400 3.01383 5.84153 0 
2401 3.16964 5.86076 0 
2402 3.00943 5.82646 0 
2403 2.92768 6.06464 0 
2404 2.9688 6.23687 0 
2405 3.09985 6.11715 0 
2406 3.14901 6.30061 0 
2407 3.08664 6.16229 0 
2408 2.91838 6.2361 0 
2409 2.93445 6.23243 0 
2410 3.01248 6.41673 0 
2411 3.06974 1.43578 0 
2412 2.99477 1.47386 0 
2413 3.11805 1.50493 0 
2414 3.05692 1.59162 0 
2415 3.07802 1.57858 0 
2416 3.12201 1.73918 0 
2417 3.03419 1.84046 0 
2418 3.09356 1.76819 0 
2419 3.11634 1.83816 0 
2420 2.86799 2.04283 0 
2421 3.14452 1.98598 0 
2422 3.0455 2.0562 0 
2423 3.10165 2.14154 0 
2424 3.1211 2.22947 0 
2425 3.07583 2.23983 0 
2426 3.07324 2.25565 0 
2427 3.07253 2.41548 0 
2428 3.05582 2.41899 0 
2429 3.032 2.67843 0 
2430 3.2604 2.52143 0 
2431 3.13639 2.50682 0 
2432 3.08433 2.65835 0 
2433 3.13246 2.78188 0 
2434 3.12546 2.67358 0 
2435 3.06833 2.98093 0 
2436 3.07825 2.78504 0 
2437 3.02113 2.93399 0 
2438 2.95814 2.95649 0 
2439 3.11541 3.09652 0 
2440 3.06166 3.06668 0 
2441 3.02635 3.20262 0 
2442 2.93143 3.08641 0 
2443 3.16721 3.11663 0 
2444 3.21231 3.31583 0 
2445 3.08592 3.32746 0 
2446 2.99972 3.49543 0 
2447 3.06001 3.53727 0 
2448 3.08204 3.45321 0 
2449 3.06153 3.7232 0 
2450 3.01831 3.70223 0 
2451 3.06991 3.76002 0 
2452 3.08558 3.81039 0 
2453 3.04292 3.84716 0 
2454 3.07628 3.93822 0 
2455 3.1022 4.0156 0 
2456 2.98877 3.99325 0 
2457 3.10221 4.03241 0 
2458 3.04567 4.10624 0 
2459 3.08247 4.17287 0 
2460 3.09159 4.16664 0 
2461 3.10578 4.28445 0 
2462 3.11104 4.34029 0 
2463 3.05776 4.44944 0 
2464 3.17026 4.48547 0 
2465 3.13896 4.48115 0 
2466 3.16792 4.64623 0 
2467 3.08479 4.83417 0 
2468 3.17181 4.71341 0 
2469 3.1097 4.73914 0 
2470 3.11615 4.85894 0 
2471 3.06814 4.83236 0 
2472 3.09662 4.91448 0 
2473 3.00308 5.04283 0 
2474 3.03712 4.96734 0 
2475 2.87712 5.13572 0 
2476 3.11145 5.0496 0 
2477 3.07025 5.30704 0 
2478 3.06933 5.2806 0 
2479 3.08775 5.38184 0 
2480 3.11977 5.31155 0 
2481 3.15392 5.38668 0 
2482 3.20352 5.46694 0 
2483 3.02641 5.59584 0 
2484 3.06645 5.60641 0 
2485 3.07188 5.72269 0 
2486 3.04145 5.65605 0 
2487 3.1349 5.78398 0 
2488 2.95639 5.82194 0 
2489 3.11208 5.92608 0 
2490 3.10041 5.9267 0 
2491 3.05553 6.09966 0 
2492 3.12318 6.06306 0 
2493 3.15206 6.0443 0 
2494 3.00437 6.16896 0 
2495 3.0554 6.06073 0 
2496 3.00736 6.29354 0 
2497 3.21024 6.38297 0 
2498 3.06974 6.41673 0 
2499 3.12699 1.43578 0 
2500 3.21608 1.45692 0 
2501 3.038 1.54644 0 
2502 3.14993 1.60941 0 
2503 3.15697 1.61169 0 
2504 3.08485 1.72028 0 
2505 3.03326 1.81774 0 
2506 3.13281 1.80413 0 
2507 3.09107 1.93504 0 
2508 3.18553 1.92413 0 
2509 3.09161 2.00959 0 
2510 3.09421 2.14033 0 
2511 3.12678 2.22181 0 
2512 3.09415 2.18872 0 
2513 3.14482 2.29685 0 
2514 3.15367 2.37683 0 
2515 3.19043 2.28525 0 
2516 3.13155 2.52409 0 
2517 3.09651 2.41637 0 
2518 3.16751 2.44182 0 
2519 3.03797 2.52579 0 
2520 2.98377 2.68877 0 
2521 3.1598 2.62771 0 
2522 3.10104 2.70476 0 
2523 3.16578 2.74453 0 
2524 3.03458 2.85369 0 
2525 3.1081 2.88 0 
2526 3.10147 2.9545 0 
2527 3.16957 3.00153 0 
2528 3.18798 3.06302 0 
2529 3.17223 3.16742 0 
2530 3.11472 3.2243 0 
2531 3.06831 3.31223 0 
2532 3.08654 3.44208 0 
2533 3.15051 3.36743 0 
2534 3.24667 3.35383 0 
2535 3.14802 3.53211 0 
2536 3.03719 3.46099 0 
2537 3.0259 3.54893 0 
2538 3.07631 3.6316 0 
2539 3.18317 3.68709 0 
2540 3.09669 3.82138 0 
2541 3.10529 3.812 0 
2542 3.16624 3.91168 0 
2543 3.07767 4.03163 0 
2544 3.10738 3.97528 0 
2545 3.14009 4.14406 0 
2546 3.17207 4.05889 0 
2547 3.0192 4.0587 0 
2548 3.12578 4.24492 0 
2549 3.09265 4.18298 0 
2550 3.13819 4.39016 0 
2551 3.12908 4.30892 0 
2552 3.15154 4.29476 0 
2553 3.18162 4.48435 0 
2554 3.13204 4.5996 0 
2555 3.0116 4.76196 0 
2556 3.147 4.83715 0 
2557 3.15708 4.71949 0 
2558 3.16509 4.72807 0 
2559 3.11236 4.98686 0 
2560 3.13545 4.92846 0 
2561 3.09589 5.04744 0 
2562 3.25856 5.0613 0 
2563 3.16143 5.00687 0 
2564 3.09178 5.16972 0 
2565 3.16543 5.29665 0 
2566 2.99984 5.30998 0 
2567 3.12297 5.39205 0 
2568 3.14141 5.35046 0 
2569 3.17766 5.46757 0 
2570 3.13577 5.49394 0 
2571 3.0584 5.47631 0 
2572 3.1197 5.62804 0 
2573 3.12029 5.73376 0 
2574 3.17571 5.7974 0 
2575 3.18057 5.96646 0 
2576 3.12442 5.8236 0 
2577 3.14326 5.89718 0 
2578 3.06152 5.92771 0 
2579 3.1613 5.96898 0 
2580 3.10315 5.99406 0 
2581 3.1218 6.17068 0 
2582 3.07876 6.24043 0 
2583 3.12817 6.36736 0 
2584 3.0725 6.30912 0 
2585 3.15609 6.42264 0 
2586 3.12699 6.41673 0 
2587 3.18424 1.43578 0 
2588 3.17248 1.41068 0 
2589 3.17335 1.73368 0 
2590 3.24946 1.69055 0 
2591 3.31869 1.64139 0 
2592 3.14588 1.61223 0 
2593 3.16327 1.80013 0 
2594 3.10709 1.9168 0 
2595 3.18868 1.95535 0 
2596 3.24025 1.86688 0 
2597 3.24469 1.98405 0 
2598 3.2427 2.07029 0 
2599 3.2534 2.0308 0 
2600 3.16928 2.07255 0 
2601 3.12599 2.15095 0 
2602 3.25196 2.2715 0 
2603 3.20673 2.34825 0 
2604 3.14964 2.40294 0 
2605 3.12529 2.39988 0 
2606 3.21279 2.49433 0 
2607 3.13786 2.54687 0 
2608 3.17351 2.59823 0 
2609 3.27613 2.66933 0 
2610 3.11656 2.66798 0 
2611 3.19686 2.82989 0 
2612 3.12697 2.90286 0 
2613 3.10483 2.8784 0 
2614 3.12484 2.90154 0 
2615 3.14491 2.96646 0 
2616 3.22609 3.14305 0 
2617 3.17724 3.16315 0 
2618 3.22833 3.17597 0 
2619 3.18035 3.26813 0 
2620 3.07489 3.40659 0 
2621 3.29374 3.31812 0 
2622 3.21235 3.41984 0 
2623 3.14346 3.55 0 
2624 3.24029 3.46924 0 
2625 3.1897 3.39752 0 
2626 3.1359 3.76774 0 
2627 3.22695 3.68479 0 
2628 3.09346 3.83431 0 
2629 3.12073 3.77617 0 
2630 3.15271 3.91899 0 
2631 3.07393 3.9376 0 
2632 3.14639 3.91139 0 
2633 3.2979 4.29875 0 
2634 3.16575 4.01852 0 
2635 3.17656 4.15994 0 
2636 3.24449 4.20771 0 
2637 3.08812 4.36933 0 
2638 3.16504 4.32728 0 
2639 3.16612 4.47635 0 
2640 3.16092 4.49016 0 
2641 3.20546 4.54868 0 
2642 3.1953 4.52693 0 
2643 3.1921 4.61146 0 
2644 3.14092 4.63928 0 
2645 3.1329 4.63148 0 
2646 3.09206 4.80448 0 
2647 3.12719 4.85573 0 
2648 3.22556 4.98194 0 
2649 3.22291 4.97521 0 
2650 3.09425 5.19968 0 
2651 3.0647 5.0651 0 
2652 3.19496 5.07533 0 
2653 3.1891 5.25904 0 
2654 3.25561 5.24158 0 
2655 3.04205 5.4052 0 
2656 3.21756 5.33723 0 
2657 3.09636 5.44732 0 
2658 3.22083 5.50626 0 
2659 3.20183 5.49515 0 
2660 3.20832 5.67332 0 
2661 3.20489 5.73095 0 
2662 3.07728 5.76509 0 
2663 3.17046 5.83452 0 
2664 3.17038 5.77988 0 
2665 3.18339 5.8835 0 
2666 3.31401 5.86929 0 
2667 3.22558 6.05054 0 
2668 3.14866 6.00571 0 
2669 3.11728 6.06803 0 
2670 3.1721 6.21701 0 
2671 3.20547 6.26857 0 
2672 3.25458 6.4089 0 
2673 3.12736 6.39297 0 
2674 3.18424 6.41673 0 
2675 3.24149 1.43578 0 
2676 3.2293 1.46992 0 
2677 3.24622 1.49393 0 
2678 3.36846 1.61493 0 
2679 3.237 1.72969 0 
2680 3.17634 1.66718 0 
2681 3.16011 1.76182 0 
2682 3.20629 1.90442 0 
2683 3.22817 1.92682 0 
2684 3.2634 2.05596 0 
2685 3.3349 2.01151 0 
2686 3.11731 1.98272 0 
2687 3.20374 2.23887 0 
2688 3.26779 2.15592 0 
2689 3.14114 2.18228 0 
2690 3.14772 2.43244 0 
2691 3.25852 2.24974 0 
2692 3.22772 2.37134 0 
2693 3.17359 2.5889 0 
2694 3.29724 2.61744 0 
2695 3.20972 2.52018 0 
2696 3.30954 2.47229 0 
2697 3.2639 2.69767 0 
2698 3.10855 2.82364 0 
2699 3.18159 2.84445 0 
2700 3.19257 2.91437 0 
2701 3.3108 2.91338 0 
2702 3.19068 3.02267 0 
2703 3.21183 2.94751 0 
2704 3.26642 3.04477 0 
2705 3.17183 3.11176 0 
2706 3.33256 3.24355 0 
2707 3.32723 3.3789 0 
2708 3.14787 3.31291 0 
2709 3.12295 3.44599 0 
2710 3.22952 3.40805 0 
2711 3.24226 3.3555 0 
2712 3.20964 3.49236 0 
2713 3.25283 3.5831 0 
2714 3.22877 3.65753 0 
2715 3.27648 3.76674 0 
2716 3.28336 3.88209 0 
2717 3.20252 3.91218 0 
2718 3.19577 3.91041 0 
2719 3.29552 3.90816 0 
2720 3.21766 3.98004 0 
2721 3.25041 4.15088 0 
2722 3.20211 4.07109 0 
2723 3.26814 4.2061 0 
2724 3.29616 4.25884 0 
2725 3.25759 4.24019 0 
2726 3.24732 4.22091 0 
2727 3.24165 4.5002 0 
2728 3.183 4.4883 0 
2729 3.22529 4.62735 0 
2730 3.30789 4.71763 0 
2731 3.22326 4.60612 0 
2732 3.21307 4.6606 0 
2733 3.24338 4.87364 0 
2734 3.23631 4.78094 0 
2735 3.25686 4.8782 0 
2736 3.32935 4.91593 0 
2737 3.32788 4.91611 0 
2738 3.24884 5.13374 0 
2739 3.19008 5.12474 0 
2740 3.23668 5.16264 0 
2741 3.34097 5.11305 0 
2742 3.34097 5.2815 0 
2743 3.28232 5.47331 0 
2744 3.33264 5.43766 0 
2745 3.26041 5.43099 0 
2746 3.28035 5.49065 0 
2747 3.23302 5.57135 0 
2748 3.04272 5.77085 0 
2749 3.17003 5.59909 0 
2750 3.26032 5.76232 0 
2751 3.18287 5.81648 0 
2752 3.33787 5.77936 0 
2753 3.26428 5.82834 0 
2754 3.22623 6.05277 0 
2755 3.23083 6.02959 0 
2756 3.38003 6.22357 0 
2757 3.24551 6.18307 0 
2758 3.17759 6.25995 0 
2759 3.18346 6.26759 0 
2760 3.2911 6.43428 0 
2761 3.20086 6.30243 0 
2762 3.24149 6.41673 0 
2763 3.29875 1.43578 0 
2764 3.32712 1.51994 0 
2765 3.31901 1.60123 0 
2766 3.33168 1.61506 0 
2767 3.27381 1.57323 0 
2768 3.31312 1.76574 0 
2769 3.32875 1.70028 0 
2770 3.25823 1.81746 0 
2771 3.33355 1.9557 0 
2772 3.33614 1.78337 0 
2773 3.27233 2.02185 0 
2774 3.31443 2.13767 0 
2775 3.38087 2.07192 0 
2776 3.2478 2.13712 0 
2777 3.3091 2.04221 0 
2778 3.38593 2.21033 0 
2779 3.2494 2.34042 0 
2780 3.30615 2.39104 0 
2781 3.34437 2.43648 0 
2782 3.39115 2.52205 0 
2783 3.24926 2.63771 0 
2784 3.37294 2.67099 0 
2785 3.3484 2.65657 0 
2786 3.28393 2.76495 0 
2787 3.40488 2.84017 0 
2788 3.38085 2.8122 0 
2789 3.30588 2.89867 0 
2790 3.13359 2.91328 0 
2791 3.19246 2.97266 0 
2792 3.31957 3.03892 0 
2793 3.37256 3.10948 0 
2794 3.24024 3.19495 0 
2795 3.39481 3.22976 0 
2796 3.27842 3.32884 0 
2797 3.28648 3.48478 0 
2798 3.37614 3.56026 0 
2799 3.4011 3.40873 0 
2800 3.30128 3.48624 0 
2801 3.33269 3.71487 0 
2802 3.26039 3.69774 0 
2803 3.32061 3.69396 0 
2804 3.27324 3.65976 0 
2805 3.2341 3.88101 0 
2806 3.29118 3.91942 0 
2807 3.33342 4.02185 0 
2808 3.22624 3.96608 0 
2809 3.30938 4.1436 0 
2810 3.30914 4.15607 0 
2811 3.37244 4.09763 0 
2812 3.26834 4.2794 0 
2813 3.3026 4.25715 0 
2814 3.31094 4.32828 0 
2815 3.37472 4.43396 0 
2816 3.32839 4.49159 0 
2817 3.42225 4.42923 0 
2818 3.33757 4.52821 0 
2819 3.44132 4.6372 0 
2820 3.28348 4.79039 0 
2821 3.31005 4.89485 0 
2822 3.28512 4.87749 0 
2823 3.25507 4.82578 0 
2824 3.20541 4.91154 0 
2825 3.26784 4.96154 0 
2826 3.38912 5.03078 0 
2827 3.24692 5.10793 0 
2828 3.179 5.19176 0 
2829 3.29678 5.26507 0 
2830 3.29201 5.21541 0 
2831 3.27749 5.29592 0 
2832 3.24006 5.32787 0 
2833 3.24131 5.48239 0 
2834 3.2625 5.46413 0 
2835 3.33151 5.44022 0 
2836 3.28132 5.64879 0 
2837 3.34392 5.81291 0 
2838 3.33419 5.7736 0 
2839 3.28893 5.69024 0 
2840 3.24997 5.71287 0 
2841 3.35037 5.85577 0 
2842 3.37207 6.08561 0 
2843 3.2514 6.05939 0 
2844 3.31986 6.06291 0 
2845 3.20729 6.21033 0 
2846 3.21537 6.10922 0 
2847 3.35236 6.28636 0 
2848 3.40328 6.3263 0 
2849 3.50209 6.39556 0 
2850 3.29875 6.41673 0 
2851 3.356 1.43578 0 
2852 3.35698 1.48819 0 
2853 3.2871 1.56134 0 
2854 3.31041 1.60963 0 
2855 3.47769 1.7175 0 
2856 3.43695 1.79317 0 
2857 3.36785 1.87397 0 
2858 3.28201 1.74411 0 
2859 3.31395 1.93808 0 
2860 3.30104 2.0329 0 
2861 3.33127 1.94629 0 
2862 3.32174 1.97426 0 
2863 3.33489 2.15075 0 
2864 3.24243 2.12253 0 
2865 3.25778 2.28495 0 
2866 3.38077 2.36045 0 
2867 3.31108 2.47304 0 
2868 3.3364 2.48401 0 
2869 3.3774 2.39576 0 
2870 3.31384 2.57891 0 
2871 3.45799 2.60546 0 
2872 3.40024 2.63241 0 
2873 3.31096 2.71976 0 
2874 3.31121 2.68993 0 
2875 3.34333 2.84753 0 
2876 3.26046 2.84838 0 
2877 3.45934 2.80721 0 
2878 3.26577 3.0117 0 
2879 3.40552 3.02396 0 
2880 3.46365 3.14538 0 
2881 3.40491 3.09643 0 
2882 3.32764 3.24792 0 
2883 3.34427 3.23568 0 
2884 3.3337 3.31215 0 
2885 3.36214 3.43369 0 
2886 3.46626 3.50507 0 
2887 3.2964 3.44808 0 
2888 3.37937 3.43284 0 
2889 3.36903 3.53986 0 
2890 3.38554 3.73242 0 
2891 3.44184 3.71135 0 
2892 3.28006 3.88359 0 
2893 3.40785 3.90258 0 
2894 3.35292 4.0069 0 
2895 3.41963 4.04439 0 
2896 3.40932 3.98639 0 
2897 3.37312 4.20208 0 
2898 3.29992 4.18298 0 
2899 3.30807 4.24848 0 
2900 3.43245 4.17638 0 
2901 3.24273 4.25921 0 
2902 3.4047 4.32844 0 
2903 3.48418 4.43697 0 
2904 3.36993 4.43371 0 
2905 3.41583 4.52738 0 
2906 3.30858 4.58973 0 
2907 3.33577 4.60674 0 
2908 3.4167 4.72835 0 
2909 3.29732 4.72896 0 
2910 3.39222 4.7453 0 
2911 3.37532 4.93802 0 
2912 3.2479 5.00769 0 
2913 3.36882 4.92565 0 
2914 3.37025 5.08523 0 
2915 3.33456 5.03153 0 
2916 3.34116 5.20008 0 
2917 3.2388 5.18919 0 
2918 3.49762 5.34915 0 
2919 3.2567 5.31025 0 
2920 3.26985 5.39582 0 
2921 3.33012 5.34283 0 
2922 3.24112 5.56537 0 
2923 3.37792 5.55372 0 
2924 3.34428 5.58914 0 
2925 3.39412 5.7024 0 
2926 3.31953 5.63078 0 
2927 3.36366 5.75412 0 
2928 3.39291 5.67728 0 
2929 3.36289 5.89426 0 
2930 3.45277 6.04712 0 
2931 3.30973 6.12941 0 
2932 3.31245 6.03108 0 
2933 3.29976 6.07631 0 
2934 3.30012 6.2028 0 
2935 3.3195 6.28484 0 
2936 3.45694 6.21181 0 
2937 3.42353 6.43659 0 
2938 3.356 6.41673 0 
2939 3.41325 1.43578 0 
2940 3.40143 1.59046 0 
2941 3.3414 1.53465 0 
2942 3.38733 1.52423 0 
2943 3.44761 1.74873 0 
2944 3.42185 1.72149 0 
2945 3.42939 1.7232 0 
2946 3.20396 1.90461 0 
2947 3.4248 1.9382 0 
2948 3.4841 2.00432 0 
2949 3.47165 2.04216 0 
2950 3.37816 1.94334 0 
2951 3.43964 2.19234 0 
2952 3.51319 2.11986 0 
2953 3.55146 2.29792 0 
2954 3.29401 2.35392 0 
2955 3.34497 2.44149 0 
2956 3.33415 2.43264 0 
2957 3.33631 2.35291 0 
2958 3.43259 2.41508 0 
2959 3.42928 2.61363 0 
2960 3.41363 2.77152 0 
2961 3.4992 2.69849 0 
2962 3.33812 2.81136 0 
2963 3.37638 2.73906 0 
2964 3.43582 2.81797 0 
2965 3.35058 3.0308 0 
2966 3.497 2.93677 0 
2967 3.39486 3.02974 0 
2968 3.34693 3.00138 0 
2969 3.48199 3.11791 0 
2970 3.37053 3.34187 0 
2971 3.41859 3.18596 0 
2972 3.38401 3.26724 0 
2973 3.46229 3.32053 0 
2974 3.38317 3.49096 0 
2975 3.48544 3.51241 0 
2976 3.41135 3.51447 0 
2977 3.39532 3.61286 0 
2978 3.35769 3.76085 0 
2979 3.56665 3.7223 0 
2980 3.38866 3.7468 0 
2981 3.40441 3.93556 0 
2982 3.44838 3.91447 0 
2983 3.34512 3.97689 0 
2984 3.45137 4.0533 0 
2985 3.42854 4.0467 0 
2986 3.45832 4.26294 0 
2987 3.39985 4.23396 0 
2988 3.37761 4.27618 0 
2989 3.35856 4.26332 0 
2990 3.42639 4.27104 0 
2991 3.38623 4.45812 0 
2992 3.37036 4.44978 0 
2993 3.45534 4.57543 0 
2994 3.45116 4.54346 0 
2995 3.33498 4.73681 0 
2996 3.35661 4.66282 0 
2997 3.39466 4.76034 0 
2998 3.37311 4.79669 0 
2999 3.30079 4.90501 0 
3000 3.34646 4.99242 0 
3001 3.42595 4.97617 0 
3002 3.42789 5.05379 0 
3003 3.35536 5.0187 0 
3004 3.40184 5.17064 0 
3005 3.47287 5.14996 0 
3006 3.34179 5.32773 0 
3007 3.4333 5.35444 0 
3008 3.4225 5.39938 0 
3009 3.33285 5.50727 0 
3010 3.46251 5.46757 0 
3011 3.49566 5.67477 0 
3012 3.46521 5.65521 0 
3013 3.49143 5.4799 0 
3014 3.3496 5.81863 0 
3015 3.33099 5.79465 0 
3016 3.38778 5.89374 0 
3017 3.40758 5.851 0 
3018 3.3393 5.92684 0 
3019 3.36229 5.96104 0 
3020 3.48048 6.10071 0 
3021 3.42059 6.26228 0 
3022 3.41469 6.22337 0 
3023 3.37482 6.15568 0 
3024 3.38825 6.40301 0 
3025 3.44887 6.36382 0 
3026 3.41325 6.41673 0 
3027 3.4705 1.43578 0 
3028 3.55553 1.51778 0 
3029 3.42711 1.60888 0 
3030 3.57962 1.63873 0 
3031 3.44605 1.73501 0 
3032 3.57973 1.76638 0 
3033 3.53132 1.68812 0 
3034 3.33166 1.82635 0 
3035 3.46581 1.90739 0 
3036 3.5489 1.98473 0 
3037 3.38736 2.03741 0 
3038 3.53729 2.00971 0 
3039 3.46736 2.13161 0 
3040 3.4823 2.05077 0 
3041 3.48124 2.13492 0 
3042 3.51104 2.28623 0 
3043 3.43559 2.27587 0 
3044 3.42858 2.37392 0 
3045 3.42071 2.37788 0 
3046 3.53246 2.41251 0 
3047 3.53445 2.45997 0 
3048 3.60411 2.70134 0 
3049 3.36693 2.75939 0 
3050 3.56274 2.71398 0 
3051 3.56223 2.7196 0 
3052 3.41908 2.87084 0 
3053 3.51191 3.01111 0 
3054 3.45734 2.97705 0 
3055 3.47407 3.03689 0 
3056 3.50169 3.14564 0 
3057 3.34209 3.05976 0 
3058 3.50631 3.08413 0 
3059 3.40965 3.31808 0 
3060 3.49973 3.39357 0 
3061 3.5315 3.34537 0 
3062 3.54954 3.42232 0 
3063 3.47752 3.50724 0 
3064 3.48077 3.49478 0 
3065 3.45582 3.84727 0 
3066 3.51479 3.67374 0 
3067 3.43033 3.57856 0 
3068 3.40721 3.81826 0 
3069 3.42943 3.84972 0 
3070 3.52816 3.84762 0 
3071 3.55316 3.98127 0 
3072 3.47651 4.09796 0 
3073 3.44351 4.07498 0 
3074 3.41779 4.13702 0 
3075 3.56458 4.22725 0 
3076 3.61977 4.22471 0 
3077 3.48367 4.33626 0 
3078 3.49035 4.40183 0 
3079 3.48606 4.3716 0 
3080 3.45286 4.49315 0 
3081 3.39112 4.59029 0 
3082 3.37962 4.54548 0 
3083 3.52792 4.69283 0 
3084 3.5571 4.74 0 
3085 3.4998 4.75715 0 
3086 3.52048 4.80167 0 
3087 3.44209 4.76129 0 
3088 3.42819 4.88194 0 
3089 3.47465 4.9208 0 
3090 3.52261 5.04017 0 
3091 3.46421 4.99013 0 
3092 3.36834 5.10907 0 
3093 3.61196 5.18609 0 
3094 3.51867 5.30412 0 
3095 3.49695 5.39496 0 
3096 3.52162 5.38337 0 
3097 3.49465 5.47653 0 
3098 3.49243 5.44866 0 
3099 3.5171 5.50885 0 
3100 3.48855 5.62238 0 
3101 3.50472 5.65374 0 
3102 3.4364 5.71031 0 
3103 3.45793 5.72034 0 
3104 3.49171 5.92392 0 
3105 3.30967 5.91172 0 
3106 3.46447 6.0499 0 
3107 3.63102 6.10375 0 
3108 3.46225 6.03607 0 
3109 3.48128 6.14104 0 
3110 3.42888 6.16599 0 
3111 3.52479 6.25754 0 
3112 3.46209 6.1978 0 
3113 3.44718 6.41023 0 
3114 3.4705 6.41673 0 
3115 3.52776 1.43578 0 
3116 3.53682 1.50005 0 
3117 3.53289 1.59162 0 
3118 3.61093 1.62406 0 
3119 3.55989 1.61171 0 
3120 3.54927 1.76918 0 
3121 3.41219 1.75813 0 
3122 3.41759 1.85006 0 
3123 3.45849 1.8392 0 
3124 3.50787 2.03225 0 
3125 3.61073 2.06394 0 
3126 3.53684 2.07087 0 
3127 3.50398 2.0893 0 
3128 3.55738 2.1879 0 
3129 3.50615 2.20914 0 
3130 3.63706 2.32014 0 
3131 3.42953 2.34071 0 
3132 3.4463 2.3991 0 
3133 3.45518 2.43805 0 
3134 3.52703 2.58338 0 
3135 3.5348 2.50329 0 
3136 3.46786 2.57394 0 
3137 3.49938 2.6667 0 
3138 3.57671 2.74297 0 
3139 3.3894 2.78036 0 
3140 3.4269 2.84545 0 
3141 3.56189 2.9926 0 
3142 3.60054 2.89968 0 
3143 3.5715 2.99911 0 
3144 3.48183 3.0901 0 
3145 3.48563 3.18642 0 
3146 3.54485 3.18883 0 
3147 3.53143 3.24864 0 
3148 3.4787 3.31389 0 
3149 3.49415 3.43724 0 
3150 3.5233 3.4995 0 
3151 3.58824 3.48841 0 
3152 3.65866 3.51711 0 
3153 3.58126 3.72565 0 
3154 3.46239 3.62334 0 
3155 3.48008 3.74483 0 
3156 3.50321 3.79708 0 
3157 3.46499 3.81715 0 
3158 3.46925 3.78881 0 
3159 3.52692 3.91646 0 
3160 3.59864 3.98959 0 
3161 3.56204 4.00566 0 
3162 3.50414 4.22912 0 
3163 3.60136 4.09544 0 
3164 3.53261 4.28728 0 
3165 3.55411 4.2857 0 
3166 3.49071 4.45984 0 
3167 3.52355 4.3926 0 
3168 3.54329 4.40059 0 
3169 3.49837 4.54133 0 
3170 3.49949 4.60566 0 
3171 3.48735 4.52207 0 
3172 3.64251 4.65642 0 
3173 3.52776 4.75641 0 
3174 3.52776 4.81367 0 
3175 3.52776 4.87092 0 
3176 3.52776 4.92817 0 
3177 3.52776 4.98542 0 
3178 3.52776 5.04268 0 
3179 3.52776 5.09993 0 
3180 3.52776 5.15718 0 
3181 3.52776 5.21443 0 
3182 3.52776 5.27169 0 
3183 3.52776 5.32894 0 
3184 3.52776 5.38619 0 
3185 3.52776 5.44344 0 
3186 3.52776 5.5007 0 
3187 3.52776 5.55795 0 
3188 3.52776 5.6152 0 
3189 3.52776 5.67245 0 
3190 3.52776 5.7297 0 
3191 3.52776 5.78696 0 
3192 3.52776 5.84421 0 
3193 3.52776 5.90146 0 
3194 3.52776 5.95871 0 
3195 3.52776 6.01596 0 
3196 3.52776 6.07322 0 
3197 3.52776 6.13047 0 
3198 3.52776 6.18772 0 
3199 3.52776 6.24498 0 
3200 3.52776 6.30223 0 
3201 3.52776 6.35948 0 
3202 3.52776 6.41673 0 
3203 3.58501 1.43578 0 
3204 3.49091 1.48772 0 
3205 3.53636 1.47322 0 
3206 3.61793 1.5785 0 
3207 3.42225 1.63635 0 
3208 3.63672 1.79979 0 
3209 3.57356 1.8066 0 
3210 3.61698 1.88755 0 
3211 3.44985 1.8923 0 
3212 3.63201 1.97043 0 
3213 3.6478 1.96641 0 
3214 3.68314 2.14783 0 
3215 3.62516 2.08582 0 
3216 3.68602 2.15687 0 
3217 3.76098 2.30636 0 
3218 3.63592 2.28597 0 
3219 3.57601 2.35785 0 
3220 3.59712 2.42679 0 
3221 3.70033 2.57347 0 
3222 3.61878 2.50505 0 
3223 3.56937 2.54496 0 
3224 3.59964 2.61865 0 
3225 3.54718 2.74512 0 
3226 3.61362 2.72271 0 
3227 3.56167 2.79631 0 
3228 3.57156 2.83392 0 
3229 3.62482 2.95243 0 
3230 3.61454 3.09456 0 
3231 3.5937 3.08059 0 
3232 3.63625 3.12469 0 
3233 3.67286 3.1343 0 
3234 3.57111 3.09325 0 
3235 3.55556 3.3099 0 
3236 3.50471 3.31858 0 
3237 3.48639 3.37188 0 
3238 3.56994 3.37368 0 
3239 3.60589 3.5494 0 
3240 3.55728 3.46561 0 
3241 3.72943 3.64111 0 
3242 3.59706 3.74535 0 
3243 3.55872 3.71125 0 
3244 3.53603 3.77271 0 
3245 3.67878 3.83749 0 
3246 3.58819 3.86867 0 
3247 3.56546 3.96048 0 
3248 3.61457 4.02114 0 
3249 3.55495 4.14906 0 
3250 3.55772 4.2243 0 
3251 3.60398 4.21507 0 
3252 3.63634 4.2817 0 
3253 3.60884 4.27608 0 
3254 3.56724 4.21947 0 
3255 3.67381 4.55979 0 
3256 3.68522 4.56105 0 
3257 3.45762 4.54413 0 
3258 3.65798 4.56275 0 
3259 3.59941 4.59605 0 
3260 3.5564 4.68372 0 
3261 3.58501 4.75641 0 
3262 3.64226 1.43578 0 
3263 3.64226 1.49303 0 
3264 3.64226 1.55028 0 
3265 3.64226 1.60754 0 
3266 3.64226 1.66479 0 
3267 3.64226 1.72204 0 
3268 3.64226 1.77929 0 
3269 3.64226 1.83655 0 
3270 3.64226 1.8938 0 
3271 3.64226 1.95105 0 
3272 3.64226 2.0083 0 
3273 3.64226 2.06556 0 
3274 3.64226 2.12281 0 
3275 3.64226 2.18006 0 
3276 3.64226 2.23731 0 
3277 3.64226 2.29456 0 
3278 3.64226 2.35182 0 
3279 3.64226 2.40907 0 
3280 3.64226 2.46632 0 
3281 3.64226 2.52357 0 
3282 3.64226 2.58083 0 
3283 3.64226 2.63808 0 
3284 3.64226 2.69533 0 
3285 3.64226 2.75258 0 
3286 3.64226 2.80984 0 
3287 3.64226 2.86709 0 
3288 3.64226 2.92434 0 
3289 3.64226 2.98159 0 
3290 3.64226 3.03885 0 
3291 3.64226 3.0961 0 
3292 3.64226 3.15335 0 
3293 3.64226 3.2106 0 
3294 3.64226 3.26785 0 
3295 3.64226 3.32511 0 
3296 3.64226 3.38236 0 
3297 3.64226 3.43961 0 
3298 3.64226 3.49686 0 
3299 3.64226 3.55412 0 
3300 3.64226 3.61137 0 
3301 3.64226 3.66862 0 
3302 3.64226 3.72587 0 
3303 3.64226 3.78312 0 
3304 3.66976 3.84706 0 
3305 3.60874 3.84178 0 
3306 3.57153 3.94485 0 
3307 3.60335 4.00834 0 
3308 3.65854 4.07667 0 
3309 3.56685 4.05053 0 
3310 3.59729 4.3505 0 
3311 3.60393 4.33984 0 
3312 3.64484 4.2397 0 
3313 3.59659 4.30026 0 
3314 3.71101 4.38511 0 
3315 3.67057 4.57729 0 
3316 3.6645 4.61578 0 
3317 3.67977 4.56509 0 
3318 3.66175 4.65275 0 
3319 3.58221 4.73292 0 
3320 3.64226 4.75641 0 
3321 3.69951 3.78312 0 
3322 3.75802 3.92858 0 
3323 3.67722 3.87044 0 
3324 3.56733 4.04082 0 
3325 3.74191 4.1167 0 
3326 3.79378 4.10589 0 
3327 3.61875 4.13081 0 
3328 3.62768 4.18177 0 
3329 3.70572 4.28065 0 
3330 3.74652 4.44272 0 
3331 3.60148 4.30158 0 
3332 3.5924 4.48564 0 
3333 3.62856 4.43369 0 
3334 3.7769 4.58744 0 
3335 3.71142 4.53047 0 
3336 3.56355 4.54961 0 
3337 3.73749 4.59686 0 
3338 3.69951 4.75641 0 
3339 3.75676 3.78312 0 
3340 3.87543 3.8691 0 
3341 3.69179 3.76177 0 
3342 3.7742 3.85979 0 
3343 3.76379 4.06673 0 
3344 3.73831 4.06914 0 
3345 3.60293 4.12035 0 
3346 3.6774 4.19749 0 
3347 3.82412 4.26234 0 
3348 3.71288 4.24806 0 
3349 3.78065 4.34971 0 
3350 3.75887 4.44199 0 
3351 3.84083 4.48292 0 
3352 3.65452 4.48656 0 
3353 3.81653 4.70249 0 
3354 3.7604 4.59267 0 
3355 3.70005 4.62993 0 
3356 3.75676 4.75641 0 
3357 3.81402 3.78312 0 
3358 3.72583 3.86323 0 
3359 3.84682 4.00354 0 
3360 3.74715 4.11398 0 
3361 3.79989 4.14607 0 
3362 3.79928 3.91694 0 
3363 3.89528 4.17721 0 
3364 3.68909 4.2093 0 
3365 3.73748 4.13885 0 
3366 3.79015 4.36684 0 
3367 3.87824 4.33596 0 
3368 3.73749 4.47701 0 
3369 3.67501 4.40077 0 
3370 3.83936 4.49694 0 
3371 3.76339 4.58595 0 
3372 3.7884 4.55325 0 
3373 3.93922 4.73009 0 
3374 3.81402 4.75641 0 
3375 3.87127 3.78312 0 
3376 3.8782 3.8194 0 
3377 3.8713 3.88887 0 
3378 3.86375 3.98324 0 
3379 3.87974 3.98954 0 
3380 3.88173 3.98542 0 
3381 3.8692 4.1721 0 
3382 3.76776 4.15673 0 
3383 3.94222 4.29875 0 
3384 3.83272 4.2869 0 
3385 3.94904 4.33343 0 
3386 3.90198 4.41726 0 
3387 3.93144 4.5768 0 
3388 3.80083 4.43971 0 
3389 3.87655 4.48376 0 
3390 3.89484 4.60774 0 
3391 3.97798 4.69324 0 
3392 3.87127 4.75641 0 
3393 3.92852 3.78312 0 
3394 3.90517 3.83217 0 
3395 3.97987 3.88965 0 
3396 3.90141 3.94701 0 
3397 3.79706 4.08111 0 
3398 3.88611 4.11569 0 
3399 3.99545 4.2305 0 
3400 3.89861 4.14451 0 
3401 3.87487 4.18793 0 
3402 3.90127 4.50025 0 
3403 3.91734 4.35581 0 
3404 3.93789 4.32528 0 
3405 3.95361 4.46688 0 
3406 3.87459 4.69726 0 
3407 3.90375 4.55904 0 
3408 3.88187 4.72608 0 
3409 3.91452 4.75503 0 
3410 3.92852 4.75641 0 
3411 3.98577 3.78312 0 
3412 4.12834 3.819 0 
3413 3.96567 3.81318 0 
3414 4.02195 3.96358 0 
3415 3.95844 4.01797 0 
3416 3.84619 4.08173 0 
3417 3.9068 4.14179 0 
3418 4.01324 4.25016 0 
3419 4.04425 4.20096 0 
3420 4.01731 4.20203 0 
3421 3.90085 4.41828 0 
3422 3.93122 4.50449 0 
3423 3.89803 4.53139 0 
3424 4.01325 4.50011 0 
3425 3.99098 4.44163 0 
3426 4.07659 4.6457 0 
3427 4.05559 4.74003 0 
3428 3.98577 4.75641 0 
3429 4.04303 3.78312 0 
3430 4.09823 3.87429 0 
3431 4.07972 3.86019 0 
3432 3.9983 4.1542 0 
3433 4.15892 4.05467 0 
3434 4.09854 3.99448 0 
3435 4.02185 4.09193 0 
3436 4.06342 4.25167 0 
3437 4.01943 4.21154 0 
3438 4.04426 4.29212 0 
3439 4.02646 4.425 0 
3440 4.12704 4.39513 0 
3441 4.04957 4.4718 0 
3442 4.0668 4.49549 0 
3443 4.00591 4.5962 0 
3444 4.14946 4.706 0 
3445 4.02951 4.61223 0 
3446 4.04303 4.75641 0 
3447 4.10028 3.78312 0 
3448 4.18007 3.828 0 
3449 4.11806 3.87409 0 
3450 4.0695 3.94915 0 
3451 4.15186 3.98777 0 
3452 4.11164 3.95121 0 
3453 4.07165 4.20093 0 
3454 4.09482 4.18821 0 
3455 4.06767 4.23209 0 
3456 4.10204 4.31812 0 
3457 4.09449 4.34862 0 
3458 4.17682 4.42349 0 
3459 4.12987 4.48887 0 
3460 4.04236 4.5544 0 
3461 4.00904 4.49196 0 
3462 4.12236 4.7113 0 
3463 4.00124 4.81381 0 
3464 4.10028 4.75641 0 
3465 4.15753 3.78312 0 
3466 4.14367 3.82429 0 
3467 4.10935 3.92329 0 
3468 4.18658 3.94535 0 
3469 4.12113 3.9543 0 
3470 4.17833 4.06906 0 
3471 4.05676 4.13794 0 
3472 4.2544 4.31792 0 
3473 4.13456 4.20966 0 
3474 4.10455 4.30997 0 
3475 4.21798 4.25651 0 
3476 4.2663 4.41776 0 
3477 4.19361 4.53035 0 
3478 4.17096 4.5086 0 
3479 4.19392 4.68391 0 
3480 4.14521 4.65148 0 
3481 4.16629 4.70346 0 
3482 4.15753 4.75641 0 
3483 4.21478 3.78312 0 
3484 4.22661 3.91575 0 
3485 4.0577 3.92749 0 
3486 4.37492 3.88214 0 
3487 4.12158 4.02395 0 
3488 4.21973 4.08554 0 
3489 4.27329 4.04499 0 
3490 4.24371 4.17731 0 
3491 4.20281 4.33298 0 
3492 4.27564 4.22253 0 
3493 4.24581 4.37539 0 
3494 4.21376 4.40689 0 
3495 4.21197 4.45461 0 
3496 4.16108 4.6212 0 
3497 4.23736 4.58057 0 
3498 4.25046 4.59309 0 
3499 4.16817 4.71995 0 
3500 4.21478 4.75641 0 
3501 4.27204 3.78312 0 
3502 4.19605 3.78342 0 
3503 4.2896 3.91882 0 
3504 4.35258 4.01921 0 
3505 4.22669 4.00776 0 
3506 4.31869 4.06755 0 
3507 4.32456 4.16704 0 
3508 4.20929 4.31632 0 
3509 4.26241 4.25921 0 
3510 4.31134 4.29244 0 
3511 4.35429 4.28529 0 
3512 4.21805 4.46223 0 
3513 4.21577 4.46409 0 
3514 4.27124 4.52102 0 
3515 4.31246 4.45598 0 
3516 4.22602 4.63957 0 
3517 4.33682 4.60684 0 
3518 4.27204 4.75641 0 
3519 4.32929 3.78312 0 
3520 4.28012 3.72303 0 
3521 4.23031 3.89197 0 
3522 4.30294 3.94284 0 
3523 4.30188 4.025 0 
3524 4.3617 4.01765 0 
3525 4.30551 4.08561 0 
3526 4.37559 4.23105 0 
3527 4.26405 4.20012 0 
3528 4.43918 4.29931 0 
3529 4.25177 4.2818 0 
3530 4.25522 4.52456 0 
3531 4.41041 4.58147 0 
3532 4.39882 4.48841 0 
3533 4.28812 4.55625 0 
3534 4.26003 4.63626 0 
3535 4.31256 4.59133 0 
3536 4.32929 4.75641 0 
3537 4.38654 3.78312 0 
3538 4.28865 3.82979 0 
3539 4.42856 3.86523 0 
3540 4.35222 3.90535 0 
3541 4.36856 4.04453 0 
3542 4.52083 4.04862 0 
3543 4.49047 4.20033 0 
3544 4.40796 4.25037 0 
3545 4.43371 4.20019 0 
3546 4.48995 4.34446 0 
3547 4.34053 4.34292 0 
3548 4.45761 4.50582 0 
3549 4.27064 4.46991 0 
3550 4.33239 4.46745 0 
3551 4.32187 4.57657 0 
3552 4.4437 4.63571 0 
3553 4.30298 4.76585 0 
3554 4.38654 4.75641 0 
3555 4.44379 3.78312 0 
3556 4.47942 3.81111 0 
3557 4.4415 3.9369 0 
3558 4.43676 3.81698 0 
3559 4.39137 4.01991 0 
3560 4.46025 4.08726 0 
3561 4.37788 4.0586 0 
3562 4.43587 4.16199 0 
3563 4.39852 4.21839 0 
3564 4.41671 4.40486 0 
3565 4.54505 4.34536 0 
3566 4.48762 4.38548 0 
3567 4.38627 4.49875 0 
3568 4.47816 4.58211 0 
3569 4.39459 4.63923 0 
3570 4.47014 4.54653 0 
3571 4.53506 4.67129 0 
3572 4.44379 4.75641 0 
3573 4.50104 3.78312 0 
3574 4.35092 3.86043 0 
3575 4.52397 3.97516 0 
3576 4.46989 3.9581 0 
3577 4.53597 3.88981 0 
3578 4.53676 4.02251 0 
3579 4.44607 4.17845 0 
3580 4.60225 4.29554 0 
3581 4.45356 4.14298 0 
3582 4.48048 4.44503 0 
3583 4.53829 4.44577 0 
3584 4.51596 4.41414 0 
3585 4.51725 4.48205 0 
3586 4.45262 4.45104 0 
3587 4.46307 4.55907 0 
3588 4.53769 4.58276 0 
3589 4.37256 4.70188 0 
3590 4.50104 4.75641 0 
3591 4.5583 3.78312 0 
3592 4.51951 3.91974 0 
3593 4.50758 3.95907 0 
3594 4.59589 3.99083 0 
3595 4.62498 4.01997 0 
3596 4.63579 3.94996 0 
3597 4.62732 4.18301 0 
3598 4.63404 4.2023 0 
3599 4.4841 4.25599 0 
3600 4.52856 4.20957 0 
3601 4.58892 4.37685 0 
3602 4.52596 4.3987 0 
3603 4.47739 4.50009 0 
3604 4.53756 4.5054 0 
3605 4.62604 4.62666 0 
3606 4.52493 4.66126 0 
3607 4.54492 4.64497 0 
3608 4.5583 4.75641 0 
3609 4.61555 3.78312 0 
3610 4.54949 3.86842 0 
3611 4.52129 4.01491 0 
3612 4.61513 3.8993 0 
3613 4.75653 3.98589 0 
3614 4.66494 4.09881 0 
3615 4.67807 4.30274 0 
3616 4.68098 4.15477 0 
3617 4.62887 4.29428 0 
3618 4.56795 4.30369 0 
3619 4.75624 4.33809 0 
3620 4.67785 4.40826 0 
3621 4.4955 4.5719 0 
3622 4.59625 4.57207 0 
3623 4.5466 4.60708 0 
3624 4.63629 4.79652 0 
3625 4.48435 4.53101 0 
3626 4.61555 4.75641 0 
3627 4.6728 3.78312 0 
3628 4.6728 3.84038 0 
3629 4.6728 3.89763 0 
3630 4.6728 3.95488 0 
3631 4.6728 4.01214 0 
3632 4.6728 4.06939 0 
3633 4.6728 4.12664 0 
3634 4.6728 4.18389 0 
3635 4.6728 4.24114 0 
3636 4.6728 4.2984 0 
3637 4.6728 4.35565 0 
3638 4.6728 4.4129 0 
3639 4.6728 4.47015 0 
3640 4.6728 4.5274 0 
3641 4.6728 4.58466 0 
3642 4.6728 4.64191 0 
3643 4.6728 4.69916 0 
3644 4.6728 4.75641 0 
