0 -0.537159 3.72587 0 
1 -0.537159 3.78312 0 
2 -0.537159 3.84038 0 
3 -0.537159 3.89763 0 
4 -0.537159 3.95488 0 
5 -0.537159 4.01214 0 
6 -0.537159 4.06939 0 
7 -0.537159 4.12664 0 
8 -0.537159 4.18389 0 
9 -0.537159 4.24114 0 
10 -0.537159 4.2984 0 
11 -0.537159 4.35565 0 
12 -0.537159 4.4129 0 
13 -0.537159 4.47015 0 
14 -0.537159 4.5274 0 
15 -0.479907 3.72587 0 
16 2.06782 3.92625 0 
17 2.06782 3.92625 0 
18 2.06782 3.92625 0 
19 2.06782 3.92625 0 
20 2.06782 3.92625 0 
21 2.06782 3.92625 0 
22 2.06782 3.92625 0 
23 2.06782 3.92625 0 
24 2.06782 3.92625 0 
25 2.06782 3.92625 0 
26 2.06782 3.92625 0 
27 2.06782 3.92625 0 
28 2.06782 3.92625 0 
29 -0.479907 4.5274 0 
30 -0.422654 3.72587 0 
31 2.06782 3.92625 0 
32 2.06782 3.92625 0 
33 2.06782 3.92625 0 
34 2.06782 3.92625 0 
35 2.06782 3.92625 0 
36 2.06782 3.92625 0 
37 2.06782 3.92625 0 
38 2.06782 3.92625 0 
39 2.06782 3.92625 0 
40 2.06782 3.92625 0 
41 2.06782 3.92625 0 
42 2.06782 3.92625 0 
43 2.06782 3.92625 0 
44 -0.422654 4.5274 0 
45 -0.365402 3.72587 0 
46 2.06782 3.92625 0 
47 2.06782 3.92625 0 
48 2.06782 3.92625 0 
49 2.06782 3.92625 0 
50 2.06782 3.92625 0 
51 2.06782 3.92625 0 
52 2.06782 3.92625 0 
53 2.06782 3.92625 0 
54 2.06782 3.92625 0 
55 2.06782 3.92625 0 
56 2.06782 3.92625 0 
57 2.06782 3.92625 0 
58 2.06782 3.92625 0 
59 -0.365402 4.5274 0 
60 -0.30815 3.72587 0 
61 2.06782 3.92625 0 
62 2.06782 3.92625 0 
63 2.06782 3.92625 0 
64 2.06782 3.92625 0 
65 2.06782 3.92625 0 
66 2.06782 3.92625 0 
67 2.06782 3.92625 0 
68 2.06782 3.92625 0 
69 2.06782 3.92625 0 
70 2.06782 3.92625 0 
71 2.06782 3.92625 0 
72 2.06782 3.92625 0 
73 2.06782 3.92625 0 
74 -0.30815 4.5274 0 
75 -0.250897 3.72587 0 
76 2.06782 3.92625 0 
77 2.06782 3.92625 0 
78 2.06782 3.92625 0 
79 2.06782 3.92625 0 
80 2.06782 3.92625 0 
81 2.06782 3.92625 0 
82 2.06782 3.92625 0 
83 2.06782 3.92625 0 
84 2.06782 3.92625 0 
85 2.06782 3.92625 0 
86 2.06782 3.92625 0 
87 2.06782 3.92625 0 
88 2.06782 3.92625 0 
89 -0.250897 4.5274 0 
90 -0.193645 3.72587 0 
91 2.06782 3.92625 0 
92 2.06782 3.92625 0 
93 2.06782 3.92625 0 
94 2.06782 3.92625 0 
95 2.06782 3.92625 0 
96 2.06782 3.92625 0 
97 2.06782 3.92625 0 
98 2.06782 3.92625 0 
99 2.06782 3.92625 0 
100 2.06782 3.92625 0 
101 2.06782 3.92625 0 
102 2.06782 3.92625 0 
103 2.06782 3.92625 0 
104 -0.193645 4.5274 0 
105 -0.136393 3.72587 0 
106 2.06782 3.92625 0 
107 2.06782 3.92625 0 
108 2.06782 3.92625 0 
109 2.06782 3.92625 0 
110 2.06782 3.92625 0 
111 2.06782 3.92625 0 
112 2.06782 3.92625 0 
113 2.06782 3.92625 0 
114 2.06782 3.92625 0 
115 2.06782 3.92625 0 
116 2.06782 3.92625 0 
117 2.06782 3.92625 0 
118 2.06782 3.92625 0 
119 -0.136393 4.5274 0 
120 -0.0791406 3.72587 0 
121 2.06782 3.92625 0 
122 2.06782 3.92625 0 
123 2.06782 3.92625 0 
124 2.06782 3.92625 0 
125 2.06782 3.92625 0 
126 2.06782 3.92625 0 
127 2.06782 3.92625 0 
128 2.06782 3.92625 0 
129 2.06782 3.92625 0 
130 2.06782 3.92625 0 
131 2.06782 3.92625 0 
132 2.06782 3.92625 0 
133 2.06782 3.92625 0 
134 -0.0791406 4.5274 0 
135 -0.0218883 3.72587 0 
136 2.06782 3.92625 0 
137 2.06782 3.92625 0 
138 2.06782 3.92625 0 
139 2.06782 3.92625 0 
140 2.06782 3.92625 0 
141 2.06782 3.92625 0 
142 2.06782 3.92625 0 
143 2.06782 3.92625 0 
144 2.06782 3.92625 0 
145 2.06782 3.92625 0 
146 2.06782 3.92625 0 
147 2.06782 3.92625 0 
148 2.06782 3.92625 0 
149 -0.0218883 4.5274 0 
150 0.0353641 3.72587 0 
151 2.06782 3.92625 0 
152 2.06782 3.92625 0 
153 2.06782 3.92625 0 
154 2.06782 3.92625 0 
155 2.06782 3.92625 0 
156 2.06782 3.92625 0 
157 2.06782 3.92625 0 
158 2.06782 3.92625 0 
159 2.06782 3.92625 0 
160 2.06782 3.92625 0 
161 2.06782 3.92625 0 
162 2.06782 3.92625 0 
163 2.06782 3.92625 0 
164 0.0353641 4.5274 0 
165 0.0926164 3.72587 0 
166 2.06782 3.92625 0 
167 2.06782 3.92625 0 
168 2.06782 3.92625 0 
169 2.06782 3.92625 0 
170 2.06782 3.92625 0 
171 2.06782 3.92625 0 
172 2.06782 3.92625 0 
173 2.06782 3.92625 0 
174 2.06782 3.92625 0 
175 2.06782 3.92625 0 
176 2.06782 3.92625 0 
177 2.06782 3.92625 0 
178 2.06782 3.92625 0 
179 0.0926164 4.5274 0 
180 0.149869 3.72587 0 
181 2.06782 3.92625 0 
182 2.06782 3.92625 0 
183 2.06782 3.92625 0 
184 2.06782 3.92625 0 
185 2.06782 3.92625 0 
186 2.06782 3.92625 0 
187 2.06782 3.92625 0 
188 2.06782 3.92625 0 
189 2.06782 3.92625 0 
190 2.06782 3.92625 0 
191 2.06782 3.92625 0 
192 2.06782 3.92625 0 
193 2.06782 3.92625 0 
194 0.149869 4.5274 0 
195 0.207121 3.72587 0 
196 2.06782 3.92625 0 
197 2.06782 3.92625 0 
198 2.06782 3.92625 0 
199 2.06782 3.92625 0 
200 2.06782 3.92625 0 
201 2.06782 3.92625 0 
202 2.06782 3.92625 0 
203 2.06782 3.92625 0 
204 2.06782 3.92625 0 
205 2.06782 3.92625 0 
206 2.06782 3.92625 0 
207 2.06782 3.92625 0 
208 2.06782 3.92625 0 
209 0.207121 4.5274 0 
210 0.264373 3.72587 0 
211 2.06782 3.92625 0 
212 2.06782 3.92625 0 
213 2.06782 3.92625 0 
214 2.06782 3.92625 0 
215 2.06782 3.92625 0 
216 2.06782 3.92625 0 
217 2.06782 3.92625 0 
218 2.06782 3.92625 0 
219 2.06782 3.92625 0 
220 2.06782 3.92625 0 
221 2.06782 3.92625 0 
222 2.06782 3.92625 0 
223 2.06782 3.92625 0 
224 0.264373 4.5274 0 
225 0.321626 3.72587 0 
226 2.06782 3.92625 0 
227 2.06782 3.92625 0 
228 2.06782 3.92625 0 
229 2.06782 3.92625 0 
230 2.06782 3.92625 0 
231 2.06782 3.92625 0 
232 2.06782 3.92625 0 
233 2.06782 3.92625 0 
234 2.06782 3.92625 0 
235 2.06782 3.92625 0 
236 2.06782 3.92625 0 
237 2.06782 3.92625 0 
238 2.06782 3.92625 0 
239 0.321626 4.5274 0 
240 0.378878 3.72587 0 
241 2.06782 3.92625 0 
242 2.06782 3.92625 0 
243 2.06782 3.92625 0 
244 2.06782 3.92625 0 
245 2.06782 3.92625 0 
246 2.06782 3.92625 0 
247 2.06782 3.92625 0 
248 2.06782 3.92625 0 
249 2.06782 3.92625 0 
250 2.06782 3.92625 0 
251 2.06782 3.92625 0 
252 2.06782 3.92625 0 
253 2.06782 3.92625 0 
254 0.378878 4.5274 0 
255 0.43613 3.72587 0 
256 2.06782 3.92625 0 
257 2.06782 3.92625 0 
258 2.06782 3.92625 0 
259 2.06782 3.92625 0 
260 2.06782 3.92625 0 
261 2.06782 3.92625 0 
262 2.06782 3.92625 0 
263 2.06782 3.92625 0 
264 2.06782 3.92625 0 
265 2.06782 3.92625 0 
266 2.06782 3.92625 0 
267 2.06782 3.92625 0 
268 2.06782 3.92625 0 
269 0.43613 4.5274 0 
270 0.493383 3.72587 0 
271 2.06782 3.92625 0 
272 2.06782 3.92625 0 
273 2.06782 3.92625 0 
274 2.06782 3.92625 0 
275 2.06782 3.92625 0 
276 2.06782 3.92625 0 
277 2.06782 3.92625 0 
278 2.06782 3.92625 0 
279 2.06782 3.92625 0 
280 2.06782 3.92625 0 
281 2.06782 3.92625 0 
282 2.06782 3.92625 0 
283 2.06782 3.92625 0 
284 0.493383 4.5274 0 
285 0.550635 3.72587 0 
286 2.06782 3.92625 0 
287 2.06782 3.92625 0 
288 2.06782 3.92625 0 
289 2.06782 3.92625 0 
290 2.06782 3.92625 0 
291 2.06782 3.92625 0 
292 2.06782 3.92625 0 
293 2.06782 3.92625 0 
294 2.06782 3.92625 0 
295 2.06782 3.92625 0 
296 2.06782 3.92625 0 
297 2.06782 3.92625 0 
298 2.06782 3.92625 0 
299 0.550635 4.5274 0 
300 0.607887 3.72587 0 
301 2.06782 3.92625 0 
302 2.06782 3.92625 0 
303 2.06782 3.92625 0 
304 2.06782 3.92625 0 
305 2.06782 3.92625 0 
306 2.06782 3.92625 0 
307 2.06782 3.92625 0 
308 2.06782 3.92625 0 
309 2.06782 3.92625 0 
310 2.06782 3.92625 0 
311 2.06782 3.92625 0 
312 2.06782 3.92625 0 
313 2.06782 3.92625 0 
314 0.607887 4.5274 0 
315 0.665139 3.72587 0 
316 2.06782 3.92625 0 
317 2.06782 3.92625 0 
318 2.06782 3.92625 0 
319 2.06782 3.92625 0 
320 2.06782 3.92625 0 
321 2.06782 3.92625 0 
322 2.06782 3.92625 0 
323 2.06782 3.92625 0 
324 2.06782 3.92625 0 
325 2.06782 3.92625 0 
326 2.06782 3.92625 0 
327 2.06782 3.92625 0 
328 2.06782 3.92625 0 
329 0.665139 4.5274 0 
330 0.722392 3.72587 0 
331 2.06782 3.92625 0 
332 2.06782 3.92625 0 
333 2.06782 3.92625 0 
334 2.06782 3.92625 0 
335 2.06782 3.92625 0 
336 2.06782 3.92625 0 
337 2.06782 3.92625 0 
338 2.06782 3.92625 0 
339 2.06782 3.92625 0 
340 2.06782 3.92625 0 
341 2.06782 3.92625 0 
342 2.06782 3.92625 0 
343 2.06782 3.92625 0 
344 0.722392 4.5274 0 
345 0.779644 3.72587 0 
346 2.06782 3.92625 0 
347 2.06782 3.92625 0 
348 2.06782 3.92625 0 
349 2.06782 3.92625 0 
350 2.06782 3.92625 0 
351 2.06782 3.92625 0 
352 2.06782 3.92625 0 
353 2.06782 3.92625 0 
354 2.06782 3.92625 0 
355 2.06782 3.92625 0 
356 2.06782 3.92625 0 
357 2.06782 3.92625 0 
358 2.06782 3.92625 0 
359 0.779644 4.5274 0 
360 0.836896 3.72587 0 
361 2.06782 3.92625 0 
362 2.06782 3.92625 0 
363 2.06782 3.92625 0 
364 2.06782 3.92625 0 
365 2.06782 3.92625 0 
366 2.06782 3.92625 0 
367 2.06782 3.92625 0 
368 2.06782 3.92625 0 
369 2.06782 3.92625 0 
370 2.06782 3.92625 0 
371 2.06782 3.92625 0 
372 2.06782 3.92625 0 
373 2.06782 3.92625 0 
374 0.836896 4.5274 0 
375 0.894149 3.72587 0 
376 2.06782 3.92625 0 
377 2.06782 3.92625 0 
378 2.06782 3.92625 0 
379 2.06782 3.92625 0 
380 2.06782 3.92625 0 
381 2.06782 3.92625 0 
382 2.06782 3.92625 0 
383 2.06782 3.92625 0 
384 2.06782 3.92625 0 
385 2.06782 3.92625 0 
386 2.06782 3.92625 0 
387 2.06782 3.92625 0 
388 2.06782 3.92625 0 
389 0.894149 4.5274 0 
390 0.951401 3.72587 0 
391 2.06782 3.92625 0 
392 2.06782 3.92625 0 
393 2.06782 3.92625 0 
394 2.06782 3.92625 0 
395 2.06782 3.92625 0 
396 2.06782 3.92625 0 
397 2.06782 3.92625 0 
398 2.06782 3.92625 0 
399 2.06782 3.92625 0 
400 2.06782 3.92625 0 
401 2.06782 3.92625 0 
402 2.06782 3.92625 0 
403 2.06782 3.92625 0 
404 0.951401 4.5274 0 
405 1.00865 3.72587 0 
406 2.06782 3.92625 0 
407 2.06782 3.92625 0 
408 2.06782 3.92625 0 
409 2.06782 3.92625 0 
410 2.06782 3.92625 0 
411 2.06782 3.92625 0 
412 2.06782 3.92625 0 
413 2.06782 3.92625 0 
414 2.06782 3.92625 0 
415 2.06782 3.92625 0 
416 2.06782 3.92625 0 
417 2.06782 3.92625 0 
418 2.06782 3.92625 0 
419 1.00865 4.5274 0 
420 1.06591 3.72587 0 
421 2.06782 3.92625 0 
422 2.06782 3.92625 0 
423 2.06782 3.92625 0 
424 2.06782 3.92625 0 
425 2.06782 3.92625 0 
426 2.06782 3.92625 0 
427 2.06782 3.92625 0 
428 2.06782 3.92625 0 
429 2.06782 3.92625 0 
430 2.06782 3.92625 0 
431 2.06782 3.92625 0 
432 2.06782 3.92625 0 
433 2.06782 3.92625 0 
434 1.06591 4.5274 0 
435 1.12316 3.72587 0 
436 2.06782 3.92625 0 
437 2.06782 3.92625 0 
438 2.06782 3.92625 0 
439 2.06782 3.92625 0 
440 2.06782 3.92625 0 
441 2.06782 3.92625 0 
442 2.06782 3.92625 0 
443 2.06782 3.92625 0 
444 2.06782 3.92625 0 
445 2.06782 3.92625 0 
446 2.06782 3.92625 0 
447 2.06782 3.92625 0 
448 2.06782 3.92625 0 
449 1.12316 4.5274 0 
450 1.18041 3.72587 0 
451 2.06782 3.92625 0 
452 2.06782 3.92625 0 
453 2.06782 3.92625 0 
454 2.06782 3.92625 0 
455 2.06782 3.92625 0 
456 2.06782 3.92625 0 
457 2.06782 3.92625 0 
458 2.06782 3.92625 0 
459 2.06782 3.92625 0 
460 2.06782 3.92625 0 
461 2.06782 3.92625 0 
462 2.06782 3.92625 0 
463 2.06782 3.92625 0 
464 1.18041 4.5274 0 
465 1.23766 3.72587 0 
466 2.06782 3.92625 0 
467 2.06782 3.92625 0 
468 2.06782 3.92625 0 
469 2.06782 3.92625 0 
470 2.06782 3.92625 0 
471 2.06782 3.92625 0 
472 2.06782 3.92625 0 
473 2.06782 3.92625 0 
474 2.06782 3.92625 0 
475 2.06782 3.92625 0 
476 2.06782 3.92625 0 
477 2.06782 3.92625 0 
478 2.06782 3.92625 0 
479 1.23766 4.5274 0 
480 1.29491 3.72587 0 
481 2.06782 3.92625 0 
482 2.06782 3.92625 0 
483 2.06782 3.92625 0 
484 2.06782 3.92625 0 
485 2.06782 3.92625 0 
486 2.06782 3.92625 0 
487 2.06782 3.92625 0 
488 2.06782 3.92625 0 
489 2.06782 3.92625 0 
490 2.06782 3.92625 0 
491 2.06782 3.92625 0 
492 2.06782 3.92625 0 
493 2.06782 3.92625 0 
494 1.29491 4.5274 0 
495 1.35217 3.72587 0 
496 2.06782 3.92625 0 
497 2.06782 3.92625 0 
498 2.06782 3.92625 0 
499 2.06782 3.92625 0 
500 2.06782 3.92625 0 
501 2.06782 3.92625 0 
502 2.06782 3.92625 0 
503 2.06782 3.92625 0 
504 2.06782 3.92625 0 
505 2.06782 3.92625 0 
506 2.06782 3.92625 0 
507 2.06782 3.92625 0 
508 2.06782 3.92625 0 
509 1.35217 4.5274 0 
510 1.40942 3.72587 0 
511 2.06782 3.92625 0 
512 2.06782 3.92625 0 
513 2.06782 3.92625 0 
514 2.06782 3.92625 0 
515 2.06782 3.92625 0 
516 2.06782 3.92625 0 
517 2.06782 3.92625 0 
518 2.06782 3.92625 0 
519 2.06782 3.92625 0 
520 2.06782 3.92625 0 
521 2.06782 3.92625 0 
522 2.06782 3.92625 0 
523 2.06782 3.92625 0 
524 1.40942 4.5274 0 
525 1.46667 3.72587 0 
526 2.06782 3.92625 0 
527 2.06782 3.92625 0 
528 2.06782 3.92625 0 
529 2.06782 3.92625 0 
530 2.06782 3.92625 0 
531 2.06782 3.92625 0 
532 2.06782 3.92625 0 
533 2.06782 3.92625 0 
534 2.06782 3.92625 0 
535 2.06782 3.92625 0 
536 2.06782 3.92625 0 
537 2.06782 3.92625 0 
538 2.06782 3.92625 0 
539 1.46667 4.5274 0 
540 1.52392 3.72587 0 
541 2.06782 3.92625 0 
542 2.06782 3.92625 0 
543 2.06782 3.92625 0 
544 2.06782 3.92625 0 
545 2.06782 3.92625 0 
546 2.06782 3.92625 0 
547 2.06782 3.92625 0 
548 2.06782 3.92625 0 
549 2.06782 3.92625 0 
550 2.06782 3.92625 0 
551 2.06782 3.92625 0 
552 2.06782 3.92625 0 
553 2.06782 3.92625 0 
554 1.52392 4.5274 0 
555 1.58118 1.43578 0 
556 1.58118 1.49303 0 
557 1.58118 1.55028 0 
558 1.58118 1.60754 0 
559 1.58118 1.66479 0 
560 1.58118 1.72204 0 
561 1.58118 1.77929 0 
562 1.58118 1.83655 0 
563 1.58118 1.8938 0 
564 1.58118 1.95105 0 
565 1.58118 2.0083 0 
566 1.58118 2.06556 0 
567 1.58118 2.12281 0 
568 1.58118 2.18006 0 
569 1.58118 2.23731 0 
570 1.58118 2.29456 0 
571 1.58118 2.35182 0 
572 1.58118 2.40907 0 
573 1.58118 2.46632 0 
574 1.58118 2.52357 0 
575 1.58118 2.58083 0 
576 1.58118 2.63808 0 
577 1.58118 2.69533 0 
578 1.58118 2.75258 0 
579 1.58118 2.80984 0 
580 1.58118 2.86709 0 
581 1.58118 2.92434 0 
582 1.58118 2.98159 0 
583 1.58118 3.03885 0 
584 1.58118 3.0961 0 
585 1.58118 3.15335 0 
586 1.58118 3.2106 0 
587 1.58118 3.26785 0 
588 1.58118 3.32511 0 
589 1.58118 3.38236 0 
590 1.58118 3.43961 0 
591 1.58118 3.49686 0 
592 1.58118 3.55412 0 
593 1.58118 3.61137 0 
594 1.58118 3.66862 0 
595 1.58118 3.72587 0 
596 2.06782 3.92625 0 
597 2.06782 3.92625 0 
598 2.06782 3.92625 0 
599 2.06782 3.92625 0 
600 2.06782 3.92625 0 
601 2.06782 3.92625 0 
602 2.06782 3.92625 0 
603 2.06782 3.92625 0 
604 2.06782 3.92625 0 
605 2.06782 3.92625 0 
606 2.06782 3.92625 0 
607 2.06782 3.92625 0 
608 2.06782 3.92625 0 
609 1.58118 4.5274 0 
610 1.58118 4.58466 0 
611 1.58118 4.64191 0 
612 1.58118 4.69916 0 
613 1.58118 4.75641 0 
614 1.58118 4.81367 0 
615 1.58118 4.87092 0 
616 1.58118 4.92817 0 
617 1.58118 4.98542 0 
618 1.58118 5.04268 0 
619 1.58118 5.09993 0 
620 1.58118 5.15718 0 
621 1.58118 5.21443 0 
622 1.58118 5.27169 0 
623 1.58118 5.32894 0 
624 1.58118 5.38619 0 
625 1.58118 5.44344 0 
626 1.58118 5.5007 0 
627 1.58118 5.55795 0 
628 1.58118 5.6152 0 
629 1.58118 5.67245 0 
630 1.58118 5.7297 0 
631 1.58118 5.78696 0 
632 1.58118 5.84421 0 
633 1.58118 5.90146 0 
634 1.58118 5.95871 0 
635 1.58118 6.01596 0 
636 1.58118 6.07322 0 
637 1.58118 6.13047 0 
638 1.58118 6.18772 0 
639 1.58118 6.24498 0 
640 1.58118 6.30223 0 
641 1.58118 6.35948 0 
642 1.58118 6.41673 0 
643 1.63843 1.43578 0 
644 2.06782 3.92625 0 
645 2.06782 3.92625 0 
646 2.06782 3.92625 0 
647 2.06782 3.92625 0 
648 2.06782 3.92625 0 
649 2.06782 3.92625 0 
650 2.06782 3.92625 0 
651 2.06782 3.92625 0 
652 2.06782 3.92625 0 
653 2.06782 3.92625 0 
654 2.06782 3.92625 0 
655 2.06782 3.92625 0 
656 2.06782 3.92625 0 
657 2.06782 3.92625 0 
658 2.06782 3.92625 0 
659 2.06782 3.92625 0 
660 2.06782 3.92625 0 
661 2.06782 3.92625 0 
662 2.06782 3.92625 0 
663 2.06782 3.92625 0 
664 2.06782 3.92625 0 
665 2.06782 3.92625 0 
666 2.06782 3.92625 0 
667 2.06782 3.92625 0 
668 2.06782 3.92625 0 
669 2.06782 3.92625 0 
670 2.06782 3.92625 0 
671 2.06782 3.92625 0 
672 2.06782 3.92625 0 
673 2.06782 3.92625 0 
674 2.06782 3.92625 0 
675 2.06782 3.92625 0 
676 2.06782 3.92625 0 
677 2.06782 3.92625 0 
678 2.06782 3.92625 0 
679 2.06782 3.92625 0 
680 2.06782 3.92625 0 
681 2.06782 3.92625 0 
682 2.06782 3.92625 0 
683 2.06782 3.92625 0 
684 2.06782 3.92625 0 
685 2.06782 3.92625 0 
686 2.06782 3.92625 0 
687 2.06782 3.92625 0 
688 2.06782 3.92625 0 
689 2.06782 3.92625 0 
690 2.06782 3.92625 0 
691 2.06782 3.92625 0 
692 2.06782 3.92625 0 
693 2.06782 3.92625 0 
694 2.06782 3.92625 0 
695 2.06782 3.92625 0 
696 2.06782 3.92625 0 
697 2.06782 3.92625 0 
698 2.06782 3.92625 0 
699 2.06782 3.92625 0 
700 2.06782 3.92625 0 
701 2.06782 3.92625 0 
702 2.06782 3.92625 0 
703 2.06782 3.92625 0 
704 2.06782 3.92625 0 
705 2.06782 3.92625 0 
706 2.06782 3.92625 0 
707 2.06782 3.92625 0 
708 2.06782 3.92625 0 
709 2.06782 3.92625 0 
710 2.06782 3.92625 0 
711 2.06782 3.92625 0 
712 2.06782 3.92625 0 
713 2.06782 3.92625 0 
714 2.06782 3.92625 0 
715 2.06782 3.92625 0 
716 2.06782 3.92625 0 
717 2.06782 3.92625 0 
718 2.06782 3.92625 0 
719 2.06782 3.92625 0 
720 2.06782 3.92625 0 
721 2.06782 3.92625 0 
722 2.06782 3.92625 0 
723 2.06782 3.92625 0 
724 2.06782 3.92625 0 
725 2.06782 3.92625 0 
726 2.06782 3.92625 0 
727 2.06782 3.92625 0 
728 2.06782 3.92625 0 
729 2.06782 3.92625 0 
730 1.63843 6.41673 0 
731 1.69568 1.43578 0 
732 2.06782 3.92625 0 
733 2.06782 3.92625 0 
734 2.06782 3.92625 0 
735 2.06782 3.92625 0 
736 2.06782 3.92625 0 
737 2.06782 3.92625 0 
738 2.06782 3.92625 0 
739 2.06782 3.92625 0 
740 2.06782 3.92625 0 
741 2.06782 3.92625 0 
742 2.06782 3.92625 0 
743 2.06782 3.92625 0 
744 2.06782 3.92625 0 
745 2.06782 3.92625 0 
746 2.06782 3.92625 0 
747 2.06782 3.92625 0 
748 2.06782 3.92625 0 
749 2.06782 3.92625 0 
750 2.06782 3.92625 0 
751 2.06782 3.92625 0 
752 2.06782 3.92625 0 
753 2.06782 3.92625 0 
754 2.06782 3.92625 0 
755 2.06782 3.92625 0 
756 2.06782 3.92625 0 
757 2.06782 3.92625 0 
758 2.06782 3.92625 0 
759 2.06782 3.92625 0 
760 2.06782 3.92625 0 
761 2.06782 3.92625 0 
762 2.06782 3.92625 0 
763 2.06782 3.92625 0 
764 2.06782 3.92625 0 
765 2.06782 3.92625 0 
766 2.06782 3.92625 0 
767 2.06782 3.92625 0 
768 2.06782 3.92625 0 
769 2.06782 3.92625 0 
770 2.06782 3.92625 0 
771 2.06782 3.92625 0 
772 2.06782 3.92625 0 
773 2.06782 3.92625 0 
774 2.06782 3.92625 0 
775 2.06782 3.92625 0 
776 2.06782 3.92625 0 
777 2.06782 3.92625 0 
778 2.06782 3.92625 0 
779 2.06782 3.92625 0 
780 2.06782 3.92625 0 
781 2.06782 3.92625 0 
782 2.06782 3.92625 0 
783 2.06782 3.92625 0 
784 2.06782 3.92625 0 
785 2.06782 3.92625 0 
786 2.06782 3.92625 0 
787 2.06782 3.92625 0 
788 2.06782 3.92625 0 
789 2.06782 3.92625 0 
790 2.06782 3.92625 0 
791 2.06782 3.92625 0 
792 2.06782 3.92625 0 
793 2.06782 3.92625 0 
794 2.06782 3.92625 0 
795 2.06782 3.92625 0 
796 2.06782 3.92625 0 
797 2.06782 3.92625 0 
798 2.06782 3.92625 0 
799 2.06782 3.92625 0 
800 2.06782 3.92625 0 
801 2.06782 3.92625 0 
802 2.06782 3.92625 0 
803 2.06782 3.92625 0 
804 2.06782 3.92625 0 
805 2.06782 3.92625 0 
806 2.06782 3.92625 0 
807 2.06782 3.92625 0 
808 2.06782 3.92625 0 
809 2.06782 3.92625 0 
810 2.06782 3.92625 0 
811 2.06782 3.92625 0 
812 2.06782 3.92625 0 
813 2.06782 3.92625 0 
814 2.06782 3.92625 0 
815 2.06782 3.92625 0 
816 2.06782 3.92625 0 
817 2.06782 3.92625 0 
818 1.69568 6.41673 0 
819 1.75293 1.43578 0 
820 2.06782 3.92625 0 
821 2.06782 3.92625 0 
822 2.06782 3.92625 0 
823 2.06782 3.92625 0 
824 2.06782 3.92625 0 
825 2.06782 3.92625 0 
826 2.06782 3.92625 0 
827 2.06782 3.92625 0 
828 2.06782 3.92625 0 
829 2.06782 3.92625 0 
830 2.06782 3.92625 0 
831 2.06782 3.92625 0 
832 2.06782 3.92625 0 
833 2.06782 3.92625 0 
834 2.06782 3.92625 0 
835 2.06782 3.92625 0 
836 2.06782 3.92625 0 
837 2.06782 3.92625 0 
838 2.06782 3.92625 0 
839 2.06782 3.92625 0 
840 2.06782 3.92625 0 
841 2.06782 3.92625 0 
842 2.06782 3.92625 0 
843 2.06782 3.92625 0 
844 2.06782 3.92625 0 
845 2.06782 3.92625 0 
846 2.06782 3.92625 0 
847 2.06782 3.92625 0 
848 2.06782 3.92625 0 
849 2.06782 3.92625 0 
850 2.06782 3.92625 0 
851 2.06782 3.92625 0 
852 2.06782 3.92625 0 
853 2.06782 3.92625 0 
854 2.06782 3.92625 0 
855 2.06782 3.92625 0 
856 2.06782 3.92625 0 
857 2.06782 3.92625 0 
858 2.06782 3.92625 0 
859 2.06782 3.92625 0 
860 2.06782 3.92625 0 
861 2.06782 3.92625 0 
862 2.06782 3.92625 0 
863 2.06782 3.92625 0 
864 2.06782 3.92625 0 
865 2.06782 3.92625 0 
866 2.06782 3.92625 0 
867 2.06782 3.92625 0 
868 2.06782 3.92625 0 
869 2.06782 3.92625 0 
870 2.06782 3.92625 0 
871 2.06782 3.92625 0 
872 2.06782 3.92625 0 
873 2.06782 3.92625 0 
874 2.06782 3.92625 0 
875 2.06782 3.92625 0 
876 2.06782 3.92625 0 
877 2.06782 3.92625 0 
878 2.06782 3.92625 0 
879 2.06782 3.92625 0 
880 2.06782 3.92625 0 
881 2.06782 3.92625 0 
882 2.06782 3.92625 0 
883 2.06782 3.92625 0 
884 2.06782 3.92625 0 
885 2.06782 3.92625 0 
886 2.06782 3.92625 0 
887 2.06782 3.92625 0 
888 2.06782 3.92625 0 
889 2.06782 3.92625 0 
890 2.06782 3.92625 0 
891 2.06782 3.92625 0 
892 2.06782 3.92625 0 
893 2.06782 3.92625 0 
894 2.06782 3.92625 0 
895 2.06782 3.92625 0 
896 2.06782 3.92625 0 
897 2.06782 3.92625 0 
898 2.06782 3.92625 0 
899 2.06782 3.92625 0 
900 2.06782 3.92625 0 
901 2.06782 3.92625 0 
902 2.06782 3.92625 0 
903 2.06782 3.92625 0 
904 2.06782 3.92625 0 
905 2.06782 3.92625 0 
906 1.75293 6.41673 0 
907 1.81019 1.43578 0 
908 2.06782 3.92625 0 
909 2.06782 3.92625 0 
910 2.06782 3.92625 0 
911 2.06782 3.92625 0 
912 2.06782 3.92625 0 
913 2.06782 3.92625 0 
914 2.06782 3.92625 0 
915 2.06782 3.92625 0 
916 2.06782 3.92625 0 
917 2.06782 3.92625 0 
918 2.06782 3.92625 0 
919 2.06782 3.92625 0 
920 2.06782 3.92625 0 
921 2.06782 3.92625 0 
922 2.06782 3.92625 0 
923 2.06782 3.92625 0 
924 2.06782 3.92625 0 
925 2.06782 3.92625 0 
926 2.06782 3.92625 0 
927 2.06782 3.92625 0 
928 2.06782 3.92625 0 
929 2.06782 3.92625 0 
930 2.06782 3.92625 0 
931 2.06782 3.92625 0 
932 2.06782 3.92625 0 
933 2.06782 3.92625 0 
934 2.06782 3.92625 0 
935 2.06782 3.92625 0 
936 2.06782 3.92625 0 
937 2.06782 3.92625 0 
938 2.06782 3.92625 0 
939 2.06782 3.92625 0 
940 2.06782 3.92625 0 
941 2.06782 3.92625 0 
942 2.06782 3.92625 0 
943 2.06782 3.92625 0 
944 2.06782 3.92625 0 
945 2.06782 3.92625 0 
946 2.06782 3.92625 0 
947 2.06782 3.92625 0 
948 2.06782 3.92625 0 
949 2.06782 3.92625 0 
950 2.06782 3.92625 0 
951 2.06782 3.92625 0 
952 2.06782 3.92625 0 
953 2.06782 3.92625 0 
954 2.06782 3.92625 0 
955 2.06782 3.92625 0 
956 2.06782 3.92625 0 
957 2.06782 3.92625 0 
958 2.06782 3.92625 0 
959 2.06782 3.92625 0 
960 2.06782 3.92625 0 
961 2.06782 3.92625 0 
962 2.06782 3.92625 0 
963 2.06782 3.92625 0 
964 2.06782 3.92625 0 
965 2.06782 3.92625 0 
966 2.06782 3.92625 0 
967 2.06782 3.92625 0 
968 2.06782 3.92625 0 
969 2.06782 3.92625 0 
970 2.06782 3.92625 0 
971 2.06782 3.92625 0 
972 2.06782 3.92625 0 
973 2.06782 3.92625 0 
974 2.06782 3.92625 0 
975 2.06782 3.92625 0 
976 2.06782 3.92625 0 
977 2.06782 3.92625 0 
978 2.06782 3.92625 0 
979 2.06782 3.92625 0 
980 2.06782 3.92625 0 
981 2.06782 3.92625 0 
982 2.06782 3.92625 0 
983 2.06782 3.92625 0 
984 2.06782 3.92625 0 
985 2.06782 3.92625 0 
986 2.06782 3.92625 0 
987 2.06782 3.92625 0 
988 2.06782 3.92625 0 
989 2.06782 3.92625 0 
990 2.06782 3.92625 0 
991 2.06782 3.92625 0 
992 2.06782 3.92625 0 
993 2.06782 3.92625 0 
994 1.81019 6.41673 0 
995 1.86744 1.43578 0 
996 2.06782 3.92625 0 
997 2.06782 3.92625 0 
998 2.06782 3.92625 0 
999 2.06782 3.92625 0 
1000 2.06782 3.92625 0 
1001 2.06782 3.92625 0 
1002 2.06782 3.92625 0 
1003 2.06782 3.92625 0 
1004 2.06782 3.92625 0 
1005 2.06782 3.92625 0 
1006 2.06782 3.92625 0 
1007 2.06782 3.92625 0 
1008 2.06782 3.92625 0 
1009 2.06782 3.92625 0 
1010 2.06782 3.92625 0 
1011 2.06782 3.92625 0 
1012 2.06782 3.92625 0 
1013 2.06782 3.92625 0 
1014 2.06782 3.92625 0 
1015 2.06782 3.92625 0 
1016 2.06782 3.92625 0 
1017 2.06782 3.92625 0 
1018 2.06782 3.92625 0 
1019 2.06782 3.92625 0 
1020 2.06782 3.92625 0 
1021 2.06782 3.92625 0 
1022 2.06782 3.92625 0 
1023 2.06782 3.92625 0 
1024 2.06782 3.92625 0 
1025 2.06782 3.92625 0 
1026 2.06782 3.92625 0 
1027 2.06782 3.92625 0 
1028 2.06782 3.92625 0 
1029 2.06782 3.92625 0 
1030 2.06782 3.92625 0 
1031 2.06782 3.92625 0 
1032 2.06782 3.92625 0 
1033 2.06782 3.92625 0 
1034 2.06782 3.92625 0 
1035 2.06782 3.92625 0 
1036 2.06782 3.92625 0 
1037 2.06782 3.92625 0 
1038 2.06782 3.92625 0 
1039 2.06782 3.92625 0 
1040 2.06782 3.92625 0 
1041 2.06782 3.92625 0 
1042 2.06782 3.92625 0 
1043 2.06782 3.92625 0 
1044 2.06782 3.92625 0 
1045 2.06782 3.92625 0 
1046 2.06782 3.92625 0 
1047 2.06782 3.92625 0 
1048 2.06782 3.92625 0 
1049 2.06782 3.92625 0 
1050 2.06782 3.92625 0 
1051 2.06782 3.92625 0 
1052 2.06782 3.92625 0 
1053 2.06782 3.92625 0 
1054 2.06782 3.92625 0 
1055 2.06782 3.92625 0 
1056 2.06782 3.92625 0 
1057 2.06782 3.92625 0 
1058 2.06782 3.92625 0 
1059 2.06782 3.92625 0 
1060 2.06782 3.92625 0 
1061 2.06782 3.92625 0 
1062 2.06782 3.92625 0 
1063 2.06782 3.92625 0 
1064 2.06782 3.92625 0 
1065 2.06782 3.92625 0 
1066 2.06782 3.92625 0 
1067 2.06782 3.92625 0 
1068 2.06782 3.92625 0 
1069 2.06782 3.92625 0 
1070 2.06782 3.92625 0 
1071 2.06782 3.92625 0 
1072 2.06782 3.92625 0 
1073 2.06782 3.92625 0 
1074 2.06782 3.92625 0 
1075 2.06782 3.92625 0 
1076 2.06782 3.92625 0 
1077 2.06782 3.92625 0 
1078 2.06782 3.92625 0 
1079 2.06782 3.92625 0 
1080 2.06782 3.92625 0 
1081 2.06782 3.92625 0 
1082 1.86744 6.41673 0 
1083 1.92469 1.43578 0 
1084 2.06782 3.92625 0 
1085 2.06782 3.92625 0 
1086 2.06782 3.92625 0 
1087 2.06782 3.92625 0 
1088 2.06782 3.92625 0 
1089 2.06782 3.92625 0 
1090 2.06782 3.92625 0 
1091 2.06782 3.92625 0 
1092 2.06782 3.92625 0 
1093 2.06782 3.92625 0 
1094 2.06782 3.92625 0 
1095 2.06782 3.92625 0 
1096 2.06782 3.92625 0 
1097 2.06782 3.92625 0 
1098 2.06782 3.92625 0 
1099 2.06782 3.92625 0 
1100 2.06782 3.92625 0 
1101 2.06782 3.92625 0 
1102 2.06782 3.92625 0 
1103 2.06782 3.92625 0 
1104 2.06782 3.92625 0 
1105 2.06782 3.92625 0 
1106 2.06782 3.92625 0 
1107 2.06782 3.92625 0 
1108 2.06782 3.92625 0 
1109 2.06782 3.92625 0 
1110 2.06782 3.92625 0 
1111 2.06782 3.92625 0 
1112 2.06782 3.92625 0 
1113 2.06782 3.92625 0 
1114 2.06782 3.92625 0 
1115 2.06782 3.92625 0 
1116 2.06782 3.92625 0 
1117 2.06782 3.92625 0 
1118 2.06782 3.92625 0 
1119 2.06782 3.92625 0 
1120 2.06782 3.92625 0 
1121 2.06782 3.92625 0 
1122 2.06782 3.92625 0 
1123 2.06782 3.92625 0 
1124 2.06782 3.92625 0 
1125 2.06782 3.92625 0 
1126 2.06782 3.92625 0 
1127 2.06782 3.92625 0 
1128 2.06782 3.92625 0 
1129 2.06782 3.92625 0 
1130 2.06782 3.92625 0 
1131 2.06782 3.92625 0 
1132 2.06782 3.92625 0 
1133 2.06782 3.92625 0 
1134 2.06782 3.92625 0 
1135 2.06782 3.92625 0 
1136 2.06782 3.92625 0 
1137 2.06782 3.92625 0 
1138 2.06782 3.92625 0 
1139 2.06782 3.92625 0 
1140 2.06782 3.92625 0 
1141 2.06782 3.92625 0 
1142 2.06782 3.92625 0 
1143 2.06782 3.92625 0 
1144 2.06782 3.92625 0 
1145 2.06782 3.92625 0 
1146 2.06782 3.92625 0 
1147 2.06782 3.92625 0 
1148 2.06782 3.92625 0 
1149 2.06782 3.92625 0 
1150 2.06782 3.92625 0 
1151 2.06782 3.92625 0 
1152 2.06782 3.92625 0 
1153 2.06782 3.92625 0 
1154 2.06782 3.92625 0 
1155 2.06782 3.92625 0 
1156 2.06782 3.92625 0 
1157 2.06782 3.92625 0 
1158 2.06782 3.92625 0 
1159 2.06782 3.92625 0 
1160 2.06782 3.92625 0 
1161 2.06782 3.92625 0 
1162 2.06782 3.92625 0 
1163 2.06782 3.92625 0 
1164 2.06782 3.92625 0 
1165 2.06782 3.92625 0 
1166 2.06782 3.92625 0 
1167 2.06782 3.92625 0 
1168 2.06782 3.92625 0 
1169 2.06782 3.92625 0 
1170 1.92469 6.41673 0 
1171 1.98194 1.43578 0 
1172 2.06782 3.92625 0 
1173 2.06782 3.92625 0 
1174 2.06782 3.92625 0 
1175 2.06782 3.92625 0 
1176 2.06782 3.92625 0 
1177 2.06782 3.92625 0 
1178 2.06782 3.92625 0 
1179 2.06782 3.92625 0 
1180 2.06782 3.92625 0 
1181 2.06782 3.92625 0 
1182 2.06782 3.92625 0 
1183 2.06782 3.92625 0 
1184 2.06782 3.92625 0 
1185 2.06782 3.92625 0 
1186 2.06782 3.92625 0 
1187 2.06782 3.92625 0 
1188 2.06782 3.92625 0 
1189 2.06782 3.92625 0 
1190 2.06782 3.92625 0 
1191 2.06782 3.92625 0 
1192 2.06782 3.92625 0 
1193 2.06782 3.92625 0 
1194 2.06782 3.92625 0 
1195 2.06782 3.92625 0 
1196 2.06782 3.92625 0 
1197 2.06782 3.92625 0 
1198 2.06782 3.92625 0 
1199 2.06782 3.92625 0 
1200 2.06782 3.92625 0 
1201 2.06782 3.92625 0 
1202 2.06782 3.92625 0 
1203 2.06782 3.92625 0 
1204 2.06782 3.92625 0 
1205 2.06782 3.92625 0 
1206 2.06782 3.92625 0 
1207 2.06782 3.92625 0 
1208 2.06782 3.92625 0 
1209 2.06782 3.92625 0 
1210 2.06782 3.92625 0 
1211 2.06782 3.92625 0 
1212 2.06782 3.92625 0 
1213 2.06782 3.92625 0 
1214 2.06782 3.92625 0 
1215 2.06782 3.92625 0 
1216 2.06782 3.92625 0 
1217 2.06782 3.92625 0 
1218 2.06782 3.92625 0 
1219 2.06782 3.92625 0 
1220 2.06782 3.92625 0 
1221 2.06782 3.92625 0 
1222 2.06782 3.92625 0 
1223 2.06782 3.92625 0 
1224 2.06782 3.92625 0 
1225 2.06782 3.92625 0 
1226 2.06782 3.92625 0 
1227 2.06782 3.92625 0 
1228 2.06782 3.92625 0 
1229 2.06782 3.92625 0 
1230 2.06782 3.92625 0 
1231 2.06782 3.92625 0 
1232 2.06782 3.92625 0 
1233 2.06782 3.92625 0 
1234 2.06782 3.92625 0 
1235 2.06782 3.92625 0 
1236 2.06782 3.92625 0 
1237 2.06782 3.92625 0 
1238 2.06782 3.92625 0 
1239 2.06782 3.92625 0 
1240 2.06782 3.92625 0 
1241 2.06782 3.92625 0 
1242 2.06782 3.92625 0 
1243 2.06782 3.92625 0 
1244 2.06782 3.92625 0 
1245 2.06782 3.92625 0 
1246 2.06782 3.92625 0 
1247 2.06782 3.92625 0 
1248 2.06782 3.92625 0 
1249 2.06782 3.92625 0 
1250 2.06782 3.92625 0 
1251 2.06782 3.92625 0 
1252 2.06782 3.92625 0 
1253 2.06782 3.92625 0 
1254 2.06782 3.92625 0 
1255 2.06782 3.92625 0 
1256 2.06782 3.92625 0 
1257 2.06782 3.92625 0 
1258 1.98194 6.41673 0 
1259 2.0392 1.43578 0 
1260 2.06782 3.92625 0 
1261 2.06782 3.92625 0 
1262 2.06782 3.92625 0 
1263 2.06782 3.92625 0 
1264 2.06782 3.92625 0 
1265 2.06782 3.92625 0 
1266 2.06782 3.92625 0 
1267 2.06782 3.92625 0 
1268 2.06782 3.92625 0 
1269 2.06782 3.92625 0 
1270 2.06782 3.92625 0 
1271 2.06782 3.92625 0 
1272 2.06782 3.92625 0 
1273 2.06782 3.92625 0 
1274 2.06782 3.92625 0 
1275 2.06782 3.92625 0 
1276 2.06782 3.92625 0 
1277 2.06782 3.92625 0 
1278 2.06782 3.92625 0 
1279 2.06782 3.92625 0 
1280 2.06782 3.92625 0 
1281 2.06782 3.92625 0 
1282 2.06782 3.92625 0 
1283 2.06782 3.92625 0 
1284 2.06782 3.92625 0 
1285 2.06782 3.92625 0 
1286 2.06782 3.92625 0 
1287 2.06782 3.92625 0 
1288 2.06782 3.92625 0 
1289 2.06782 3.92625 0 
1290 2.06782 3.92625 0 
1291 2.06782 3.92625 0 
1292 2.06782 3.92625 0 
1293 2.06782 3.92625 0 
1294 2.06782 3.92625 0 
1295 2.06782 3.92625 0 
1296 2.06782 3.92625 0 
1297 2.06782 3.92625 0 
1298 2.06782 3.92625 0 
1299 2.06782 3.92625 0 
1300 2.06782 3.92625 0 
1301 2.06782 3.92625 0 
1302 2.06782 3.92625 0 
1303 2.06782 3.92625 0 
1304 2.06782 3.92625 0 
1305 2.06782 3.92625 0 
1306 2.06782 3.92625 0 
1307 2.06782 3.92625 0 
1308 2.06782 3.92625 0 
1309 2.06782 3.92625 0 
1310 2.06782 3.92625 0 
1311 2.06782 3.92625 0 
1312 2.06782 3.92625 0 
1313 2.06782 3.92625 0 
1314 2.06782 3.92625 0 
1315 2.06782 3.92625 0 
1316 2.06782 3.92625 0 
1317 2.06782 3.92625 0 
1318 2.06782 3.92625 0 
1319 2.06782 3.92625 0 
1320 2.06782 3.92625 0 
1321 2.06782 3.92625 0 
1322 2.06782 3.92625 0 
1323 2.06782 3.92625 0 
1324 2.06782 3.92625 0 
1325 2.06782 3.92625 0 
1326 2.06782 3.92625 0 
1327 2.06782 3.92625 0 
1328 2.06782 3.92625 0 
1329 2.06782 3.92625 0 
1330 2.06782 3.92625 0 
1331 2.06782 3.92625 0 
1332 2.06782 3.92625 0 
1333 2.06782 3.92625 0 
1334 2.06782 3.92625 0 
1335 2.06782 3.92625 0 
1336 2.06782 3.92625 0 
1337 2.06782 3.92625 0 
1338 2.06782 3.92625 0 
1339 2.06782 3.92625 0 
1340 2.06782 3.92625 0 
1341 2.06782 3.92625 0 
1342 2.06782 3.92625 0 
1343 2.06782 3.92625 0 
1344 2.06782 3.92625 0 
1345 2.06782 3.92625 0 
1346 2.0392 6.41673 0 
1347 2.09645 1.43578 0 
1348 2.06782 3.92625 0 
1349 2.06782 3.92625 0 
1350 2.06782 3.92625 0 
1351 2.06782 3.92625 0 
1352 2.06782 3.92625 0 
1353 2.06782 3.92625 0 
1354 2.06782 3.92625 0 
1355 2.06782 3.92625 0 
1356 2.06782 3.92625 0 
1357 2.06782 3.92625 0 
1358 2.06782 3.92625 0 
1359 2.06782 3.92625 0 
1360 2.06782 3.92625 0 
1361 2.06782 3.92625 0 
1362 2.06782 3.92625 0 
1363 2.06782 3.92625 0 
1364 2.06782 3.92625 0 
1365 2.06782 3.92625 0 
1366 2.06782 3.92625 0 
1367 2.06782 3.92625 0 
1368 2.06782 3.92625 0 
1369 2.06782 3.92625 0 
1370 2.06782 3.92625 0 
1371 2.06782 3.92625 0 
1372 2.06782 3.92625 0 
1373 2.06782 3.92625 0 
1374 2.06782 3.92625 0 
1375 2.06782 3.92625 0 
1376 2.06782 3.92625 0 
1377 2.06782 3.92625 0 
1378 2.06782 3.92625 0 
1379 2.06782 3.92625 0 
1380 2.06782 3.92625 0 
1381 2.06782 3.92625 0 
1382 2.06782 3.92625 0 
1383 2.06782 3.92625 0 
1384 2.06782 3.92625 0 
1385 2.06782 3.92625 0 
1386 2.06782 3.92625 0 
1387 2.06782 3.92625 0 
1388 2.06782 3.92625 0 
1389 2.06782 3.92625 0 
1390 2.06782 3.92625 0 
1391 2.06782 3.92625 0 
1392 2.06782 3.92625 0 
1393 2.06782 3.92625 0 
1394 2.06782 3.92625 0 
1395 2.06782 3.92625 0 
1396 2.06782 3.92625 0 
1397 2.06782 3.92625 0 
1398 2.06782 3.92625 0 
1399 2.06782 3.92625 0 
1400 2.06782 3.92625 0 
1401 2.06782 3.92625 0 
1402 2.06782 3.92625 0 
1403 2.06782 3.92625 0 
1404 2.06782 3.92625 0 
1405 2.06782 3.92625 0 
1406 2.06782 3.92625 0 
1407 2.06782 3.92625 0 
1408 2.06782 3.92625 0 
1409 2.06782 3.92625 0 
1410 2.06782 3.92625 0 
1411 2.06782 3.92625 0 
1412 2.06782 3.92625 0 
1413 2.06782 3.92625 0 
1414 2.06782 3.92625 0 
1415 2.06782 3.92625 0 
1416 2.06782 3.92625 0 
1417 2.06782 3.92625 0 
1418 2.06782 3.92625 0 
1419 2.06782 3.92625 0 
1420 2.06782 3.92625 0 
1421 2.06782 3.92625 0 
1422 2.06782 3.92625 0 
1423 2.06782 3.92625 0 
1424 2.06782 3.92625 0 
1425 2.06782 3.92625 0 
1426 2.06782 3.92625 0 
1427 2.06782 3.92625 0 
1428 2.06782 3.92625 0 
1429 2.06782 3.92625 0 
1430 2.06782 3.92625 0 
1431 2.06782 3.92625 0 
1432 2.06782 3.92625 0 
1433 2.06782 3.92625 0 
1434 2.09645 6.41673 0 
1435 2.1537 1.43578 0 
1436 2.06782 3.92625 0 
1437 2.06782 3.92625 0 
1438 2.06782 3.92625 0 
1439 2.06782 3.92625 0 
1440 2.06782 3.92625 0 
1441 2.06782 3.92625 0 
1442 2.06782 3.92625 0 
1443 2.06782 3.92625 0 
1444 2.06782 3.92625 0 
1445 2.06782 3.92625 0 
1446 2.06782 3.92625 0 
1447 2.06782 3.92625 0 
1448 2.06782 3.92625 0 
1449 2.06782 3.92625 0 
1450 2.06782 3.92625 0 
1451 2.06782 3.92625 0 
1452 2.06782 3.92625 0 
1453 2.06782 3.92625 0 
1454 2.06782 3.92625 0 
1455 2.06782 3.92625 0 
1456 2.06782 3.92625 0 
1457 2.06782 3.92625 0 
1458 2.06782 3.92625 0 
1459 2.06782 3.92625 0 
1460 2.06782 3.92625 0 
1461 2.06782 3.92625 0 
1462 2.06782 3.92625 0 
1463 2.06782 3.92625 0 
1464 2.06782 3.92625 0 
1465 2.06782 3.92625 0 
1466 2.06782 3.92625 0 
1467 2.06782 3.92625 0 
1468 2.06782 3.92625 0 
1469 2.06782 3.92625 0 
1470 2.06782 3.92625 0 
1471 2.06782 3.92625 0 
1472 2.06782 3.92625 0 
1473 2.06782 3.92625 0 
1474 2.06782 3.92625 0 
1475 2.06782 3.92625 0 
1476 2.06782 3.92625 0 
1477 2.06782 3.92625 0 
1478 2.06782 3.92625 0 
1479 2.06782 3.92625 0 
1480 2.06782 3.92625 0 
1481 2.06782 3.92625 0 
1482 2.06782 3.92625 0 
1483 2.06782 3.92625 0 
1484 2.06782 3.92625 0 
1485 2.06782 3.92625 0 
1486 2.06782 3.92625 0 
1487 2.06782 3.92625 0 
1488 2.06782 3.92625 0 
1489 2.06782 3.92625 0 
1490 2.06782 3.92625 0 
1491 2.1537 4.64191 0 
1492 2.1537 4.69916 0 
1493 2.1537 4.75641 0 
1494 2.1537 4.81367 0 
1495 2.1537 4.87092 0 
1496 2.1537 4.92817 0 
1497 2.1537 4.98542 0 
1498 2.1537 5.04268 0 
1499 2.1537 5.09993 0 
1500 2.1537 5.15718 0 
1501 2.1537 5.21443 0 
1502 2.1537 5.27169 0 
1503 2.1537 5.32894 0 
1504 2.1537 5.38619 0 
1505 2.1537 5.44344 0 
1506 2.1537 5.5007 0 
1507 2.1537 5.55795 0 
1508 2.1537 5.6152 0 
1509 2.1537 5.67245 0 
1510 2.1537 5.7297 0 
1511 2.1537 5.78696 0 
1512 2.06782 3.92625 0 
1513 2.06782 3.92625 0 
1514 2.06782 3.92625 0 
1515 2.06782 3.92625 0 
1516 2.06782 3.92625 0 
1517 2.06782 3.92625 0 
1518 2.06782 3.92625 0 
1519 2.06782 3.92625 0 
1520 2.06782 3.92625 0 
1521 2.06782 3.92625 0 
1522 2.1537 6.41673 0 
1523 2.21095 1.43578 0 
1524 2.06782 3.92625 0 
1525 2.06782 3.92625 0 
1526 2.06782 3.92625 0 
1527 2.06782 3.92625 0 
1528 2.06782 3.92625 0 
1529 2.06782 3.92625 0 
1530 2.06782 3.92625 0 
1531 2.06782 3.92625 0 
1532 2.06782 3.92625 0 
1533 2.06782 3.92625 0 
1534 2.06782 3.92625 0 
1535 2.06782 3.92625 0 
1536 2.06782 3.92625 0 
1537 2.06782 3.92625 0 
1538 2.06782 3.92625 0 
1539 2.06782 3.92625 0 
1540 2.21095 2.40907 0 
1541 2.21095 2.46632 0 
1542 2.21095 2.52357 0 
1543 2.21095 2.58083 0 
1544 2.21095 2.63808 0 
1545 2.21095 2.69533 0 
1546 2.21095 2.75258 0 
1547 2.21095 2.80984 0 
1548 2.21095 2.86709 0 
1549 2.21095 2.92434 0 
1550 2.21095 2.98159 0 
1551 2.21095 3.03885 0 
1552 2.21095 3.0961 0 
1553 2.21095 3.15335 0 
1554 2.21095 3.2106 0 
1555 2.21095 3.26785 0 
1556 2.21095 3.32511 0 
1557 2.21095 3.38236 0 
1558 2.21095 3.43961 0 
1559 2.06782 3.92625 0 
1560 2.06782 3.92625 0 
1561 2.06782 3.92625 0 
1562 2.06782 3.92625 0 
1563 2.06782 3.92625 0 
1564 2.06782 3.92625 0 
1565 2.06782 3.92625 0 
1566 2.06782 3.92625 0 
1567 2.06782 3.92625 0 
1568 2.06782 3.92625 0 
1569 2.06782 3.92625 0 
1570 2.06782 3.92625 0 
1571 2.06782 3.92625 0 
1572 2.06782 3.92625 0 
1573 2.06782 3.92625 0 
1574 2.06782 3.92625 0 
1575 2.06782 3.92625 0 
1576 2.06782 3.92625 0 
1577 2.06782 3.92625 0 
1578 2.06782 3.92625 0 
1579 2.21095 4.64191 0 
1580 2.21095 5.78696 0 
1581 2.06782 3.92625 0 
1582 2.06782 3.92625 0 
1583 2.06782 3.92625 0 
1584 2.06782 3.92625 0 
1585 2.06782 3.92625 0 
1586 2.06782 3.92625 0 
1587 2.06782 3.92625 0 
1588 2.06782 3.92625 0 
1589 2.06782 3.92625 0 
1590 2.06782 3.92625 0 
1591 2.21095 6.41673 0 
1592 2.2682 1.43578 0 
1593 2.06782 3.92625 0 
1594 2.06782 3.92625 0 
1595 2.06782 3.92625 0 
1596 2.06782 3.92625 0 
1597 2.06782 3.92625 0 
1598 2.06782 3.92625 0 
1599 2.06782 3.92625 0 
1600 2.06782 3.92625 0 
1601 2.06782 3.92625 0 
1602 2.06782 3.92625 0 
1603 2.06782 3.92625 0 
1604 2.06782 3.92625 0 
1605 2.06782 3.92625 0 
1606 2.06782 3.92625 0 
1607 2.06782 3.92625 0 
1608 2.06782 3.92625 0 
1609 2.2682 2.40907 0 
1610 2.2682 3.43961 0 
1611 2.06782 3.92625 0 
1612 2.06782 3.92625 0 
1613 2.06782 3.92625 0 
1614 2.06782 3.92625 0 
1615 2.06782 3.92625 0 
1616 2.06782 3.92625 0 
1617 2.06782 3.92625 0 
1618 2.06782 3.92625 0 
1619 2.06782 3.92625 0 
1620 2.06782 3.92625 0 
1621 2.06782 3.92625 0 
1622 2.06782 3.92625 0 
1623 2.06782 3.92625 0 
1624 2.06782 3.92625 0 
1625 2.06782 3.92625 0 
1626 2.06782 3.92625 0 
1627 2.06782 3.92625 0 
1628 2.06782 3.92625 0 
1629 2.06782 3.92625 0 
1630 2.06782 3.92625 0 
1631 2.2682 4.64191 0 
1632 2.2682 5.78696 0 
1633 2.06782 3.92625 0 
1634 2.06782 3.92625 0 
1635 2.06782 3.92625 0 
1636 2.06782 3.92625 0 
1637 2.06782 3.92625 0 
1638 2.06782 3.92625 0 
1639 2.06782 3.92625 0 
1640 2.06782 3.92625 0 
1641 2.06782 3.92625 0 
1642 2.06782 3.92625 0 
1643 2.2682 6.41673 0 
1644 2.32546 1.43578 0 
1645 2.06782 3.92625 0 
1646 2.06782 3.92625 0 
1647 2.06782 3.92625 0 
1648 2.06782 3.92625 0 
1649 2.06782 3.92625 0 
1650 2.06782 3.92625 0 
1651 2.06782 3.92625 0 
1652 2.06782 3.92625 0 
1653 2.06782 3.92625 0 
1654 2.06782 3.92625 0 
1655 2.06782 3.92625 0 
1656 2.06782 3.92625 0 
1657 2.06782 3.92625 0 
1658 2.06782 3.92625 0 
1659 2.06782 3.92625 0 
1660 2.06782 3.92625 0 
1661 2.32546 2.40907 0 
1662 2.32546 3.43961 0 
1663 2.06782 3.92625 0 
1664 2.06782 3.92625 0 
1665 2.06782 3.92625 0 
1666 2.06782 3.92625 0 
1667 2.06782 3.92625 0 
1668 2.06782 3.92625 0 
1669 2.06782 3.92625 0 
1670 2.06782 3.92625 0 
1671 2.06782 3.92625 0 
1672 2.06782 3.92625 0 
1673 2.06782 3.92625 0 
1674 2.06782 3.92625 0 
1675 2.06782 3.92625 0 
1676 2.06782 3.92625 0 
1677 2.06782 3.92625 0 
1678 2.06782 3.92625 0 
1679 2.06782 3.92625 0 
1680 2.06782 3.92625 0 
1681 2.06782 3.92625 0 
1682 2.06782 3.92625 0 
1683 2.32546 4.64191 0 
1684 2.32546 5.78696 0 
1685 2.06782 3.92625 0 
1686 2.06782 3.92625 0 
1687 2.06782 3.92625 0 
1688 2.06782 3.92625 0 
1689 2.06782 3.92625 0 
1690 2.06782 3.92625 0 
1691 2.06782 3.92625 0 
1692 2.06782 3.92625 0 
1693 2.06782 3.92625 0 
1694 2.06782 3.92625 0 
1695 2.32546 6.41673 0 
1696 2.38271 1.43578 0 
1697 2.06782 3.92625 0 
1698 2.06782 3.92625 0 
1699 2.06782 3.92625 0 
1700 2.06782 3.92625 0 
1701 2.06782 3.92625 0 
1702 2.06782 3.92625 0 
1703 2.06782 3.92625 0 
1704 2.06782 3.92625 0 
1705 2.06782 3.92625 0 
1706 2.06782 3.92625 0 
1707 2.06782 3.92625 0 
1708 2.06782 3.92625 0 
1709 2.06782 3.92625 0 
1710 2.06782 3.92625 0 
1711 2.06782 3.92625 0 
1712 2.06782 3.92625 0 
1713 2.38271 2.40907 0 
1714 2.38271 3.43961 0 
1715 2.06782 3.92625 0 
1716 2.06782 3.92625 0 
1717 2.06782 3.92625 0 
1718 2.06782 3.92625 0 
1719 2.06782 3.92625 0 
1720 2.06782 3.92625 0 
1721 2.06782 3.92625 0 
1722 2.06782 3.92625 0 
1723 2.06782 3.92625 0 
1724 2.06782 3.92625 0 
1725 2.06782 3.92625 0 
1726 2.06782 3.92625 0 
1727 2.06782 3.92625 0 
1728 2.06782 3.92625 0 
1729 2.06782 3.92625 0 
1730 2.06782 3.92625 0 
1731 2.06782 3.92625 0 
1732 2.06782 3.92625 0 
1733 2.06782 3.92625 0 
1734 2.06782 3.92625 0 
1735 2.38271 4.64191 0 
1736 2.38271 5.78696 0 
1737 2.06782 3.92625 0 
1738 2.06782 3.92625 0 
1739 2.06782 3.92625 0 
1740 2.06782 3.92625 0 
1741 2.06782 3.92625 0 
1742 2.06782 3.92625 0 
1743 2.06782 3.92625 0 
1744 2.06782 3.92625 0 
1745 2.06782 3.92625 0 
1746 2.06782 3.92625 0 
1747 2.38271 6.41673 0 
1748 2.43996 1.43578 0 
1749 2.06782 3.92625 0 
1750 2.06782 3.92625 0 
1751 2.06782 3.92625 0 
1752 2.06782 3.92625 0 
1753 2.06782 3.92625 0 
1754 2.06782 3.92625 0 
1755 2.06782 3.92625 0 
1756 2.06782 3.92625 0 
1757 2.06782 3.92625 0 
1758 2.06782 3.92625 0 
1759 2.06782 3.92625 0 
1760 2.06782 3.92625 0 
1761 2.06782 3.92625 0 
1762 2.06782 3.92625 0 
1763 2.06782 3.92625 0 
1764 2.06782 3.92625 0 
1765 2.43996 2.40907 0 
1766 2.43996 3.43961 0 
1767 2.06782 3.92625 0 
1768 2.06782 3.92625 0 
1769 2.06782 3.92625 0 
1770 2.06782 3.92625 0 
1771 2.06782 3.92625 0 
1772 2.06782 3.92625 0 
1773 2.06782 3.92625 0 
1774 2.06782 3.92625 0 
1775 2.06782 3.92625 0 
1776 2.06782 3.92625 0 
1777 2.06782 3.92625 0 
1778 2.06782 3.92625 0 
1779 2.06782 3.92625 0 
1780 2.06782 3.92625 0 
1781 2.06782 3.92625 0 
1782 2.06782 3.92625 0 
1783 2.06782 3.92625 0 
1784 2.06782 3.92625 0 
1785 2.06782 3.92625 0 
1786 2.06782 3.92625 0 
1787 2.43996 4.64191 0 
1788 2.43996 5.78696 0 
1789 2.06782 3.92625 0 
1790 2.06782 3.92625 0 
1791 2.06782 3.92625 0 
1792 2.06782 3.92625 0 
1793 2.06782 3.92625 0 
1794 2.06782 3.92625 0 
1795 2.06782 3.92625 0 
1796 2.06782 3.92625 0 
1797 2.06782 3.92625 0 
1798 2.06782 3.92625 0 
1799 2.43996 6.41673 0 
1800 2.49721 1.43578 0 
1801 2.06782 3.92625 0 
1802 2.06782 3.92625 0 
1803 2.06782 3.92625 0 
1804 2.06782 3.92625 0 
1805 2.06782 3.92625 0 
1806 2.06782 3.92625 0 
1807 2.06782 3.92625 0 
1808 2.06782 3.92625 0 
1809 2.06782 3.92625 0 
1810 2.06782 3.92625 0 
1811 2.06782 3.92625 0 
1812 2.06782 3.92625 0 
1813 2.06782 3.92625 0 
1814 2.06782 3.92625 0 
1815 2.06782 3.92625 0 
1816 2.06782 3.92625 0 
1817 2.49721 2.40907 0 
1818 2.49721 3.43961 0 
1819 2.06782 3.92625 0 
1820 2.06782 3.92625 0 
1821 2.06782 3.92625 0 
1822 2.06782 3.92625 0 
1823 2.06782 3.92625 0 
1824 2.06782 3.92625 0 
1825 2.06782 3.92625 0 
1826 2.06782 3.92625 0 
1827 2.06782 3.92625 0 
1828 2.06782 3.92625 0 
1829 2.06782 3.92625 0 
1830 2.06782 3.92625 0 
1831 2.06782 3.92625 0 
1832 2.06782 3.92625 0 
1833 2.06782 3.92625 0 
1834 2.06782 3.92625 0 
1835 2.06782 3.92625 0 
1836 2.06782 3.92625 0 
1837 2.06782 3.92625 0 
1838 2.06782 3.92625 0 
1839 2.49721 4.64191 0 
1840 2.49721 5.78696 0 
1841 2.06782 3.92625 0 
1842 2.06782 3.92625 0 
1843 2.06782 3.92625 0 
1844 2.06782 3.92625 0 
1845 2.06782 3.92625 0 
1846 2.06782 3.92625 0 
1847 2.06782 3.92625 0 
1848 2.06782 3.92625 0 
1849 2.06782 3.92625 0 
1850 2.06782 3.92625 0 
1851 2.49721 6.41673 0 
1852 2.55447 1.43578 0 
1853 2.06782 3.92625 0 
1854 2.06782 3.92625 0 
1855 2.06782 3.92625 0 
1856 2.06782 3.92625 0 
1857 2.06782 3.92625 0 
1858 2.06782 3.92625 0 
1859 2.06782 3.92625 0 
1860 2.06782 3.92625 0 
1861 2.06782 3.92625 0 
1862 2.06782 3.92625 0 
1863 2.06782 3.92625 0 
1864 2.06782 3.92625 0 
1865 2.06782 3.92625 0 
1866 2.06782 3.92625 0 
1867 2.06782 3.92625 0 
1868 2.06782 3.92625 0 
1869 2.55447 2.40907 0 
1870 2.55447 3.43961 0 
1871 2.06782 3.92625 0 
1872 2.06782 3.92625 0 
1873 2.06782 3.92625 0 
1874 2.06782 3.92625 0 
1875 2.06782 3.92625 0 
1876 2.06782 3.92625 0 
1877 2.06782 3.92625 0 
1878 2.06782 3.92625 0 
1879 2.06782 3.92625 0 
1880 2.06782 3.92625 0 
1881 2.06782 3.92625 0 
1882 2.06782 3.92625 0 
1883 2.06782 3.92625 0 
1884 2.06782 3.92625 0 
1885 2.06782 3.92625 0 
1886 2.06782 3.92625 0 
1887 2.06782 3.92625 0 
1888 2.06782 3.92625 0 
1889 2.06782 3.92625 0 
1890 2.06782 3.92625 0 
1891 2.55447 4.64191 0 
1892 2.55447 5.78696 0 
1893 2.06782 3.92625 0 
1894 2.06782 3.92625 0 
1895 2.06782 3.92625 0 
1896 2.06782 3.92625 0 
1897 2.06782 3.92625 0 
1898 2.06782 3.92625 0 
1899 2.06782 3.92625 0 
1900 2.06782 3.92625 0 
1901 2.06782 3.92625 0 
1902 2.06782 3.92625 0 
1903 2.55447 6.41673 0 
1904 2.61172 1.43578 0 
1905 2.06782 3.92625 0 
1906 2.06782 3.92625 0 
1907 2.06782 3.92625 0 
1908 2.06782 3.92625 0 
1909 2.06782 3.92625 0 
1910 2.06782 3.92625 0 
1911 2.06782 3.92625 0 
1912 2.06782 3.92625 0 
1913 2.06782 3.92625 0 
1914 2.06782 3.92625 0 
1915 2.06782 3.92625 0 
1916 2.06782 3.92625 0 
1917 2.06782 3.92625 0 
1918 2.06782 3.92625 0 
1919 2.06782 3.92625 0 
1920 2.06782 3.92625 0 
1921 2.61172 2.40907 0 
1922 2.61172 3.43961 0 
1923 2.06782 3.92625 0 
1924 2.06782 3.92625 0 
1925 2.06782 3.92625 0 
1926 2.06782 3.92625 0 
1927 2.06782 3.92625 0 
1928 2.06782 3.92625 0 
1929 2.06782 3.92625 0 
1930 2.06782 3.92625 0 
1931 2.06782 3.92625 0 
1932 2.06782 3.92625 0 
1933 2.06782 3.92625 0 
1934 2.06782 3.92625 0 
1935 2.06782 3.92625 0 
1936 2.06782 3.92625 0 
1937 2.06782 3.92625 0 
1938 2.06782 3.92625 0 
1939 2.06782 3.92625 0 
1940 2.06782 3.92625 0 
1941 2.06782 3.92625 0 
1942 2.06782 3.92625 0 
1943 2.61172 4.64191 0 
1944 2.61172 5.78696 0 
1945 2.06782 3.92625 0 
1946 2.06782 3.92625 0 
1947 2.06782 3.92625 0 
1948 2.06782 3.92625 0 
1949 2.06782 3.92625 0 
1950 2.06782 3.92625 0 
1951 2.06782 3.92625 0 
1952 2.06782 3.92625 0 
1953 2.06782 3.92625 0 
1954 2.06782 3.92625 0 
1955 2.61172 6.41673 0 
1956 2.66897 1.43578 0 
1957 2.06782 3.92625 0 
1958 2.06782 3.92625 0 
1959 2.06782 3.92625 0 
1960 2.06782 3.92625 0 
1961 2.06782 3.92625 0 
1962 2.06782 3.92625 0 
1963 2.06782 3.92625 0 
1964 2.06782 3.92625 0 
1965 2.06782 3.92625 0 
1966 2.06782 3.92625 0 
1967 2.06782 3.92625 0 
1968 2.06782 3.92625 0 
1969 2.06782 3.92625 0 
1970 2.06782 3.92625 0 
1971 2.06782 3.92625 0 
1972 2.06782 3.92625 0 
1973 2.66897 2.40907 0 
1974 2.66897 3.43961 0 
1975 2.06782 3.92625 0 
1976 2.06782 3.92625 0 
1977 2.06782 3.92625 0 
1978 2.06782 3.92625 0 
1979 2.06782 3.92625 0 
1980 2.06782 3.92625 0 
1981 2.06782 3.92625 0 
1982 2.06782 3.92625 0 
1983 2.06782 3.92625 0 
1984 2.06782 3.92625 0 
1985 2.06782 3.92625 0 
1986 2.06782 3.92625 0 
1987 2.06782 3.92625 0 
1988 2.06782 3.92625 0 
1989 2.06782 3.92625 0 
1990 2.06782 3.92625 0 
1991 2.06782 3.92625 0 
1992 2.06782 3.92625 0 
1993 2.06782 3.92625 0 
1994 2.06782 3.92625 0 
1995 2.66897 4.64191 0 
1996 2.66897 5.78696 0 
1997 2.06782 3.92625 0 
1998 2.06782 3.92625 0 
1999 2.06782 3.92625 0 
2000 2.06782 3.92625 0 
2001 2.06782 3.92625 0 
2002 2.06782 3.92625 0 
2003 2.06782 3.92625 0 
2004 2.06782 3.92625 0 
2005 2.06782 3.92625 0 
2006 2.06782 3.92625 0 
2007 2.66897 6.41673 0 
2008 2.72622 1.43578 0 
2009 2.06782 3.92625 0 
2010 2.06782 3.92625 0 
2011 2.06782 3.92625 0 
2012 2.06782 3.92625 0 
2013 2.06782 3.92625 0 
2014 2.06782 3.92625 0 
2015 2.06782 3.92625 0 
2016 2.06782 3.92625 0 
2017 2.06782 3.92625 0 
2018 2.06782 3.92625 0 
2019 2.06782 3.92625 0 
2020 2.06782 3.92625 0 
2021 2.06782 3.92625 0 
2022 2.06782 3.92625 0 
2023 2.06782 3.92625 0 
2024 2.06782 3.92625 0 
2025 2.72622 2.40907 0 
2026 2.72622 3.43961 0 
2027 2.06782 3.92625 0 
2028 2.06782 3.92625 0 
2029 2.06782 3.92625 0 
2030 2.06782 3.92625 0 
2031 2.06782 3.92625 0 
2032 2.06782 3.92625 0 
2033 2.06782 3.92625 0 
2034 2.06782 3.92625 0 
2035 2.06782 3.92625 0 
2036 2.06782 3.92625 0 
2037 2.06782 3.92625 0 
2038 2.06782 3.92625 0 
2039 2.06782 3.92625 0 
2040 2.06782 3.92625 0 
2041 2.06782 3.92625 0 
2042 2.06782 3.92625 0 
2043 2.06782 3.92625 0 
2044 2.06782 3.92625 0 
2045 2.06782 3.92625 0 
2046 2.06782 3.92625 0 
2047 2.72622 4.64191 0 
2048 2.72622 5.78696 0 
2049 2.06782 3.92625 0 
2050 2.06782 3.92625 0 
2051 2.06782 3.92625 0 
2052 2.06782 3.92625 0 
2053 2.06782 3.92625 0 
2054 2.06782 3.92625 0 
2055 2.06782 3.92625 0 
2056 2.06782 3.92625 0 
2057 2.06782 3.92625 0 
2058 2.06782 3.92625 0 
2059 2.72622 6.41673 0 
2060 2.78347 1.43578 0 
2061 2.06782 3.92625 0 
2062 2.06782 3.92625 0 
2063 2.06782 3.92625 0 
2064 2.06782 3.92625 0 
2065 2.06782 3.92625 0 
2066 2.06782 3.92625 0 
2067 2.06782 3.92625 0 
2068 2.06782 3.92625 0 
2069 2.06782 3.92625 0 
2070 2.06782 3.92625 0 
2071 2.06782 3.92625 0 
2072 2.06782 3.92625 0 
2073 2.06782 3.92625 0 
2074 2.06782 3.92625 0 
2075 2.06782 3.92625 0 
2076 2.06782 3.92625 0 
2077 2.78347 2.40907 0 
2078 2.78347 3.43961 0 
2079 2.06782 3.92625 0 
2080 2.06782 3.92625 0 
2081 2.06782 3.92625 0 
2082 2.06782 3.92625 0 
2083 2.06782 3.92625 0 
2084 2.06782 3.92625 0 
2085 2.06782 3.92625 0 
2086 2.06782 3.92625 0 
2087 2.06782 3.92625 0 
2088 2.06782 3.92625 0 
2089 2.06782 3.92625 0 
2090 2.06782 3.92625 0 
2091 2.06782 3.92625 0 
2092 2.06782 3.92625 0 
2093 2.06782 3.92625 0 
2094 2.06782 3.92625 0 
2095 2.06782 3.92625 0 
2096 2.06782 3.92625 0 
2097 2.06782 3.92625 0 
2098 2.06782 3.92625 0 
2099 2.78347 4.64191 0 
2100 2.78347 5.78696 0 
2101 2.06782 3.92625 0 
2102 2.06782 3.92625 0 
2103 2.06782 3.92625 0 
2104 2.06782 3.92625 0 
2105 2.06782 3.92625 0 
2106 2.06782 3.92625 0 
2107 2.06782 3.92625 0 
2108 2.06782 3.92625 0 
2109 2.06782 3.92625 0 
2110 2.06782 3.92625 0 
2111 2.78347 6.41673 0 
2112 2.84073 1.43578 0 
2113 2.06782 3.92625 0 
2114 2.06782 3.92625 0 
2115 2.06782 3.92625 0 
2116 2.06782 3.92625 0 
2117 2.06782 3.92625 0 
2118 2.06782 3.92625 0 
2119 2.06782 3.92625 0 
2120 2.06782 3.92625 0 
2121 2.06782 3.92625 0 
2122 2.06782 3.92625 0 
2123 2.06782 3.92625 0 
2124 2.06782 3.92625 0 
2125 2.06782 3.92625 0 
2126 2.06782 3.92625 0 
2127 2.06782 3.92625 0 
2128 2.06782 3.92625 0 
2129 2.84073 2.40907 0 
2130 2.84073 3.43961 0 
2131 2.06782 3.92625 0 
2132 2.06782 3.92625 0 
2133 2.06782 3.92625 0 
2134 2.06782 3.92625 0 
2135 2.06782 3.92625 0 
2136 2.06782 3.92625 0 
2137 2.06782 3.92625 0 
2138 2.06782 3.92625 0 
2139 2.06782 3.92625 0 
2140 2.06782 3.92625 0 
2141 2.06782 3.92625 0 
2142 2.06782 3.92625 0 
2143 2.06782 3.92625 0 
2144 2.06782 3.92625 0 
2145 2.06782 3.92625 0 
2146 2.06782 3.92625 0 
2147 2.06782 3.92625 0 
2148 2.06782 3.92625 0 
2149 2.06782 3.92625 0 
2150 2.06782 3.92625 0 
2151 2.84073 4.64191 0 
2152 2.84073 5.78696 0 
2153 2.06782 3.92625 0 
2154 2.06782 3.92625 0 
2155 2.06782 3.92625 0 
2156 2.06782 3.92625 0 
2157 2.06782 3.92625 0 
2158 2.06782 3.92625 0 
2159 2.06782 3.92625 0 
2160 2.06782 3.92625 0 
2161 2.06782 3.92625 0 
2162 2.06782 3.92625 0 
2163 2.84073 6.41673 0 
2164 2.89798 1.43578 0 
2165 2.06782 3.92625 0 
2166 2.06782 3.92625 0 
2167 2.06782 3.92625 0 
2168 2.06782 3.92625 0 
2169 2.06782 3.92625 0 
2170 2.06782 3.92625 0 
2171 2.06782 3.92625 0 
2172 2.06782 3.92625 0 
2173 2.06782 3.92625 0 
2174 2.06782 3.92625 0 
2175 2.06782 3.92625 0 
2176 2.06782 3.92625 0 
2177 2.06782 3.92625 0 
2178 2.06782 3.92625 0 
2179 2.06782 3.92625 0 
2180 2.06782 3.92625 0 
2181 2.89798 2.40907 0 
2182 2.89798 3.43961 0 
2183 2.06782 3.92625 0 
2184 2.06782 3.92625 0 
2185 2.06782 3.92625 0 
2186 2.06782 3.92625 0 
2187 2.06782 3.92625 0 
2188 2.06782 3.92625 0 
2189 2.06782 3.92625 0 
2190 2.06782 3.92625 0 
2191 2.06782 3.92625 0 
2192 2.06782 3.92625 0 
2193 2.06782 3.92625 0 
2194 2.06782 3.92625 0 
2195 2.06782 3.92625 0 
2196 2.06782 3.92625 0 
2197 2.06782 3.92625 0 
2198 2.06782 3.92625 0 
2199 2.06782 3.92625 0 
2200 2.06782 3.92625 0 
2201 2.06782 3.92625 0 
2202 2.06782 3.92625 0 
2203 2.89798 4.64191 0 
2204 2.89798 4.69916 0 
2205 2.89798 4.75641 0 
2206 2.89798 4.81367 0 
2207 2.89798 4.87092 0 
2208 2.89798 4.92817 0 
2209 2.89798 4.98542 0 
2210 2.89798 5.04268 0 
2211 2.89798 5.09993 0 
2212 2.89798 5.15718 0 
2213 2.89798 5.21443 0 
2214 2.89798 5.27169 0 
2215 2.89798 5.32894 0 
2216 2.89798 5.38619 0 
2217 2.89798 5.44344 0 
2218 2.89798 5.5007 0 
2219 2.89798 5.55795 0 
2220 2.89798 5.6152 0 
2221 2.89798 5.67245 0 
2222 2.89798 5.7297 0 
2223 2.89798 5.78696 0 
2224 2.06782 3.92625 0 
2225 2.06782 3.92625 0 
2226 2.06782 3.92625 0 
2227 2.06782 3.92625 0 
2228 2.06782 3.92625 0 
2229 2.06782 3.92625 0 
2230 2.06782 3.92625 0 
2231 2.06782 3.92625 0 
2232 2.06782 3.92625 0 
2233 2.06782 3.92625 0 
2234 2.89798 6.41673 0 
2235 2.95523 1.43578 0 
2236 2.06782 3.92625 0 
2237 2.06782 3.92625 0 
2238 2.06782 3.92625 0 
2239 2.06782 3.92625 0 
2240 2.06782 3.92625 0 
2241 2.06782 3.92625 0 
2242 2.06782 3.92625 0 
2243 2.06782 3.92625 0 
2244 2.06782 3.92625 0 
2245 2.06782 3.92625 0 
2246 2.06782 3.92625 0 
2247 2.06782 3.92625 0 
2248 2.06782 3.92625 0 
2249 2.06782 3.92625 0 
2250 2.06782 3.92625 0 
2251 2.06782 3.92625 0 
2252 2.95523 2.40907 0 
2253 2.95523 2.46632 0 
2254 2.95523 2.52357 0 
2255 2.95523 2.58083 0 
2256 2.95523 2.63808 0 
2257 2.95523 2.69533 0 
2258 2.95523 2.75258 0 
2259 2.95523 2.80984 0 
2260 2.95523 2.86709 0 
2261 2.95523 2.92434 0 
2262 2.95523 2.98159 0 
2263 2.95523 3.03885 0 
2264 2.95523 3.0961 0 
2265 2.95523 3.15335 0 
2266 2.95523 3.2106 0 
2267 2.95523 3.26785 0 
2268 2.95523 3.32511 0 
2269 2.95523 3.38236 0 
2270 2.95523 3.43961 0 
2271 2.06782 3.92625 0 
2272 2.06782 3.92625 0 
2273 2.06782 3.92625 0 
2274 2.06782 3.92625 0 
2275 2.06782 3.92625 0 
2276 2.06782 3.92625 0 
2277 2.06782 3.92625 0 
2278 2.06782 3.92625 0 
2279 2.06782 3.92625 0 
2280 2.06782 3.92625 0 
2281 2.06782 3.92625 0 
2282 2.06782 3.92625 0 
2283 2.06782 3.92625 0 
2284 2.06782 3.92625 0 
2285 2.06782 3.92625 0 
2286 2.06782 3.92625 0 
2287 2.06782 3.92625 0 
2288 2.06782 3.92625 0 
2289 2.06782 3.92625 0 
2290 2.06782 3.92625 0 
2291 2.06782 3.92625 0 
2292 2.06782 3.92625 0 
2293 2.06782 3.92625 0 
2294 2.06782 3.92625 0 
2295 2.06782 3.92625 0 
2296 2.06782 3.92625 0 
2297 2.06782 3.92625 0 
2298 2.06782 3.92625 0 
2299 2.06782 3.92625 0 
2300 2.06782 3.92625 0 
2301 2.06782 3.92625 0 
2302 2.06782 3.92625 0 
2303 2.06782 3.92625 0 
2304 2.06782 3.92625 0 
2305 2.06782 3.92625 0 
2306 2.06782 3.92625 0 
2307 2.06782 3.92625 0 
2308 2.06782 3.92625 0 
2309 2.06782 3.92625 0 
2310 2.06782 3.92625 0 
2311 2.06782 3.92625 0 
2312 2.06782 3.92625 0 
2313 2.06782 3.92625 0 
2314 2.06782 3.92625 0 
2315 2.06782 3.92625 0 
2316 2.06782 3.92625 0 
2317 2.06782 3.92625 0 
2318 2.06782 3.92625 0 
2319 2.06782 3.92625 0 
2320 2.06782 3.92625 0 
2321 2.06782 3.92625 0 
2322 2.95523 6.41673 0 
2323 3.01248 1.43578 0 
2324 2.06782 3.92625 0 
2325 2.06782 3.92625 0 
2326 2.06782 3.92625 0 
2327 2.06782 3.92625 0 
2328 2.06782 3.92625 0 
2329 2.06782 3.92625 0 
2330 2.06782 3.92625 0 
2331 2.06782 3.92625 0 
2332 2.06782 3.92625 0 
2333 2.06782 3.92625 0 
2334 2.06782 3.92625 0 
2335 2.06782 3.92625 0 
2336 2.06782 3.92625 0 
2337 2.06782 3.92625 0 
2338 2.06782 3.92625 0 
2339 2.06782 3.92625 0 
2340 2.06782 3.92625 0 
2341 2.06782 3.92625 0 
2342 2.06782 3.92625 0 
2343 2.06782 3.92625 0 
2344 2.06782 3.92625 0 
2345 2.06782 3.92625 0 
2346 2.06782 3.92625 0 
2347 2.06782 3.92625 0 
2348 2.06782 3.92625 0 
2349 2.06782 3.92625 0 
2350 2.06782 3.92625 0 
2351 2.06782 3.92625 0 
2352 2.06782 3.92625 0 
2353 2.06782 3.92625 0 
2354 2.06782 3.92625 0 
2355 2.06782 3.92625 0 
2356 2.06782 3.92625 0 
2357 2.06782 3.92625 0 
2358 2.06782 3.92625 0 
2359 2.06782 3.92625 0 
2360 2.06782 3.92625 0 
2361 2.06782 3.92625 0 
2362 2.06782 3.92625 0 
2363 2.06782 3.92625 0 
2364 2.06782 3.92625 0 
2365 2.06782 3.92625 0 
2366 2.06782 3.92625 0 
2367 2.06782 3.92625 0 
2368 2.06782 3.92625 0 
2369 2.06782 3.92625 0 
2370 2.06782 3.92625 0 
2371 2.06782 3.92625 0 
2372 2.06782 3.92625 0 
2373 2.06782 3.92625 0 
2374 2.06782 3.92625 0 
2375 2.06782 3.92625 0 
2376 2.06782 3.92625 0 
2377 2.06782 3.92625 0 
2378 2.06782 3.92625 0 
2379 2.06782 3.92625 0 
2380 2.06782 3.92625 0 
2381 2.06782 3.92625 0 
2382 2.06782 3.92625 0 
2383 2.06782 3.92625 0 
2384 2.06782 3.92625 0 
2385 2.06782 3.92625 0 
2386 2.06782 3.92625 0 
2387 2.06782 3.92625 0 
2388 2.06782 3.92625 0 
2389 2.06782 3.92625 0 
2390 2.06782 3.92625 0 
2391 2.06782 3.92625 0 
2392 2.06782 3.92625 0 
2393 2.06782 3.92625 0 
2394 2.06782 3.92625 0 
2395 2.06782 3.92625 0 
2396 2.06782 3.92625 0 
2397 2.06782 3.92625 0 
2398 2.06782 3.92625 0 
2399 2.06782 3.92625 0 
2400 2.06782 3.92625 0 
2401 2.06782 3.92625 0 
2402 2.06782 3.92625 0 
2403 2.06782 3.92625 0 
2404 2.06782 3.92625 0 
2405 2.06782 3.92625 0 
2406 2.06782 3.92625 0 
2407 2.06782 3.92625 0 
2408 2.06782 3.92625 0 
2409 2.06782 3.92625 0 
2410 3.01248 6.41673 0 
2411 3.06974 1.43578 0 
2412 2.06782 3.92625 0 
2413 2.06782 3.92625 0 
2414 2.06782 3.92625 0 
2415 2.06782 3.92625 0 
2416 2.06782 3.92625 0 
2417 2.06782 3.92625 0 
2418 2.06782 3.92625 0 
2419 2.06782 3.92625 0 
2420 2.06782 3.92625 0 
2421 2.06782 3.92625 0 
2422 2.06782 3.92625 0 
2423 2.06782 3.92625 0 
2424 2.06782 3.92625 0 
2425 2.06782 3.92625 0 
2426 2.06782 3.92625 0 
2427 2.06782 3.92625 0 
2428 2.06782 3.92625 0 
2429 2.06782 3.92625 0 
2430 2.06782 3.92625 0 
2431 2.06782 3.92625 0 
2432 2.06782 3.92625 0 
2433 2.06782 3.92625 0 
2434 2.06782 3.92625 0 
2435 2.06782 3.92625 0 
2436 2.06782 3.92625 0 
2437 2.06782 3.92625 0 
2438 2.06782 3.92625 0 
2439 2.06782 3.92625 0 
2440 2.06782 3.92625 0 
2441 2.06782 3.92625 0 
2442 2.06782 3.92625 0 
2443 2.06782 3.92625 0 
2444 2.06782 3.92625 0 
2445 2.06782 3.92625 0 
2446 2.06782 3.92625 0 
2447 2.06782 3.92625 0 
2448 2.06782 3.92625 0 
2449 2.06782 3.92625 0 
2450 2.06782 3.92625 0 
2451 2.06782 3.92625 0 
2452 2.06782 3.92625 0 
2453 2.06782 3.92625 0 
2454 2.06782 3.92625 0 
2455 2.06782 3.92625 0 
2456 2.06782 3.92625 0 
2457 2.06782 3.92625 0 
2458 2.06782 3.92625 0 
2459 2.06782 3.92625 0 
2460 2.06782 3.92625 0 
2461 2.06782 3.92625 0 
2462 2.06782 3.92625 0 
2463 2.06782 3.92625 0 
2464 2.06782 3.92625 0 
2465 2.06782 3.92625 0 
2466 2.06782 3.92625 0 
2467 2.06782 3.92625 0 
2468 2.06782 3.92625 0 
2469 2.06782 3.92625 0 
2470 2.06782 3.92625 0 
2471 2.06782 3.92625 0 
2472 2.06782 3.92625 0 
2473 2.06782 3.92625 0 
2474 2.06782 3.92625 0 
2475 2.06782 3.92625 0 
2476 2.06782 3.92625 0 
2477 2.06782 3.92625 0 
2478 2.06782 3.92625 0 
2479 2.06782 3.92625 0 
2480 2.06782 3.92625 0 
2481 2.06782 3.92625 0 
2482 2.06782 3.92625 0 
2483 2.06782 3.92625 0 
2484 2.06782 3.92625 0 
2485 2.06782 3.92625 0 
2486 2.06782 3.92625 0 
2487 2.06782 3.92625 0 
2488 2.06782 3.92625 0 
2489 2.06782 3.92625 0 
2490 2.06782 3.92625 0 
2491 2.06782 3.92625 0 
2492 2.06782 3.92625 0 
2493 2.06782 3.92625 0 
2494 2.06782 3.92625 0 
2495 2.06782 3.92625 0 
2496 2.06782 3.92625 0 
2497 2.06782 3.92625 0 
2498 3.06974 6.41673 0 
2499 3.12699 1.43578 0 
2500 2.06782 3.92625 0 
2501 2.06782 3.92625 0 
2502 2.06782 3.92625 0 
2503 2.06782 3.92625 0 
2504 2.06782 3.92625 0 
2505 2.06782 3.92625 0 
2506 2.06782 3.92625 0 
2507 2.06782 3.92625 0 
2508 2.06782 3.92625 0 
2509 2.06782 3.92625 0 
2510 2.06782 3.92625 0 
2511 2.06782 3.92625 0 
2512 2.06782 3.92625 0 
2513 2.06782 3.92625 0 
2514 2.06782 3.92625 0 
2515 2.06782 3.92625 0 
2516 2.06782 3.92625 0 
2517 2.06782 3.92625 0 
2518 2.06782 3.92625 0 
2519 2.06782 3.92625 0 
2520 2.06782 3.92625 0 
2521 2.06782 3.92625 0 
2522 2.06782 3.92625 0 
2523 2.06782 3.92625 0 
2524 2.06782 3.92625 0 
2525 2.06782 3.92625 0 
2526 2.06782 3.92625 0 
2527 2.06782 3.92625 0 
2528 2.06782 3.92625 0 
2529 2.06782 3.92625 0 
2530 2.06782 3.92625 0 
2531 2.06782 3.92625 0 
2532 2.06782 3.92625 0 
2533 2.06782 3.92625 0 
2534 2.06782 3.92625 0 
2535 2.06782 3.92625 0 
2536 2.06782 3.92625 0 
2537 2.06782 3.92625 0 
2538 2.06782 3.92625 0 
2539 2.06782 3.92625 0 
2540 2.06782 3.92625 0 
2541 2.06782 3.92625 0 
2542 2.06782 3.92625 0 
2543 2.06782 3.92625 0 
2544 2.06782 3.92625 0 
2545 2.06782 3.92625 0 
2546 2.06782 3.92625 0 
2547 2.06782 3.92625 0 
2548 2.06782 3.92625 0 
2549 2.06782 3.92625 0 
2550 2.06782 3.92625 0 
2551 2.06782 3.92625 0 
2552 2.06782 3.92625 0 
2553 2.06782 3.92625 0 
2554 2.06782 3.92625 0 
2555 2.06782 3.92625 0 
2556 2.06782 3.92625 0 
2557 2.06782 3.92625 0 
2558 2.06782 3.92625 0 
2559 2.06782 3.92625 0 
2560 2.06782 3.92625 0 
2561 2.06782 3.92625 0 
2562 2.06782 3.92625 0 
2563 2.06782 3.92625 0 
2564 2.06782 3.92625 0 
2565 2.06782 3.92625 0 
2566 2.06782 3.92625 0 
2567 2.06782 3.92625 0 
2568 2.06782 3.92625 0 
2569 2.06782 3.92625 0 
2570 2.06782 3.92625 0 
2571 2.06782 3.92625 0 
2572 2.06782 3.92625 0 
2573 2.06782 3.92625 0 
2574 2.06782 3.92625 0 
2575 2.06782 3.92625 0 
2576 2.06782 3.92625 0 
2577 2.06782 3.92625 0 
2578 2.06782 3.92625 0 
2579 2.06782 3.92625 0 
2580 2.06782 3.92625 0 
2581 2.06782 3.92625 0 
2582 2.06782 3.92625 0 
2583 2.06782 3.92625 0 
2584 2.06782 3.92625 0 
2585 2.06782 3.92625 0 
2586 3.12699 6.41673 0 
2587 3.18424 1.43578 0 
2588 2.06782 3.92625 0 
2589 2.06782 3.92625 0 
2590 2.06782 3.92625 0 
2591 2.06782 3.92625 0 
2592 2.06782 3.92625 0 
2593 2.06782 3.92625 0 
2594 2.06782 3.92625 0 
2595 2.06782 3.92625 0 
2596 2.06782 3.92625 0 
2597 2.06782 3.92625 0 
2598 2.06782 3.92625 0 
2599 2.06782 3.92625 0 
2600 2.06782 3.92625 0 
2601 2.06782 3.92625 0 
2602 2.06782 3.92625 0 
2603 2.06782 3.92625 0 
2604 2.06782 3.92625 0 
2605 2.06782 3.92625 0 
2606 2.06782 3.92625 0 
2607 2.06782 3.92625 0 
2608 2.06782 3.92625 0 
2609 2.06782 3.92625 0 
2610 2.06782 3.92625 0 
2611 2.06782 3.92625 0 
2612 2.06782 3.92625 0 
2613 2.06782 3.92625 0 
2614 2.06782 3.92625 0 
2615 2.06782 3.92625 0 
2616 2.06782 3.92625 0 
2617 2.06782 3.92625 0 
2618 2.06782 3.92625 0 
2619 2.06782 3.92625 0 
2620 2.06782 3.92625 0 
2621 2.06782 3.92625 0 
2622 2.06782 3.92625 0 
2623 2.06782 3.92625 0 
2624 2.06782 3.92625 0 
2625 2.06782 3.92625 0 
2626 2.06782 3.92625 0 
2627 2.06782 3.92625 0 
2628 2.06782 3.92625 0 
2629 2.06782 3.92625 0 
2630 2.06782 3.92625 0 
2631 2.06782 3.92625 0 
2632 2.06782 3.92625 0 
2633 2.06782 3.92625 0 
2634 2.06782 3.92625 0 
2635 2.06782 3.92625 0 
2636 2.06782 3.92625 0 
2637 2.06782 3.92625 0 
2638 2.06782 3.92625 0 
2639 2.06782 3.92625 0 
2640 2.06782 3.92625 0 
2641 2.06782 3.92625 0 
2642 2.06782 3.92625 0 
2643 2.06782 3.92625 0 
2644 2.06782 3.92625 0 
2645 2.06782 3.92625 0 
2646 2.06782 3.92625 0 
2647 2.06782 3.92625 0 
2648 2.06782 3.92625 0 
2649 2.06782 3.92625 0 
2650 2.06782 3.92625 0 
2651 2.06782 3.92625 0 
2652 2.06782 3.92625 0 
2653 2.06782 3.92625 0 
2654 2.06782 3.92625 0 
2655 2.06782 3.92625 0 
2656 2.06782 3.92625 0 
2657 2.06782 3.92625 0 
2658 2.06782 3.92625 0 
2659 2.06782 3.92625 0 
2660 2.06782 3.92625 0 
2661 2.06782 3.92625 0 
2662 2.06782 3.92625 0 
2663 2.06782 3.92625 0 
2664 2.06782 3.92625 0 
2665 2.06782 3.92625 0 
2666 2.06782 3.92625 0 
2667 2.06782 3.92625 0 
2668 2.06782 3.92625 0 
2669 2.06782 3.92625 0 
2670 2.06782 3.92625 0 
2671 2.06782 3.92625 0 
2672 2.06782 3.92625 0 
2673 2.06782 3.92625 0 
2674 3.18424 6.41673 0 
2675 3.24149 1.43578 0 
2676 2.06782 3.92625 0 
2677 2.06782 3.92625 0 
2678 2.06782 3.92625 0 
2679 2.06782 3.92625 0 
2680 2.06782 3.92625 0 
2681 2.06782 3.92625 0 
2682 2.06782 3.92625 0 
2683 2.06782 3.92625 0 
2684 2.06782 3.92625 0 
2685 2.06782 3.92625 0 
2686 2.06782 3.92625 0 
2687 2.06782 3.92625 0 
2688 2.06782 3.92625 0 
2689 2.06782 3.92625 0 
2690 2.06782 3.92625 0 
2691 2.06782 3.92625 0 
2692 2.06782 3.92625 0 
2693 2.06782 3.92625 0 
2694 2.06782 3.92625 0 
2695 2.06782 3.92625 0 
2696 2.06782 3.92625 0 
2697 2.06782 3.92625 0 
2698 2.06782 3.92625 0 
2699 2.06782 3.92625 0 
2700 2.06782 3.92625 0 
2701 2.06782 3.92625 0 
2702 2.06782 3.92625 0 
2703 2.06782 3.92625 0 
2704 2.06782 3.92625 0 
2705 2.06782 3.92625 0 
2706 2.06782 3.92625 0 
2707 2.06782 3.92625 0 
2708 2.06782 3.92625 0 
2709 2.06782 3.92625 0 
2710 2.06782 3.92625 0 
2711 2.06782 3.92625 0 
2712 2.06782 3.92625 0 
2713 2.06782 3.92625 0 
2714 2.06782 3.92625 0 
2715 2.06782 3.92625 0 
2716 2.06782 3.92625 0 
2717 2.06782 3.92625 0 
2718 2.06782 3.92625 0 
2719 2.06782 3.92625 0 
2720 2.06782 3.92625 0 
2721 2.06782 3.92625 0 
2722 2.06782 3.92625 0 
2723 2.06782 3.92625 0 
2724 2.06782 3.92625 0 
2725 2.06782 3.92625 0 
2726 2.06782 3.92625 0 
2727 2.06782 3.92625 0 
2728 2.06782 3.92625 0 
2729 2.06782 3.92625 0 
2730 2.06782 3.92625 0 
2731 2.06782 3.92625 0 
2732 2.06782 3.92625 0 
2733 2.06782 3.92625 0 
2734 2.06782 3.92625 0 
2735 2.06782 3.92625 0 
2736 2.06782 3.92625 0 
2737 2.06782 3.92625 0 
2738 2.06782 3.92625 0 
2739 2.06782 3.92625 0 
2740 2.06782 3.92625 0 
2741 2.06782 3.92625 0 
2742 2.06782 3.92625 0 
2743 2.06782 3.92625 0 
2744 2.06782 3.92625 0 
2745 2.06782 3.92625 0 
2746 2.06782 3.92625 0 
2747 2.06782 3.92625 0 
2748 2.06782 3.92625 0 
2749 2.06782 3.92625 0 
2750 2.06782 3.92625 0 
2751 2.06782 3.92625 0 
2752 2.06782 3.92625 0 
2753 2.06782 3.92625 0 
2754 2.06782 3.92625 0 
2755 2.06782 3.92625 0 
2756 2.06782 3.92625 0 
2757 2.06782 3.92625 0 
2758 2.06782 3.92625 0 
2759 2.06782 3.92625 0 
2760 2.06782 3.92625 0 
2761 2.06782 3.92625 0 
2762 3.24149 6.41673 0 
2763 3.29875 1.43578 0 
2764 2.06782 3.92625 0 
2765 2.06782 3.92625 0 
2766 2.06782 3.92625 0 
2767 2.06782 3.92625 0 
2768 2.06782 3.92625 0 
2769 2.06782 3.92625 0 
2770 2.06782 3.92625 0 
2771 2.06782 3.92625 0 
2772 2.06782 3.92625 0 
2773 2.06782 3.92625 0 
2774 2.06782 3.92625 0 
2775 2.06782 3.92625 0 
2776 2.06782 3.92625 0 
2777 2.06782 3.92625 0 
2778 2.06782 3.92625 0 
2779 2.06782 3.92625 0 
2780 2.06782 3.92625 0 
2781 2.06782 3.92625 0 
2782 2.06782 3.92625 0 
2783 2.06782 3.92625 0 
2784 2.06782 3.92625 0 
2785 2.06782 3.92625 0 
2786 2.06782 3.92625 0 
2787 2.06782 3.92625 0 
2788 2.06782 3.92625 0 
2789 2.06782 3.92625 0 
2790 2.06782 3.92625 0 
2791 2.06782 3.92625 0 
2792 2.06782 3.92625 0 
2793 2.06782 3.92625 0 
2794 2.06782 3.92625 0 
2795 2.06782 3.92625 0 
2796 2.06782 3.92625 0 
2797 2.06782 3.92625 0 
2798 2.06782 3.92625 0 
2799 2.06782 3.92625 0 
2800 2.06782 3.92625 0 
2801 2.06782 3.92625 0 
2802 2.06782 3.92625 0 
2803 2.06782 3.92625 0 
2804 2.06782 3.92625 0 
2805 2.06782 3.92625 0 
2806 2.06782 3.92625 0 
2807 2.06782 3.92625 0 
2808 2.06782 3.92625 0 
2809 2.06782 3.92625 0 
2810 2.06782 3.92625 0 
2811 2.06782 3.92625 0 
2812 2.06782 3.92625 0 
2813 2.06782 3.92625 0 
2814 2.06782 3.92625 0 
2815 2.06782 3.92625 0 
2816 2.06782 3.92625 0 
2817 2.06782 3.92625 0 
2818 2.06782 3.92625 0 
2819 2.06782 3.92625 0 
2820 2.06782 3.92625 0 
2821 2.06782 3.92625 0 
2822 2.06782 3.92625 0 
2823 2.06782 3.92625 0 
2824 2.06782 3.92625 0 
2825 2.06782 3.92625 0 
2826 2.06782 3.92625 0 
2827 2.06782 3.92625 0 
2828 2.06782 3.92625 0 
2829 2.06782 3.92625 0 
2830 2.06782 3.92625 0 
2831 2.06782 3.92625 0 
2832 2.06782 3.92625 0 
2833 2.06782 3.92625 0 
2834 2.06782 3.92625 0 
2835 2.06782 3.92625 0 
2836 2.06782 3.92625 0 
2837 2.06782 3.92625 0 
2838 2.06782 3.92625 0 
2839 2.06782 3.92625 0 
2840 2.06782 3.92625 0 
2841 2.06782 3.92625 0 
2842 2.06782 3.92625 0 
2843 2.06782 3.92625 0 
2844 2.06782 3.92625 0 
2845 2.06782 3.92625 0 
2846 2.06782 3.92625 0 
2847 2.06782 3.92625 0 
2848 2.06782 3.92625 0 
2849 2.06782 3.92625 0 
2850 3.29875 6.41673 0 
2851 3.356 1.43578 0 
2852 2.06782 3.92625 0 
2853 2.06782 3.92625 0 
2854 2.06782 3.92625 0 
2855 2.06782 3.92625 0 
2856 2.06782 3.92625 0 
2857 2.06782 3.92625 0 
2858 2.06782 3.92625 0 
2859 2.06782 3.92625 0 
2860 2.06782 3.92625 0 
2861 2.06782 3.92625 0 
2862 2.06782 3.92625 0 
2863 2.06782 3.92625 0 
2864 2.06782 3.92625 0 
2865 2.06782 3.92625 0 
2866 2.06782 3.92625 0 
2867 2.06782 3.92625 0 
2868 2.06782 3.92625 0 
2869 2.06782 3.92625 0 
2870 2.06782 3.92625 0 
2871 2.06782 3.92625 0 
2872 2.06782 3.92625 0 
2873 2.06782 3.92625 0 
2874 2.06782 3.92625 0 
2875 2.06782 3.92625 0 
2876 2.06782 3.92625 0 
2877 2.06782 3.92625 0 
2878 2.06782 3.92625 0 
2879 2.06782 3.92625 0 
2880 2.06782 3.92625 0 
2881 2.06782 3.92625 0 
2882 2.06782 3.92625 0 
2883 2.06782 3.92625 0 
2884 2.06782 3.92625 0 
2885 2.06782 3.92625 0 
2886 2.06782 3.92625 0 
2887 2.06782 3.92625 0 
2888 2.06782 3.92625 0 
2889 2.06782 3.92625 0 
2890 2.06782 3.92625 0 
2891 2.06782 3.92625 0 
2892 2.06782 3.92625 0 
2893 2.06782 3.92625 0 
2894 2.06782 3.92625 0 
2895 2.06782 3.92625 0 
2896 2.06782 3.92625 0 
2897 2.06782 3.92625 0 
2898 2.06782 3.92625 0 
2899 2.06782 3.92625 0 
2900 2.06782 3.92625 0 
2901 2.06782 3.92625 0 
2902 2.06782 3.92625 0 
2903 2.06782 3.92625 0 
2904 2.06782 3.92625 0 
2905 2.06782 3.92625 0 
2906 2.06782 3.92625 0 
2907 2.06782 3.92625 0 
2908 2.06782 3.92625 0 
2909 2.06782 3.92625 0 
2910 2.06782 3.92625 0 
2911 2.06782 3.92625 0 
2912 2.06782 3.92625 0 
2913 2.06782 3.92625 0 
2914 2.06782 3.92625 0 
2915 2.06782 3.92625 0 
2916 2.06782 3.92625 0 
2917 2.06782 3.92625 0 
2918 2.06782 3.92625 0 
2919 2.06782 3.92625 0 
2920 2.06782 3.92625 0 
2921 2.06782 3.92625 0 
2922 2.06782 3.92625 0 
2923 2.06782 3.92625 0 
2924 2.06782 3.92625 0 
2925 2.06782 3.92625 0 
2926 2.06782 3.92625 0 
2927 2.06782 3.92625 0 
2928 2.06782 3.92625 0 
2929 2.06782 3.92625 0 
2930 2.06782 3.92625 0 
2931 2.06782 3.92625 0 
2932 2.06782 3.92625 0 
2933 2.06782 3.92625 0 
2934 2.06782 3.92625 0 
2935 2.06782 3.92625 0 
2936 2.06782 3.92625 0 
2937 2.06782 3.92625 0 
2938 3.356 6.41673 0 
2939 3.41325 1.43578 0 
2940 2.06782 3.92625 0 
2941 2.06782 3.92625 0 
2942 2.06782 3.92625 0 
2943 2.06782 3.92625 0 
2944 2.06782 3.92625 0 
2945 2.06782 3.92625 0 
2946 2.06782 3.92625 0 
2947 2.06782 3.92625 0 
2948 2.06782 3.92625 0 
2949 2.06782 3.92625 0 
2950 2.06782 3.92625 0 
2951 2.06782 3.92625 0 
2952 2.06782 3.92625 0 
2953 2.06782 3.92625 0 
2954 2.06782 3.92625 0 
2955 2.06782 3.92625 0 
2956 2.06782 3.92625 0 
2957 2.06782 3.92625 0 
2958 2.06782 3.92625 0 
2959 2.06782 3.92625 0 
2960 2.06782 3.92625 0 
2961 2.06782 3.92625 0 
2962 2.06782 3.92625 0 
2963 2.06782 3.92625 0 
2964 2.06782 3.92625 0 
2965 2.06782 3.92625 0 
2966 2.06782 3.92625 0 
2967 2.06782 3.92625 0 
2968 2.06782 3.92625 0 
2969 2.06782 3.92625 0 
2970 2.06782 3.92625 0 
2971 2.06782 3.92625 0 
2972 2.06782 3.92625 0 
2973 2.06782 3.92625 0 
2974 2.06782 3.92625 0 
2975 2.06782 3.92625 0 
2976 2.06782 3.92625 0 
2977 2.06782 3.92625 0 
2978 2.06782 3.92625 0 
2979 2.06782 3.92625 0 
2980 2.06782 3.92625 0 
2981 2.06782 3.92625 0 
2982 2.06782 3.92625 0 
2983 2.06782 3.92625 0 
2984 2.06782 3.92625 0 
2985 2.06782 3.92625 0 
2986 2.06782 3.92625 0 
2987 2.06782 3.92625 0 
2988 2.06782 3.92625 0 
2989 2.06782 3.92625 0 
2990 2.06782 3.92625 0 
2991 2.06782 3.92625 0 
2992 2.06782 3.92625 0 
2993 2.06782 3.92625 0 
2994 2.06782 3.92625 0 
2995 2.06782 3.92625 0 
2996 2.06782 3.92625 0 
2997 2.06782 3.92625 0 
2998 2.06782 3.92625 0 
2999 2.06782 3.92625 0 
3000 2.06782 3.92625 0 
3001 2.06782 3.92625 0 
3002 2.06782 3.92625 0 
3003 2.06782 3.92625 0 
3004 2.06782 3.92625 0 
3005 2.06782 3.92625 0 
3006 2.06782 3.92625 0 
3007 2.06782 3.92625 0 
3008 2.06782 3.92625 0 
3009 2.06782 3.92625 0 
3010 2.06782 3.92625 0 
3011 2.06782 3.92625 0 
3012 2.06782 3.92625 0 
3013 2.06782 3.92625 0 
3014 2.06782 3.92625 0 
3015 2.06782 3.92625 0 
3016 2.06782 3.92625 0 
3017 2.06782 3.92625 0 
3018 2.06782 3.92625 0 
3019 2.06782 3.92625 0 
3020 2.06782 3.92625 0 
3021 2.06782 3.92625 0 
3022 2.06782 3.92625 0 
3023 2.06782 3.92625 0 
3024 2.06782 3.92625 0 
3025 2.06782 3.92625 0 
3026 3.41325 6.41673 0 
3027 3.4705 1.43578 0 
3028 2.06782 3.92625 0 
3029 2.06782 3.92625 0 
3030 2.06782 3.92625 0 
3031 2.06782 3.92625 0 
3032 2.06782 3.92625 0 
3033 2.06782 3.92625 0 
3034 2.06782 3.92625 0 
3035 2.06782 3.92625 0 
3036 2.06782 3.92625 0 
3037 2.06782 3.92625 0 
3038 2.06782 3.92625 0 
3039 2.06782 3.92625 0 
3040 2.06782 3.92625 0 
3041 2.06782 3.92625 0 
3042 2.06782 3.92625 0 
3043 2.06782 3.92625 0 
3044 2.06782 3.92625 0 
3045 2.06782 3.92625 0 
3046 2.06782 3.92625 0 
3047 2.06782 3.92625 0 
3048 2.06782 3.92625 0 
3049 2.06782 3.92625 0 
3050 2.06782 3.92625 0 
3051 2.06782 3.92625 0 
3052 2.06782 3.92625 0 
3053 2.06782 3.92625 0 
3054 2.06782 3.92625 0 
3055 2.06782 3.92625 0 
3056 2.06782 3.92625 0 
3057 2.06782 3.92625 0 
3058 2.06782 3.92625 0 
3059 2.06782 3.92625 0 
3060 2.06782 3.92625 0 
3061 2.06782 3.92625 0 
3062 2.06782 3.92625 0 
3063 2.06782 3.92625 0 
3064 2.06782 3.92625 0 
3065 2.06782 3.92625 0 
3066 2.06782 3.92625 0 
3067 2.06782 3.92625 0 
3068 2.06782 3.92625 0 
3069 2.06782 3.92625 0 
3070 2.06782 3.92625 0 
3071 2.06782 3.92625 0 
3072 2.06782 3.92625 0 
3073 2.06782 3.92625 0 
3074 2.06782 3.92625 0 
3075 2.06782 3.92625 0 
3076 2.06782 3.92625 0 
3077 2.06782 3.92625 0 
3078 2.06782 3.92625 0 
3079 2.06782 3.92625 0 
3080 2.06782 3.92625 0 
3081 2.06782 3.92625 0 
3082 2.06782 3.92625 0 
3083 2.06782 3.92625 0 
3084 2.06782 3.92625 0 
3085 2.06782 3.92625 0 
3086 2.06782 3.92625 0 
3087 2.06782 3.92625 0 
3088 2.06782 3.92625 0 
3089 2.06782 3.92625 0 
3090 2.06782 3.92625 0 
3091 2.06782 3.92625 0 
3092 2.06782 3.92625 0 
3093 2.06782 3.92625 0 
3094 2.06782 3.92625 0 
3095 2.06782 3.92625 0 
3096 2.06782 3.92625 0 
3097 2.06782 3.92625 0 
3098 2.06782 3.92625 0 
3099 2.06782 3.92625 0 
3100 2.06782 3.92625 0 
3101 2.06782 3.92625 0 
3102 2.06782 3.92625 0 
3103 2.06782 3.92625 0 
3104 2.06782 3.92625 0 
3105 2.06782 3.92625 0 
3106 2.06782 3.92625 0 
3107 2.06782 3.92625 0 
3108 2.06782 3.92625 0 
3109 2.06782 3.92625 0 
3110 2.06782 3.92625 0 
3111 2.06782 3.92625 0 
3112 2.06782 3.92625 0 
3113 2.06782 3.92625 0 
3114 3.4705 6.41673 0 
3115 3.52776 1.43578 0 
3116 2.06782 3.92625 0 
3117 2.06782 3.92625 0 
3118 2.06782 3.92625 0 
3119 2.06782 3.92625 0 
3120 2.06782 3.92625 0 
3121 2.06782 3.92625 0 
3122 2.06782 3.92625 0 
3123 2.06782 3.92625 0 
3124 2.06782 3.92625 0 
3125 2.06782 3.92625 0 
3126 2.06782 3.92625 0 
3127 2.06782 3.92625 0 
3128 2.06782 3.92625 0 
3129 2.06782 3.92625 0 
3130 2.06782 3.92625 0 
3131 2.06782 3.92625 0 
3132 2.06782 3.92625 0 
3133 2.06782 3.92625 0 
3134 2.06782 3.92625 0 
3135 2.06782 3.92625 0 
3136 2.06782 3.92625 0 
3137 2.06782 3.92625 0 
3138 2.06782 3.92625 0 
3139 2.06782 3.92625 0 
3140 2.06782 3.92625 0 
3141 2.06782 3.92625 0 
3142 2.06782 3.92625 0 
3143 2.06782 3.92625 0 
3144 2.06782 3.92625 0 
3145 2.06782 3.92625 0 
3146 2.06782 3.92625 0 
3147 2.06782 3.92625 0 
3148 2.06782 3.92625 0 
3149 2.06782 3.92625 0 
3150 2.06782 3.92625 0 
3151 2.06782 3.92625 0 
3152 2.06782 3.92625 0 
3153 2.06782 3.92625 0 
3154 2.06782 3.92625 0 
3155 2.06782 3.92625 0 
3156 2.06782 3.92625 0 
3157 2.06782 3.92625 0 
3158 2.06782 3.92625 0 
3159 2.06782 3.92625 0 
3160 2.06782 3.92625 0 
3161 2.06782 3.92625 0 
3162 2.06782 3.92625 0 
3163 2.06782 3.92625 0 
3164 2.06782 3.92625 0 
3165 2.06782 3.92625 0 
3166 2.06782 3.92625 0 
3167 2.06782 3.92625 0 
3168 2.06782 3.92625 0 
3169 2.06782 3.92625 0 
3170 2.06782 3.92625 0 
3171 2.06782 3.92625 0 
3172 2.06782 3.92625 0 
3173 3.52776 4.75641 0 
3174 3.52776 4.81367 0 
3175 3.52776 4.87092 0 
3176 3.52776 4.92817 0 
3177 3.52776 4.98542 0 
3178 3.52776 5.04268 0 
3179 3.52776 5.09993 0 
3180 3.52776 5.15718 0 
3181 3.52776 5.21443 0 
3182 3.52776 5.27169 0 
3183 3.52776 5.32894 0 
3184 3.52776 5.38619 0 
3185 3.52776 5.44344 0 
3186 3.52776 5.5007 0 
3187 3.52776 5.55795 0 
3188 3.52776 5.6152 0 
3189 3.52776 5.67245 0 
3190 3.52776 5.7297 0 
3191 3.52776 5.78696 0 
3192 3.52776 5.84421 0 
3193 3.52776 5.90146 0 
3194 3.52776 5.95871 0 
3195 3.52776 6.01596 0 
3196 3.52776 6.07322 0 
3197 3.52776 6.13047 0 
3198 3.52776 6.18772 0 
3199 3.52776 6.24498 0 
3200 3.52776 6.30223 0 
3201 3.52776 6.35948 0 
3202 3.52776 6.41673 0 
3203 3.58501 1.43578 0 
3204 2.06782 3.92625 0 
3205 2.06782 3.92625 0 
3206 2.06782 3.92625 0 
3207 2.06782 3.92625 0 
3208 2.06782 3.92625 0 
3209 2.06782 3.92625 0 
3210 2.06782 3.92625 0 
3211 2.06782 3.92625 0 
3212 2.06782 3.92625 0 
3213 2.06782 3.92625 0 
3214 2.06782 3.92625 0 
3215 2.06782 3.92625 0 
3216 2.06782 3.92625 0 
3217 2.06782 3.92625 0 
3218 2.06782 3.92625 0 
3219 2.06782 3.92625 0 
3220 2.06782 3.92625 0 
3221 2.06782 3.92625 0 
3222 2.06782 3.92625 0 
3223 2.06782 3.92625 0 
3224 2.06782 3.92625 0 
3225 2.06782 3.92625 0 
3226 2.06782 3.92625 0 
3227 2.06782 3.92625 0 
3228 2.06782 3.92625 0 
3229 2.06782 3.92625 0 
3230 2.06782 3.92625 0 
3231 2.06782 3.92625 0 
3232 2.06782 3.92625 0 
3233 2.06782 3.92625 0 
3234 2.06782 3.92625 0 
3235 2.06782 3.92625 0 
3236 2.06782 3.92625 0 
3237 2.06782 3.92625 0 
3238 2.06782 3.92625 0 
3239 2.06782 3.92625 0 
3240 2.06782 3.92625 0 
3241 2.06782 3.92625 0 
3242 2.06782 3.92625 0 
3243 2.06782 3.92625 0 
3244 2.06782 3.92625 0 
3245 2.06782 3.92625 0 
3246 2.06782 3.92625 0 
3247 2.06782 3.92625 0 
3248 2.06782 3.92625 0 
3249 2.06782 3.92625 0 
3250 2.06782 3.92625 0 
3251 2.06782 3.92625 0 
3252 2.06782 3.92625 0 
3253 2.06782 3.92625 0 
3254 2.06782 3.92625 0 
3255 2.06782 3.92625 0 
3256 2.06782 3.92625 0 
3257 2.06782 3.92625 0 
3258 2.06782 3.92625 0 
3259 2.06782 3.92625 0 
3260 2.06782 3.92625 0 
3261 3.58501 4.75641 0 
3262 3.64226 1.43578 0 
3263 3.64226 1.49303 0 
3264 3.64226 1.55028 0 
3265 3.64226 1.60754 0 
3266 3.64226 1.66479 0 
3267 3.64226 1.72204 0 
3268 3.64226 1.77929 0 
3269 3.64226 1.83655 0 
3270 3.64226 1.8938 0 
3271 3.64226 1.95105 0 
3272 3.64226 2.0083 0 
3273 3.64226 2.06556 0 
3274 3.64226 2.12281 0 
3275 3.64226 2.18006 0 
3276 3.64226 2.23731 0 
3277 3.64226 2.29456 0 
3278 3.64226 2.35182 0 
3279 3.64226 2.40907 0 
3280 3.64226 2.46632 0 
3281 3.64226 2.52357 0 
3282 3.64226 2.58083 0 
3283 3.64226 2.63808 0 
3284 3.64226 2.69533 0 
3285 3.64226 2.75258 0 
3286 3.64226 2.80984 0 
3287 3.64226 2.86709 0 
3288 3.64226 2.92434 0 
3289 3.64226 2.98159 0 
3290 3.64226 3.03885 0 
3291 3.64226 3.0961 0 
3292 3.64226 3.15335 0 
3293 3.64226 3.2106 0 
3294 3.64226 3.26785 0 
3295 3.64226 3.32511 0 
3296 3.64226 3.38236 0 
3297 3.64226 3.43961 0 
3298 3.64226 3.49686 0 
3299 3.64226 3.55412 0 
3300 3.64226 3.61137 0 
3301 3.64226 3.66862 0 
3302 3.64226 3.72587 0 
3303 3.64226 3.78312 0 
3304 2.06782 3.92625 0 
3305 2.06782 3.92625 0 
3306 2.06782 3.92625 0 
3307 2.06782 3.92625 0 
3308 2.06782 3.92625 0 
3309 2.06782 3.92625 0 
3310 2.06782 3.92625 0 
3311 2.06782 3.92625 0 
3312 2.06782 3.92625 0 
3313 2.06782 3.92625 0 
3314 2.06782 3.92625 0 
3315 2.06782 3.92625 0 
3316 2.06782 3.92625 0 
3317 2.06782 3.92625 0 
3318 2.06782 3.92625 0 
3319 2.06782 3.92625 0 
3320 3.64226 4.75641 0 
3321 3.69951 3.78312 0 
3322 2.06782 3.92625 0 
3323 2.06782 3.92625 0 
3324 2.06782 3.92625 0 
3325 2.06782 3.92625 0 
3326 2.06782 3.92625 0 
3327 2.06782 3.92625 0 
3328 2.06782 3.92625 0 
3329 2.06782 3.92625 0 
3330 2.06782 3.92625 0 
3331 2.06782 3.92625 0 
3332 2.06782 3.92625 0 
3333 2.06782 3.92625 0 
3334 2.06782 3.92625 0 
3335 2.06782 3.92625 0 
3336 2.06782 3.92625 0 
3337 2.06782 3.92625 0 
3338 3.69951 4.75641 0 
3339 3.75676 3.78312 0 
3340 2.06782 3.92625 0 
3341 2.06782 3.92625 0 
3342 2.06782 3.92625 0 
3343 2.06782 3.92625 0 
3344 2.06782 3.92625 0 
3345 2.06782 3.92625 0 
3346 2.06782 3.92625 0 
3347 2.06782 3.92625 0 
3348 2.06782 3.92625 0 
3349 2.06782 3.92625 0 
3350 2.06782 3.92625 0 
3351 2.06782 3.92625 0 
3352 2.06782 3.92625 0 
3353 2.06782 3.92625 0 
3354 2.06782 3.92625 0 
3355 2.06782 3.92625 0 
3356 3.75676 4.75641 0 
3357 3.81402 3.78312 0 
3358 2.06782 3.92625 0 
3359 2.06782 3.92625 0 
3360 2.06782 3.92625 0 
3361 2.06782 3.92625 0 
3362 2.06782 3.92625 0 
3363 2.06782 3.92625 0 
3364 2.06782 3.92625 0 
3365 2.06782 3.92625 0 
3366 2.06782 3.92625 0 
3367 2.06782 3.92625 0 
3368 2.06782 3.92625 0 
3369 2.06782 3.92625 0 
3370 2.06782 3.92625 0 
3371 2.06782 3.92625 0 
3372 2.06782 3.92625 0 
3373 2.06782 3.92625 0 
3374 3.81402 4.75641 0 
3375 3.87127 3.78312 0 
3376 2.06782 3.92625 0 
3377 2.06782 3.92625 0 
3378 2.06782 3.92625 0 
3379 2.06782 3.92625 0 
3380 2.06782 3.92625 0 
3381 2.06782 3.92625 0 
3382 2.06782 3.92625 0 
3383 2.06782 3.92625 0 
3384 2.06782 3.92625 0 
3385 2.06782 3.92625 0 
3386 2.06782 3.92625 0 
3387 2.06782 3.92625 0 
3388 2.06782 3.92625 0 
3389 2.06782 3.92625 0 
3390 2.06782 3.92625 0 
3391 2.06782 3.92625 0 
3392 3.87127 4.75641 0 
3393 3.92852 3.78312 0 
3394 2.06782 3.92625 0 
3395 2.06782 3.92625 0 
3396 2.06782 3.92625 0 
3397 2.06782 3.92625 0 
3398 2.06782 3.92625 0 
3399 2.06782 3.92625 0 
3400 2.06782 3.92625 0 
3401 2.06782 3.92625 0 
3402 2.06782 3.92625 0 
3403 2.06782 3.92625 0 
3404 2.06782 3.92625 0 
3405 2.06782 3.92625 0 
3406 2.06782 3.92625 0 
3407 2.06782 3.92625 0 
3408 2.06782 3.92625 0 
3409 2.06782 3.92625 0 
3410 3.92852 4.75641 0 
3411 3.98577 3.78312 0 
3412 2.06782 3.92625 0 
3413 2.06782 3.92625 0 
3414 2.06782 3.92625 0 
3415 2.06782 3.92625 0 
3416 2.06782 3.92625 0 
3417 2.06782 3.92625 0 
3418 2.06782 3.92625 0 
3419 2.06782 3.92625 0 
3420 2.06782 3.92625 0 
3421 2.06782 3.92625 0 
3422 2.06782 3.92625 0 
3423 2.06782 3.92625 0 
3424 2.06782 3.92625 0 
3425 2.06782 3.92625 0 
3426 2.06782 3.92625 0 
3427 2.06782 3.92625 0 
3428 3.98577 4.75641 0 
3429 4.04303 3.78312 0 
3430 2.06782 3.92625 0 
3431 2.06782 3.92625 0 
3432 2.06782 3.92625 0 
3433 2.06782 3.92625 0 
3434 2.06782 3.92625 0 
3435 2.06782 3.92625 0 
3436 2.06782 3.92625 0 
3437 2.06782 3.92625 0 
3438 2.06782 3.92625 0 
3439 2.06782 3.92625 0 
3440 2.06782 3.92625 0 
3441 2.06782 3.92625 0 
3442 2.06782 3.92625 0 
3443 2.06782 3.92625 0 
3444 2.06782 3.92625 0 
3445 2.06782 3.92625 0 
3446 4.04303 4.75641 0 
3447 4.10028 3.78312 0 
3448 2.06782 3.92625 0 
3449 2.06782 3.92625 0 
3450 2.06782 3.92625 0 
3451 2.06782 3.92625 0 
3452 2.06782 3.92625 0 
3453 2.06782 3.92625 0 
3454 2.06782 3.92625 0 
3455 2.06782 3.92625 0 
3456 2.06782 3.92625 0 
3457 2.06782 3.92625 0 
3458 2.06782 3.92625 0 
3459 2.06782 3.92625 0 
3460 2.06782 3.92625 0 
3461 2.06782 3.92625 0 
3462 2.06782 3.92625 0 
3463 2.06782 3.92625 0 
3464 4.10028 4.75641 0 
3465 4.15753 3.78312 0 
3466 2.06782 3.92625 0 
3467 2.06782 3.92625 0 
3468 2.06782 3.92625 0 
3469 2.06782 3.92625 0 
3470 2.06782 3.92625 0 
3471 2.06782 3.92625 0 
3472 2.06782 3.92625 0 
3473 2.06782 3.92625 0 
3474 2.06782 3.92625 0 
3475 2.06782 3.92625 0 
3476 2.06782 3.92625 0 
3477 2.06782 3.92625 0 
3478 2.06782 3.92625 0 
3479 2.06782 3.92625 0 
3480 2.06782 3.92625 0 
3481 2.06782 3.92625 0 
3482 4.15753 4.75641 0 
3483 4.21478 3.78312 0 
3484 2.06782 3.92625 0 
3485 2.06782 3.92625 0 
3486 2.06782 3.92625 0 
3487 2.06782 3.92625 0 
3488 2.06782 3.92625 0 
3489 2.06782 3.92625 0 
3490 2.06782 3.92625 0 
3491 2.06782 3.92625 0 
3492 2.06782 3.92625 0 
3493 2.06782 3.92625 0 
3494 2.06782 3.92625 0 
3495 2.06782 3.92625 0 
3496 2.06782 3.92625 0 
3497 2.06782 3.92625 0 
3498 2.06782 3.92625 0 
3499 2.06782 3.92625 0 
3500 4.21478 4.75641 0 
3501 4.27204 3.78312 0 
3502 2.06782 3.92625 0 
3503 2.06782 3.92625 0 
3504 2.06782 3.92625 0 
3505 2.06782 3.92625 0 
3506 2.06782 3.92625 0 
3507 2.06782 3.92625 0 
3508 2.06782 3.92625 0 
3509 2.06782 3.92625 0 
3510 2.06782 3.92625 0 
3511 2.06782 3.92625 0 
3512 2.06782 3.92625 0 
3513 2.06782 3.92625 0 
3514 2.06782 3.92625 0 
3515 2.06782 3.92625 0 
3516 2.06782 3.92625 0 
3517 2.06782 3.92625 0 
3518 4.27204 4.75641 0 
3519 4.32929 3.78312 0 
3520 2.06782 3.92625 0 
3521 2.06782 3.92625 0 
3522 2.06782 3.92625 0 
3523 2.06782 3.92625 0 
3524 2.06782 3.92625 0 
3525 2.06782 3.92625 0 
3526 2.06782 3.92625 0 
3527 2.06782 3.92625 0 
3528 2.06782 3.92625 0 
3529 2.06782 3.92625 0 
3530 2.06782 3.92625 0 
3531 2.06782 3.92625 0 
3532 2.06782 3.92625 0 
3533 2.06782 3.92625 0 
3534 2.06782 3.92625 0 
3535 2.06782 3.92625 0 
3536 4.32929 4.75641 0 
3537 4.38654 3.78312 0 
3538 2.06782 3.92625 0 
3539 2.06782 3.92625 0 
3540 2.06782 3.92625 0 
3541 2.06782 3.92625 0 
3542 2.06782 3.92625 0 
3543 2.06782 3.92625 0 
3544 2.06782 3.92625 0 
3545 2.06782 3.92625 0 
3546 2.06782 3.92625 0 
3547 2.06782 3.92625 0 
3548 2.06782 3.92625 0 
3549 2.06782 3.92625 0 
3550 2.06782 3.92625 0 
3551 2.06782 3.92625 0 
3552 2.06782 3.92625 0 
3553 2.06782 3.92625 0 
3554 4.38654 4.75641 0 
3555 4.44379 3.78312 0 
3556 2.06782 3.92625 0 
3557 2.06782 3.92625 0 
3558 2.06782 3.92625 0 
3559 2.06782 3.92625 0 
3560 2.06782 3.92625 0 
3561 2.06782 3.92625 0 
3562 2.06782 3.92625 0 
3563 2.06782 3.92625 0 
3564 2.06782 3.92625 0 
3565 2.06782 3.92625 0 
3566 2.06782 3.92625 0 
3567 2.06782 3.92625 0 
3568 2.06782 3.92625 0 
3569 2.06782 3.92625 0 
3570 2.06782 3.92625 0 
3571 2.06782 3.92625 0 
3572 4.44379 4.75641 0 
3573 4.50104 3.78312 0 
3574 2.06782 3.92625 0 
3575 2.06782 3.92625 0 
3576 2.06782 3.92625 0 
3577 2.06782 3.92625 0 
3578 2.06782 3.92625 0 
3579 2.06782 3.92625 0 
3580 2.06782 3.92625 0 
3581 2.06782 3.92625 0 
3582 2.06782 3.92625 0 
3583 2.06782 3.92625 0 
3584 2.06782 3.92625 0 
3585 2.06782 3.92625 0 
3586 2.06782 3.92625 0 
3587 2.06782 3.92625 0 
3588 2.06782 3.92625 0 
3589 2.06782 3.92625 0 
3590 4.50104 4.75641 0 
3591 4.5583 3.78312 0 
3592 2.06782 3.92625 0 
3593 2.06782 3.92625 0 
3594 2.06782 3.92625 0 
3595 2.06782 3.92625 0 
3596 2.06782 3.92625 0 
3597 2.06782 3.92625 0 
3598 2.06782 3.92625 0 
3599 2.06782 3.92625 0 
3600 2.06782 3.92625 0 
3601 2.06782 3.92625 0 
3602 2.06782 3.92625 0 
3603 2.06782 3.92625 0 
3604 2.06782 3.92625 0 
3605 2.06782 3.92625 0 
3606 2.06782 3.92625 0 
3607 2.06782 3.92625 0 
3608 4.5583 4.75641 0 
3609 4.61555 3.78312 0 
3610 2.06782 3.92625 0 
3611 2.06782 3.92625 0 
3612 2.06782 3.92625 0 
3613 2.06782 3.92625 0 
3614 2.06782 3.92625 0 
3615 2.06782 3.92625 0 
3616 2.06782 3.92625 0 
3617 2.06782 3.92625 0 
3618 2.06782 3.92625 0 
3619 2.06782 3.92625 0 
3620 2.06782 3.92625 0 
3621 2.06782 3.92625 0 
3622 2.06782 3.92625 0 
3623 2.06782 3.92625 0 
3624 2.06782 3.92625 0 
3625 2.06782 3.92625 0 
3626 4.61555 4.75641 0 
3627 4.6728 3.78312 0 
3628 4.6728 3.84038 0 
3629 4.6728 3.89763 0 
3630 4.6728 3.95488 0 
3631 4.6728 4.01214 0 
3632 4.6728 4.06939 0 
3633 4.6728 4.12664 0 
3634 4.6728 4.18389 0 
3635 4.6728 4.24114 0 
3636 4.6728 4.2984 0 
3637 4.6728 4.35565 0 
3638 4.6728 4.4129 0 
3639 4.6728 4.47015 0 
3640 4.6728 4.5274 0 
3641 4.6728 4.58466 0 
3642 4.6728 4.64191 0 
3643 4.6728 4.69916 0 
3644 4.6728 4.75641 0 
