0 -0.424434 -0.405 0 
1 -0.424434 -0.393183 0 
2 -0.424434 -0.381365 0 
3 -0.424434 -0.369548 0 
4 -0.424434 -0.357731 0 
5 -0.424434 -0.345913 0 
6 -0.424434 -0.334096 0 
7 -0.424434 -0.322279 0 
8 -0.424434 -0.310462 0 
9 -0.424434 -0.298644 0 
10 -0.424434 -0.286827 0 
11 -0.424434 -0.27501 0 
12 -0.424434 -0.263193 0 
13 -0.424434 -0.251375 0 
14 -0.424434 -0.239558 0 
15 -0.424434 -0.227741 0 
16 -0.424434 -0.215924 0 
17 -0.424434 -0.204106 0 
18 -0.424434 -0.192289 0 
19 -0.424434 -0.180472 0 
20 -0.424434 -0.168654 0 
21 -0.424434 -0.156837 0 
22 -0.424434 -0.14502 0 
23 -0.424434 -0.133203 0 
24 -0.424434 -0.121385 0 
25 -0.424434 -0.109568 0 
26 -0.424434 -0.0977508 0 
27 -0.424434 -0.0859335 0 
28 -0.412616 -0.405 0 
29 -0.394249 -0.396134 0 
30 -0.42629 -0.387593 0 
31 -0.396227 -0.370301 0 
32 -0.399429 -0.353251 0 
33 -0.42795 -0.324627 0 
34 -0.40156 -0.321747 0 
35 -0.413459 -0.33169 0 
36 -0.436109 -0.314852 0 
37 -0.396553 -0.302095 0 
38 -0.435837 -0.267197 0 
39 -0.400897 -0.274255 0 
40 -0.431866 -0.261639 0 
41 -0.405491 -0.25264 0 
42 -0.434307 -0.243382 0 
43 -0.406507 -0.208688 0 
44 -0.40814 -0.208167 0 
45 -0.428475 -0.188783 0 
46 -0.412331 -0.185979 0 
47 -0.395707 -0.191036 0 
48 -0.412529 -0.186906 0 
49 -0.429111 -0.179238 0 
50 -0.411152 -0.119716 0 
51 -0.406432 -0.124233 0 
52 -0.415364 -0.124431 0 
53 -0.412346 -0.10286 0 
54 -0.398814 -0.100616 0 
55 -0.412616 -0.0859335 0 
56 -0.400799 -0.405 0 
57 -0.397022 -0.395 0 
58 -0.411654 -0.375686 0 
59 -0.399827 -0.36041 0 
60 -0.379256 -0.365898 0 
61 -0.384242 -0.34973 0 
62 -0.392567 -0.343869 0 
63 -0.389566 -0.310905 0 
64 -0.409857 -0.319833 0 
65 -0.40303 -0.263928 0 
66 -0.390701 -0.29052 0 
67 -0.385443 -0.261925 0 
68 -0.408557 -0.258046 0 
69 -0.409482 -0.258322 0 
70 -0.410279 -0.226047 0 
71 -0.415845 -0.230514 0 
72 -0.387257 -0.212313 0 
73 -0.39914 -0.218873 0 
74 -0.408858 -0.179306 0 
75 -0.388039 -0.196487 0 
76 -0.425517 -0.152091 0 
77 -0.399972 -0.155096 0 
78 -0.405057 -0.152217 0 
79 -0.411182 -0.122694 0 
80 -0.37568 -0.136679 0 
81 -0.392385 -0.125666 0 
82 -0.422428 -0.0839684 0 
83 -0.400799 -0.0859335 0 
84 -0.388982 -0.405 0 
85 -0.37768 -0.381716 0 
86 -0.406153 -0.357559 0 
87 -0.392705 -0.365834 0 
88 -0.395114 -0.352876 0 
89 -0.386709 -0.338196 0 
90 -0.390555 -0.318366 0 
91 -0.395271 -0.298099 0 
92 -0.388 -0.300103 0 
93 -0.404135 -0.281217 0 
94 -0.378407 -0.278306 0 
95 -0.366126 -0.276999 0 
96 -0.389847 -0.262207 0 
97 -0.387445 -0.228003 0 
98 -0.37869 -0.237241 0 
99 -0.399795 -0.240246 0 
100 -0.402062 -0.237992 0 
101 -0.379996 -0.202142 0 
102 -0.395431 -0.166425 0 
103 -0.374554 -0.162727 0 
104 -0.370031 -0.192331 0 
105 -0.401843 -0.166121 0 
106 -0.400468 -0.145396 0 
107 -0.377242 -0.165912 0 
108 -0.38955 -0.11334 0 
109 -0.397045 -0.111233 0 
110 -0.364411 -0.0891937 0 
111 -0.388982 -0.0859335 0 
112 -0.377165 -0.405 0 
113 -0.358822 -0.375289 0 
114 -0.378767 -0.370472 0 
115 -0.391648 -0.353005 0 
116 -0.377763 -0.346509 0 
117 -0.379895 -0.34437 0 
118 -0.395461 -0.358801 0 
119 -0.399491 -0.333926 0 
120 -0.40164 -0.317444 0 
121 -0.369486 -0.321065 0 
122 -0.3922 -0.294686 0 
123 -0.357228 -0.287308 0 
124 -0.361916 -0.251754 0 
125 -0.378548 -0.260812 0 
126 -0.354427 -0.263482 0 
127 -0.380377 -0.22743 0 
128 -0.354969 -0.238532 0 
129 -0.377494 -0.207719 0 
130 -0.381207 -0.219165 0 
131 -0.358227 -0.164185 0 
132 -0.366949 -0.17813 0 
133 -0.369946 -0.16615 0 
134 -0.375996 -0.149308 0 
135 -0.35676 -0.130217 0 
136 -0.374366 -0.107564 0 
137 -0.369433 -0.0996011 0 
138 -0.379105 -0.104464 0 
139 -0.377165 -0.0859335 0 
140 -0.365347 -0.405 0 
141 -0.380257 -0.382177 0 
142 -0.37557 -0.38507 0 
143 -0.355493 -0.369912 0 
144 -0.355915 -0.368921 0 
145 -0.35121 -0.35439 0 
146 -0.350267 -0.340715 0 
147 -0.34035 -0.34867 0 
148 -0.381931 -0.331337 0 
149 -0.393667 -0.315127 0 
150 -0.366107 -0.259503 0 
151 -0.35974 -0.266245 0 
152 -0.365076 -0.252078 0 
153 -0.362812 -0.243232 0 
154 -0.380476 -0.242211 0 
155 -0.361104 -0.234477 0 
156 -0.369253 -0.203488 0 
157 -0.383009 -0.201643 0 
158 -0.357409 -0.188742 0 
159 -0.37257 -0.196977 0 
160 -0.348625 -0.163159 0 
161 -0.386609 -0.148873 0 
162 -0.37344 -0.13804 0 
163 -0.373703 -0.135237 0 
164 -0.361791 -0.0925561 0 
165 -0.376857 -0.139299 0 
166 -0.345608 -0.111505 0 
167 -0.365347 -0.0859335 0 
168 -0.35353 -0.405 0 
169 -0.363238 -0.376036 0 
170 -0.346125 -0.366827 0 
171 -0.370832 -0.353685 0 
172 -0.342508 -0.346771 0 
173 -0.356562 -0.330645 0 
174 -0.348029 -0.346077 0 
175 -0.372115 -0.345252 0 
176 -0.370834 -0.321313 0 
177 -0.316941 -0.302198 0 
178 -0.348878 -0.279663 0 
179 -0.36959 -0.290749 0 
180 -0.354683 -0.258157 0 
181 -0.350934 -0.258863 0 
182 -0.366315 -0.263569 0 
183 -0.343313 -0.227139 0 
184 -0.352002 -0.215545 0 
185 -0.331057 -0.205727 0 
186 -0.327001 -0.201372 0 
187 -0.346464 -0.166831 0 
188 -0.374862 -0.141438 0 
189 -0.399166 -0.151236 0 
190 -0.333704 -0.127091 0 
191 -0.337888 -0.151897 0 
192 -0.333552 -0.110167 0 
193 -0.353195 -0.102213 0 
194 -0.342823 -0.109694 0 
195 -0.35353 -0.0859335 0 
196 -0.341713 -0.405 0 
197 -0.368995 -0.396507 0 
198 -0.352411 -0.376613 0 
199 -0.329233 -0.374442 0 
200 -0.347801 -0.349254 0 
201 -0.34197 -0.34395 0 
202 -0.342459 -0.314961 0 
203 -0.361338 -0.293916 0 
204 -0.354632 -0.299158 0 
205 -0.334385 -0.28234 0 
206 -0.335644 -0.292434 0 
207 -0.353387 -0.285551 0 
208 -0.338265 -0.253276 0 
209 -0.318253 -0.254637 0 
210 -0.329611 -0.223413 0 
211 -0.340835 -0.22993 0 
212 -0.343818 -0.200151 0 
213 -0.330286 -0.193154 0 
214 -0.358963 -0.190126 0 
215 -0.339325 -0.206765 0 
216 -0.35699 -0.196213 0 
217 -0.360605 -0.153713 0 
218 -0.32523 -0.144218 0 
219 -0.348072 -0.122434 0 
220 -0.368116 -0.140182 0 
221 -0.33063 -0.106753 0 
222 -0.361 -0.121132 0 
223 -0.341713 -0.0859335 0 
224 -0.329895 -0.405 0 
225 -0.337677 -0.413538 0 
226 -0.315404 -0.397793 0 
227 -0.306733 -0.379586 0 
228 -0.314661 -0.384511 0 
229 -0.334643 -0.332785 0 
230 -0.328442 -0.340182 0 
231 -0.332073 -0.331996 0 
232 -0.350784 -0.291425 0 
233 -0.323349 -0.287951 0 
234 -0.328329 -0.267926 0 
235 -0.339629 -0.305137 0 
236 -0.330801 -0.251862 0 
237 -0.33795 -0.245811 0 
238 -0.326476 -0.238997 0 
239 -0.312821 -0.205627 0 
240 -0.328663 -0.212715 0 
241 -0.321367 -0.192027 0 
242 -0.339196 -0.213045 0 
243 -0.309313 -0.178346 0 
244 -0.340364 -0.183884 0 
245 -0.316916 -0.160115 0 
246 -0.327535 -0.147165 0 
247 -0.336096 -0.131704 0 
248 -0.325163 -0.119482 0 
249 -0.346842 -0.0951246 0 
250 -0.335445 -0.0895693 0 
251 -0.329895 -0.0859335 0 
252 -0.318078 -0.405 0 
253 -0.321958 -0.384266 0 
254 -0.31062 -0.385033 0 
255 -0.297067 -0.364281 0 
256 -0.321856 -0.343724 0 
257 -0.325335 -0.3407 0 
258 -0.315791 -0.335388 0 
259 -0.321676 -0.331982 0 
260 -0.306579 -0.295472 0 
261 -0.322441 -0.304807 0 
262 -0.314872 -0.300623 0 
263 -0.329557 -0.284824 0 
264 -0.301535 -0.245429 0 
265 -0.320715 -0.243504 0 
266 -0.327929 -0.229971 0 
267 -0.340871 -0.243587 0 
268 -0.297677 -0.207312 0 
269 -0.29782 -0.228069 0 
270 -0.334812 -0.197146 0 
271 -0.304886 -0.177135 0 
272 -0.309983 -0.1623 0 
273 -0.337536 -0.152158 0 
274 -0.32467 -0.137714 0 
275 -0.318241 -0.127921 0 
276 -0.297747 -0.121903 0 
277 -0.331043 -0.135551 0 
278 -0.322002 -0.091942 0 
279 -0.318078 -0.0859335 0 
280 -0.306261 -0.405 0 
281 -0.294472 -0.397527 0 
282 -0.287528 -0.393772 0 
283 -0.282818 -0.364524 0 
284 -0.29989 -0.37009 0 
285 -0.314155 -0.338733 0 
286 -0.313061 -0.31367 0 
287 -0.299481 -0.351917 0 
288 -0.297503 -0.325027 0 
289 -0.285987 -0.298023 0 
290 -0.307342 -0.283457 0 
291 -0.307385 -0.277862 0 
292 -0.331706 -0.253105 0 
293 -0.324459 -0.251984 0 
294 -0.309546 -0.263469 0 
295 -0.321201 -0.210935 0 
296 -0.31683 -0.231159 0 
297 -0.271385 -0.204928 0 
298 -0.32346 -0.213257 0 
299 -0.309051 -0.180484 0 
300 -0.297272 -0.176203 0 
301 -0.308643 -0.161017 0 
302 -0.292637 -0.157248 0 
303 -0.307501 -0.132737 0 
304 -0.280665 -0.115486 0 
305 -0.307261 -0.115992 0 
306 -0.267588 -0.101603 0 
307 -0.306261 -0.0859335 0 
308 -0.294444 -0.405 0 
309 -0.296109 -0.399702 0 
310 -0.294405 -0.37083 0 
311 -0.309049 -0.380634 0 
312 -0.279565 -0.369757 0 
313 -0.314358 -0.336038 0 
314 -0.301287 -0.344405 0 
315 -0.30813 -0.33717 0 
316 -0.274273 -0.30705 0 
317 -0.287901 -0.306645 0 
318 -0.273438 -0.320127 0 
319 -0.31841 -0.274482 0 
320 -0.298088 -0.278585 0 
321 -0.294607 -0.258892 0 
322 -0.297888 -0.24747 0 
323 -0.281118 -0.222124 0 
324 -0.311199 -0.221298 0 
325 -0.326771 -0.229253 0 
326 -0.288481 -0.184312 0 
327 -0.2861 -0.191143 0 
328 -0.27742 -0.184946 0 
329 -0.296978 -0.138848 0 
330 -0.294867 -0.1352 0 
331 -0.286766 -0.148327 0 
332 -0.300047 -0.111474 0 
333 -0.287626 -0.0952841 0 
334 -0.303951 -0.0890975 0 
335 -0.294444 -0.0859335 0 
336 -0.282626 -0.405 0 
337 -0.303817 -0.395613 0 
338 -0.279918 -0.371626 0 
339 -0.290866 -0.385921 0 
340 -0.288409 -0.38021 0 
341 -0.277713 -0.354653 0 
342 -0.315323 -0.3149 0 
343 -0.266753 -0.312504 0 
344 -0.302544 -0.315564 0 
345 -0.278324 -0.300783 0 
346 -0.269581 -0.297016 0 
347 -0.306138 -0.308831 0 
348 -0.258105 -0.247478 0 
349 -0.282531 -0.272592 0 
350 -0.288521 -0.279519 0 
351 -0.25419 -0.202434 0 
352 -0.263814 -0.235871 0 
353 -0.262615 -0.197038 0 
354 -0.302538 -0.211386 0 
355 -0.270818 -0.186005 0 
356 -0.286711 -0.174421 0 
357 -0.273699 -0.146856 0 
358 -0.304449 -0.127154 0 
359 -0.294401 -0.135984 0 
360 -0.270078 -0.132033 0 
361 -0.276175 -0.115734 0 
362 -0.2912 -0.103108 0 
363 -0.282626 -0.0859335 0 
364 -0.270809 -0.405 0 
365 -0.265232 -0.389527 0 
366 -0.27076 -0.388783 0 
367 -0.271614 -0.380998 0 
368 -0.273587 -0.330492 0 
369 -0.27559 -0.335941 0 
370 -0.262292 -0.325559 0 
371 -0.273826 -0.326133 0 
372 -0.279117 -0.313149 0 
373 -0.273828 -0.307228 0 
374 -0.271234 -0.278445 0 
375 -0.299772 -0.252036 0 
376 -0.309225 -0.248224 0 
377 -0.281129 -0.243038 0 
378 -0.267823 -0.214278 0 
379 -0.276798 -0.230745 0 
380 -0.283761 -0.219772 0 
381 -0.271122 -0.207641 0 
382 -0.284444 -0.197192 0 
383 -0.268474 -0.207049 0 
384 -0.280635 -0.17555 0 
385 -0.26265 -0.167403 0 
386 -0.281861 -0.180362 0 
387 -0.286268 -0.116727 0 
388 -0.288685 -0.132901 0 
389 -0.275016 -0.12203 0 
390 -0.276244 -0.100273 0 
391 -0.270809 -0.0859335 0 
392 -0.258992 -0.405 0 
393 -0.266936 -0.400803 0 
394 -0.263029 -0.404221 0 
395 -0.277289 -0.359747 0 
396 -0.254921 -0.358016 0 
397 -0.274926 -0.357335 0 
398 -0.265008 -0.305484 0 
399 -0.245233 -0.329848 0 
400 -0.254163 -0.29226 0 
401 -0.245119 -0.31047 0 
402 -0.244242 -0.298114 0 
403 -0.243867 -0.278402 0 
404 -0.243075 -0.286256 0 
405 -0.262593 -0.242986 0 
406 -0.25208 -0.253261 0 
407 -0.279943 -0.217988 0 
408 -0.2685 -0.21589 0 
409 -0.267994 -0.182743 0 
410 -0.256545 -0.170048 0 
411 -0.267255 -0.193483 0 
412 -0.233603 -0.177589 0 
413 -0.27833 -0.150247 0 
414 -0.258944 -0.125276 0 
415 -0.251103 -0.132543 0 
416 -0.283452 -0.111257 0 
417 -0.277637 -0.120966 0 
418 -0.280407 -0.119092 0 
419 -0.258992 -0.0859335 0 
420 -0.247175 -0.405 0 
421 -0.250715 -0.391766 0 
422 -0.236043 -0.379238 0 
423 -0.245388 -0.38366 0 
424 -0.245734 -0.38143 0 
425 -0.23141 -0.347162 0 
426 -0.239029 -0.330956 0 
427 -0.232427 -0.349169 0 
428 -0.253606 -0.284928 0 
429 -0.235126 -0.294273 0 
430 -0.236144 -0.279586 0 
431 -0.246169 -0.266061 0 
432 -0.238228 -0.266368 0 
433 -0.244445 -0.261861 0 
434 -0.243289 -0.230476 0 
435 -0.228653 -0.20957 0 
436 -0.26316 -0.227941 0 
437 -0.227205 -0.212003 0 
438 -0.248469 -0.185273 0 
439 -0.254532 -0.171395 0 
440 -0.25751 -0.150988 0 
441 -0.256712 -0.162871 0 
442 -0.242888 -0.158245 0 
443 -0.233762 -0.119845 0 
444 -0.216273 -0.11775 0 
445 -0.250248 -0.0749009 0 
446 -0.259894 -0.0992064 0 
447 -0.247175 -0.0859335 0 
448 -0.235357 -0.405 0 
449 -0.256034 -0.402998 0 
450 -0.247313 -0.368691 0 
451 -0.224333 -0.36876 0 
452 -0.248255 -0.337056 0 
453 -0.251567 -0.348466 0 
454 -0.211022 -0.323574 0 
455 -0.216241 -0.302633 0 
456 -0.259343 -0.333081 0 
457 -0.24401 -0.312831 0 
458 -0.242215 -0.294889 0 
459 -0.230965 -0.271064 0 
460 -0.226149 -0.262132 0 
461 -0.21575 -0.252132 0 
462 -0.239334 -0.25119 0 
463 -0.24262 -0.256215 0 
464 -0.235357 -0.215924 0 
465 -0.235357 -0.204106 0 
466 -0.235357 -0.192289 0 
467 -0.235357 -0.180472 0 
468 -0.235357 -0.168654 0 
469 -0.235357 -0.156837 0 
470 -0.235357 -0.14502 0 
471 -0.235357 -0.133203 0 
472 -0.235357 -0.121385 0 
473 -0.235357 -0.109568 0 
474 -0.235357 -0.0977508 0 
475 -0.235357 -0.0859335 0 
476 -0.22354 -0.405 0 
477 -0.212031 -0.397501 0 
478 -0.23031 -0.372751 0 
479 -0.214577 -0.36858 0 
480 -0.207992 -0.349453 0 
481 -0.257694 -0.358471 0 
482 -0.217725 -0.314928 0 
483 -0.22596 -0.345424 0 
484 -0.224036 -0.289353 0 
485 -0.215639 -0.296304 0 
486 -0.234626 -0.303048 0 
487 -0.222634 -0.250492 0 
488 -0.213257 -0.246721 0 
489 -0.223378 -0.224718 0 
490 -0.209983 -0.229357 0 
491 -0.229643 -0.251944 0 
492 -0.22354 -0.215924 0 
493 -0.211723 -0.405 0 
494 -0.218243 -0.389806 0 
495 -0.206876 -0.363917 0 
496 -0.21363 -0.380557 0 
497 -0.198185 -0.340127 0 
498 -0.224474 -0.361225 0 
499 -0.209915 -0.330081 0 
500 -0.218297 -0.319162 0 
501 -0.234762 -0.306906 0 
502 -0.211911 -0.309444 0 
503 -0.190973 -0.298077 0 
504 -0.2104 -0.251573 0 
505 -0.198674 -0.299521 0 
506 -0.215191 -0.265437 0 
507 -0.203749 -0.224258 0 
508 -0.197547 -0.216717 0 
509 -0.211723 -0.215924 0 
510 -0.199905 -0.405 0 
511 -0.187163 -0.412897 0 
512 -0.196393 -0.368084 0 
513 -0.190847 -0.358189 0 
514 -0.218506 -0.356608 0 
515 -0.191226 -0.351362 0 
516 -0.194036 -0.354625 0 
517 -0.206901 -0.315407 0 
518 -0.199485 -0.321264 0 
519 -0.20271 -0.299889 0 
520 -0.197523 -0.313722 0 
521 -0.200383 -0.279342 0 
522 -0.201478 -0.270827 0 
523 -0.175596 -0.252791 0 
524 -0.209347 -0.213098 0 
525 -0.218103 -0.229841 0 
526 -0.199905 -0.215924 0 
527 -0.188088 -0.405 0 
528 -0.184187 -0.404612 0 
529 -0.17948 -0.39011 0 
530 -0.205171 -0.378008 0 
531 -0.164944 -0.377093 0 
532 -0.186743 -0.355968 0 
533 -0.199562 -0.332238 0 
534 -0.203735 -0.315519 0 
535 -0.169385 -0.30483 0 
536 -0.177347 -0.316658 0 
537 -0.194496 -0.285588 0 
538 -0.188544 -0.269488 0 
539 -0.184656 -0.274921 0 
540 -0.209769 -0.254877 0 
541 -0.184932 -0.263048 0 
542 -0.182176 -0.235837 0 
543 -0.188088 -0.215924 0 
544 -0.176271 -0.405 0 
545 -0.197994 -0.387774 0 
546 -0.181714 -0.3522 0 
547 -0.149559 -0.351988 0 
548 -0.176103 -0.377988 0 
549 -0.164449 -0.347867 0 
550 -0.15879 -0.329239 0 
551 -0.18125 -0.328772 0 
552 -0.172056 -0.3157 0 
553 -0.181557 -0.301803 0 
554 -0.171383 -0.276985 0 
555 -0.225061 -0.286295 0 
556 -0.182914 -0.253802 0 
557 -0.181731 -0.214605 0 
558 -0.171705 -0.234518 0 
559 -0.155312 -0.227428 0 
560 -0.176271 -0.215924 0 
561 -0.164454 -0.405 0 
562 -0.17352 -0.369673 0 
563 -0.159036 -0.365065 0 
564 -0.175536 -0.386571 0 
565 -0.169383 -0.348032 0 
566 -0.157898 -0.358901 0 
567 -0.139599 -0.326595 0 
568 -0.164485 -0.338179 0 
569 -0.16818 -0.32499 0 
570 -0.146378 -0.304858 0 
571 -0.151644 -0.29501 0 
572 -0.135427 -0.28328 0 
573 -0.154873 -0.268813 0 
574 -0.160223 -0.25717 0 
575 -0.19198 -0.213825 0 
576 -0.176435 -0.204382 0 
577 -0.164454 -0.215924 0 
578 -0.152636 -0.405 0 
579 -0.121608 -0.389973 0 
580 -0.151178 -0.374211 0 
581 -0.168495 -0.344691 0 
582 -0.151321 -0.356319 0 
583 -0.154627 -0.351863 0 
584 -0.160523 -0.337034 0 
585 -0.152175 -0.328549 0 
586 -0.164963 -0.303745 0 
587 -0.159505 -0.286763 0 
588 -0.155215 -0.271941 0 
589 -0.148771 -0.272032 0 
590 -0.160526 -0.270775 0 
591 -0.170888 -0.228012 0 
592 -0.158315 -0.235508 0 
593 -0.173326 -0.242903 0 
594 -0.152636 -0.215924 0 
595 -0.140819 -0.405 0 
596 -0.149784 -0.407176 0 
597 -0.128331 -0.386418 0 
598 -0.127022 -0.378933 0 
599 -0.148049 -0.388929 0 
600 -0.142188 -0.370476 0 
601 -0.144088 -0.347086 0 
602 -0.124391 -0.324402 0 
603 -0.168388 -0.330774 0 
604 -0.148288 -0.314901 0 
605 -0.170803 -0.301034 0 
606 -0.122805 -0.261863 0 
607 -0.131223 -0.258956 0 
608 -0.148071 -0.265527 0 
609 -0.139263 -0.254773 0 
610 -0.11555 -0.232994 0 
611 -0.140819 -0.215924 0 
612 -0.129002 -0.405 0 
613 -0.128897 -0.394207 0 
614 -0.137727 -0.363999 0 
615 -0.158963 -0.373107 0 
616 -0.126466 -0.372796 0 
617 -0.138848 -0.361215 0 
618 -0.134871 -0.330526 0 
619 -0.121841 -0.341399 0 
620 -0.146328 -0.320246 0 
621 -0.132654 -0.291423 0 
622 -0.112474 -0.275632 0 
623 -0.132774 -0.263223 0 
624 -0.158043 -0.26326 0 
625 -0.140277 -0.252281 0 
626 -0.123416 -0.227373 0 
627 -0.110578 -0.217137 0 
628 -0.129002 -0.215924 0 
629 -0.117184 -0.405 0 
630 -0.111789 -0.414016 0 
631 -0.118156 -0.378678 0 
632 -0.139176 -0.378724 0 
633 -0.122371 -0.362043 0 
634 -0.116883 -0.35726 0 
635 -0.120695 -0.333371 0 
636 -0.136833 -0.332366 0 
637 -0.1368 -0.333003 0 
638 -0.140537 -0.279242 0 
639 -0.110711 -0.273171 0 
640 -0.12683 -0.25516 0 
641 -0.103279 -0.288684 0 
642 -0.130273 -0.251689 0 
643 -0.125717 -0.247183 0 
644 -0.12339 -0.21899 0 
645 -0.117184 -0.215924 0 
646 -0.105367 -0.405 0 
647 -0.077762 -0.377594 0 
648 -0.118543 -0.38527 0 
649 -0.100104 -0.375799 0 
650 -0.0822703 -0.376888 0 
651 -0.0976112 -0.357819 0 
652 -0.115075 -0.321322 0 
653 -0.112883 -0.290636 0 
654 -0.0857579 -0.30982 0 
655 -0.115789 -0.298961 0 
656 -0.131162 -0.314059 0 
657 -0.0974232 -0.271907 0 
658 -0.0793107 -0.276752 0 
659 -0.12167 -0.226773 0 
660 -0.100786 -0.23026 0 
661 -0.124988 -0.236797 0 
662 -0.105367 -0.215924 0 
663 -0.105367 -0.204106 0 
664 -0.105367 -0.192289 0 
665 -0.105367 -0.180472 0 
666 -0.105367 -0.168654 0 
667 -0.105367 -0.156837 0 
668 -0.105367 -0.14502 0 
669 -0.105367 -0.133203 0 
670 -0.105367 -0.121385 0 
671 -0.105367 -0.109568 0 
672 -0.105367 -0.0977508 0 
673 -0.105367 -0.0859335 0 
674 -0.105367 -0.0741163 0 
675 -0.105367 -0.062299 0 
676 -0.105367 -0.0504817 0 
677 -0.105367 -0.0386644 0 
678 -0.105367 -0.0268472 0 
679 -0.105367 -0.0150299 0 
680 -0.105367 -0.00321262 0 
681 -0.105367 0.00860465 0 
682 -0.105367 0.0204219 0 
683 -0.105367 0.0322392 0 
684 -0.105367 0.0440565 0 
685 -0.105367 0.0558737 0 
686 -0.105367 0.067691 0 
687 -0.105367 0.0795083 0 
688 -0.105367 0.0913256 0 
689 -0.105367 0.103143 0 
690 -0.105367 0.11496 0 
691 -0.105367 0.126777 0 
692 -0.105367 0.138595 0 
693 -0.105367 0.150412 0 
694 -0.105367 0.162229 0 
695 -0.105367 0.174047 0 
696 -0.105367 0.185864 0 
697 -0.105367 0.197681 0 
698 -0.105367 0.209498 0 
699 -0.105367 0.221316 0 
700 -0.105367 0.233133 0 
701 -0.105367 0.24495 0 
702 -0.105367 0.256767 0 
703 -0.105367 0.268585 0 
704 -0.105367 0.280402 0 
705 -0.105367 0.292219 0 
706 -0.105367 0.304036 0 
707 -0.105367 0.315854 0 
708 -0.105367 0.327671 0 
709 -0.105367 0.339488 0 
710 -0.105367 0.351306 0 
711 -0.105367 0.363123 0 
712 -0.105367 0.37494 0 
713 -0.105367 0.386757 0 
714 -0.105367 0.398575 0 
715 -0.105367 0.410392 0 
716 -0.09355 -0.405 0 
717 -0.0558636 -0.372051 0 
718 -0.0664563 -0.400939 0 
719 -0.0772602 -0.364348 0 
720 -0.129901 -0.365806 0 
721 -0.0921009 -0.361142 0 
722 -0.0975708 -0.331971 0 
723 -0.0949811 -0.30197 0 
724 -0.102147 -0.312616 0 
725 -0.0959933 -0.315246 0 
726 -0.11045 -0.291912 0 
727 -0.105149 -0.290017 0 
728 -0.0879742 -0.27398 0 
729 -0.0885749 -0.256035 0 
730 -0.0882462 -0.242928 0 
731 -0.108693 -0.24342 0 
732 -0.0892986 -0.205843 0 
733 -0.0912359 -0.198682 0 
734 -0.0886924 -0.192723 0 
735 -0.0953599 -0.190692 0 
736 -0.101669 -0.160202 0 
737 -0.0986786 -0.148659 0 
738 -0.0954817 -0.149373 0 
739 -0.0804471 -0.129789 0 
740 -0.0915144 -0.10181 0 
741 -0.0974447 -0.0941258 0 
742 -0.102624 -0.0753843 0 
743 -0.103313 -0.0853389 0 
744 -0.101549 -0.0741728 0 
745 -0.078899 -0.0709671 0 
746 -0.0828545 -0.0571693 0 
747 -0.089448 -0.0336971 0 
748 -0.0947967 -0.0148269 0 
749 -0.0994164 -0.0229227 0 
750 -0.10091 0.00554344 0 
751 -0.0799523 0.00641171 0 
752 -0.077064 0.00973298 0 
753 -0.106559 0.0217518 0 
754 -0.0928599 0.0622327 0 
755 -0.09342 0.0653506 0 
756 -0.106383 0.0617284 0 
757 -0.10336 0.0847402 0 
758 -0.11478 0.095763 0 
759 -0.0837712 0.114337 0 
760 -0.0767528 0.117663 0 
761 -0.0850026 0.116137 0 
762 -0.11441 0.144304 0 
763 -0.107253 0.151236 0 
764 -0.0827672 0.143055 0 
765 -0.10769 0.151004 0 
766 -0.0977135 0.194296 0 
767 -0.104934 0.2061 0 
768 -0.104767 0.232182 0 
769 -0.0917019 0.20435 0 
770 -0.0824241 0.260321 0 
771 -0.0959133 0.239143 0 
772 -0.0768749 0.264209 0 
773 -0.0836225 0.260736 0 
774 -0.0992332 0.279533 0 
775 -0.0881135 0.289248 0 
776 -0.0897153 0.325016 0 
777 -0.0671758 0.328869 0 
778 -0.092719 0.313266 0 
779 -0.0876804 0.3482 0 
780 -0.103344 0.337316 0 
781 -0.0792331 0.374027 0 
782 -0.0977286 0.392253 0 
783 -0.080225 0.370939 0 
784 -0.110004 0.404587 0 
785 -0.09355 0.410392 0 
786 -0.0817327 -0.405 0 
787 -0.0696529 -0.379909 0 
788 -0.0808116 -0.362678 0 
789 -0.0801431 -0.362487 0 
790 -0.0872338 -0.356608 0 
791 -0.0958202 -0.365284 0 
792 -0.0908812 -0.328165 0 
793 -0.0788588 -0.315358 0 
794 -0.0690287 -0.307104 0 
795 -0.08806 -0.295471 0 
796 -0.074936 -0.281621 0 
797 -0.0872362 -0.280885 0 
798 -0.0742829 -0.267595 0 
799 -0.0964353 -0.237278 0 
800 -0.0722013 -0.246573 0 
801 -0.0852565 -0.228429 0 
802 -0.0874104 -0.219188 0 
803 -0.0781971 -0.203658 0 
804 -0.0895719 -0.167287 0 
805 -0.10629 -0.162657 0 
806 -0.0532628 -0.175601 0 
807 -0.0721624 -0.133879 0 
808 -0.0798612 -0.151004 0 
809 -0.0780209 -0.132786 0 
810 -0.0752202 -0.122159 0 
811 -0.108884 -0.0940506 0 
812 -0.0817392 -0.0959646 0 
813 -0.075699 -0.0760949 0 
814 -0.0617639 -0.0784329 0 
815 -0.0928479 -0.0614485 0 
816 -0.074339 -0.0614358 0 
817 -0.0635001 -0.0371963 0 
818 -0.0779623 -0.0463601 0 
819 -0.0987191 -0.0262589 0 
820 -0.105285 -0.0190249 0 
821 -0.0649317 -0.0058391 0 
822 -0.0814256 0.0315474 0 
823 -0.0849411 0.0205282 0 
824 -0.102445 0.054034 0 
825 -0.0814974 0.0238433 0 
826 -0.0620274 0.0926059 0 
827 -0.104225 0.0739295 0 
828 -0.0654907 0.10007 0 
829 -0.0884418 0.0975231 0 
830 -0.0463397 0.100711 0 
831 -0.0868169 0.137767 0 
832 -0.0932659 0.147748 0 
833 -0.0969919 0.136695 0 
834 -0.0893359 0.193773 0 
835 -0.0788838 0.179983 0 
836 -0.0900161 0.179177 0 
837 -0.0781918 0.18645 0 
838 -0.086013 0.20407 0 
839 -0.0651169 0.237163 0 
840 -0.076939 0.254166 0 
841 -0.0886357 0.235337 0 
842 -0.0811068 0.266878 0 
843 -0.0805194 0.274758 0 
844 -0.0774314 0.263634 0 
845 -0.0493208 0.299333 0 
846 -0.0671047 0.311689 0 
847 -0.0933059 0.308464 0 
848 -0.0614391 0.298242 0 
849 -0.0832245 0.355044 0 
850 -0.0646414 0.353143 0 
851 -0.0801504 0.360274 0 
852 -0.066485 0.371888 0 
853 -0.0923302 0.376353 0 
854 -0.0855343 0.397695 0 
855 -0.0817327 0.410392 0 
856 -0.0699154 -0.405 0 
857 -0.0781876 -0.375541 0 
858 -0.0644568 -0.386724 0 
859 -0.0837852 -0.372833 0 
860 -0.0732777 -0.3624 0 
861 -0.0937954 -0.347067 0 
862 -0.033425 -0.330409 0 
863 -0.0645739 -0.302923 0 
864 -0.0497286 -0.299183 0 
865 -0.0632226 -0.267946 0 
866 -0.0650206 -0.286539 0 
867 -0.0437147 -0.259847 0 
868 -0.0746166 -0.26071 0 
869 -0.0652965 -0.263256 0 
870 -0.0526829 -0.222142 0 
871 -0.078839 -0.214807 0 
872 -0.0720656 -0.215818 0 
873 -0.0589585 -0.19057 0 
874 -0.0610333 -0.184326 0 
875 -0.0431739 -0.203107 0 
876 -0.0894838 -0.170172 0 
877 -0.0820499 -0.175887 0 
878 -0.066342 -0.131644 0 
879 -0.0758065 -0.131101 0 
880 -0.0783568 -0.113116 0 
881 -0.0782665 -0.0855849 0 
882 -0.0632709 -0.104981 0 
883 -0.0896313 -0.0993272 0 
884 -0.0591058 -0.0763799 0 
885 -0.0699153 -0.0436615 0 
886 -0.0882996 -0.0505835 0 
887 -0.0727037 -0.0501704 0 
888 -0.06714 -0.0144305 0 
889 -0.0569484 -0.0131162 0 
890 -0.0656666 0.0260437 0 
891 -0.0800729 0.0289889 0 
892 -0.0799293 0.025823 0 
893 -0.0714871 0.0478098 0 
894 -0.0693554 0.0491373 0 
895 -0.0829426 0.0423469 0 
896 -0.0732834 0.0815756 0 
897 -0.0827285 0.0841244 0 
898 -0.0904742 0.110296 0 
899 -0.0563315 0.109157 0 
900 -0.0857653 0.116167 0 
901 -0.0846852 0.131147 0 
902 -0.0741799 0.14383 0 
903 -0.0738731 0.140892 0 
904 -0.0817983 0.17047 0 
905 -0.0751644 0.170081 0 
906 -0.0797919 0.215412 0 
907 -0.0660411 0.195836 0 
908 -0.0922041 0.228837 0 
909 -0.0699521 0.221897 0 
910 -0.0628721 0.23977 0 
911 -0.0816994 0.231698 0 
912 -0.0466735 0.261008 0 
913 -0.068822 0.256685 0 
914 -0.0796636 0.285555 0 
915 -0.080223 0.30126 0 
916 -0.0599655 0.292503 0 
917 -0.0658339 0.31726 0 
918 -0.0679354 0.348177 0 
919 -0.0820831 0.330526 0 
920 -0.0661676 0.34335 0 
921 -0.0517253 0.340409 0 
922 -0.0777186 0.373743 0 
923 -0.0709393 0.402493 0 
924 -0.0963904 0.409286 0 
925 -0.0699154 0.410392 0 
926 -0.0580981 -0.405 0 
927 -0.0643015 -0.390515 0 
928 -0.0564781 -0.395687 0 
929 -0.0640689 -0.346465 0 
930 -0.0680995 -0.367425 0 
931 -0.0484474 -0.337728 0 
932 -0.0782377 -0.336075 0 
933 -0.0447819 -0.31044 0 
934 -0.0441208 -0.332371 0 
935 -0.0698954 -0.313299 0 
936 -0.04304 -0.285971 0 
937 -0.0370829 -0.276609 0 
938 -0.0767154 -0.272682 0 
939 -0.0359089 -0.239889 0 
940 -0.0436764 -0.248861 0 
941 -0.0576677 -0.216491 0 
942 -0.0840169 -0.20546 0 
943 -0.0521975 -0.179506 0 
944 -0.0352618 -0.193956 0 
945 -0.0571625 -0.178789 0 
946 -0.0649081 -0.205483 0 
947 -0.0373682 -0.156931 0 
948 -0.054536 -0.138647 0 
949 -0.0636059 -0.12578 0 
950 -0.0650841 -0.123242 0 
951 -0.0482318 -0.118099 0 
952 -0.0508095 -0.101422 0 
953 -0.0491707 -0.096094 0 
954 -0.0616316 -0.081794 0 
955 -0.0617221 -0.0387232 0 
956 -0.0672441 -0.0388346 0 
957 -0.0788208 -0.038475 0 
958 -0.0412947 -0.0317468 0 
959 -0.0533864 -0.0243685 0 
960 -0.0806893 0.00678023 0 
961 -0.0645977 -0.00534503 0 
962 -0.0414399 0.0326734 0 
963 -0.0338946 0.0394867 0 
964 -0.0656046 0.0301462 0 
965 -0.0418 0.0424929 0 
966 -0.072692 0.0755723 0 
967 -0.0507326 0.0597756 0 
968 -0.0350911 0.0814348 0 
969 -0.0677329 0.108471 0 
970 -0.076663 0.115177 0 
971 -0.0614869 0.1286 0 
972 -0.0675523 0.140168 0 
973 -0.0717909 0.163873 0 
974 -0.0523339 0.177097 0 
975 -0.0483176 0.178266 0 
976 -0.0730932 0.152227 0 
977 -0.052686 0.196371 0 
978 -0.0418618 0.21161 0 
979 -0.0709015 0.212738 0 
980 -0.0701689 0.255688 0 
981 -0.0484752 0.261064 0 
982 -0.0452711 0.291145 0 
983 -0.0646925 0.26569 0 
984 -0.0492899 0.298964 0 
985 -0.0548543 0.282657 0 
986 -0.0659531 0.29316 0 
987 -0.0621113 0.343106 0 
988 -0.0438406 0.328444 0 
989 -0.0494875 0.339069 0 
990 -0.0332904 0.352953 0 
991 -0.0569165 0.379038 0 
992 -0.055462 0.383425 0 
993 -0.0572573 0.383318 0 
994 -0.0804064 0.373916 0 
995 -0.0580981 0.410392 0 
996 -0.0462809 -0.405 0 
997 -0.0642611 -0.384435 0 
998 -0.0548636 -0.388583 0 
999 -0.0589618 -0.373725 0 
1000 -0.0503048 -0.332616 0 
1001 -0.0428749 -0.341648 0 
1002 -0.0664697 -0.339593 0 
1003 -0.0508858 -0.314447 0 
1004 -0.0506493 -0.31186 0 
1005 -0.0406586 -0.3024 0 
1006 -0.051495 -0.283641 0 
1007 -0.0476004 -0.262578 0 
1008 -0.040116 -0.270316 0 
1009 -0.0371848 -0.266147 0 
1010 -0.0339353 -0.236441 0 
1011 -0.0450964 -0.220147 0 
1012 -0.0525673 -0.203543 0 
1013 -0.0415246 -0.194936 0 
1014 -0.0346014 -0.182943 0 
1015 -0.0368562 -0.176654 0 
1016 -0.0253253 -0.180242 0 
1017 -0.0353467 -0.160428 0 
1018 -0.0697425 -0.158911 0 
1019 -0.0660527 -0.145642 0 
1020 -0.0519186 -0.139514 0 
1021 -0.0234747 -0.106985 0 
1022 -0.0531455 -0.0856374 0 
1023 -0.0692708 -0.0903301 0 
1024 -0.0544276 -0.0813595 0 
1025 -0.0266992 -0.084182 0 
1026 -0.0449764 -0.0280576 0 
1027 -0.0543425 -0.0486129 0 
1028 -0.0532561 -0.0294637 0 
1029 -0.0539216 -0.00266795 0 
1030 -0.0481074 -0.0167015 0 
1031 -0.0534246 0.0127081 0 
1032 -0.0498562 0.0237632 0 
1033 -0.0608564 0.0394645 0 
1034 -0.0370268 0.0508237 0 
1035 -0.0701688 0.0536965 0 
1036 -0.0516387 0.076054 0 
1037 -0.0273089 0.0740058 0 
1038 -0.0416509 0.105029 0 
1039 -0.0358677 0.125199 0 
1040 -0.0475514 0.106016 0 
1041 -0.0439915 0.130738 0 
1042 -0.0341374 0.159703 0 
1043 -0.0430221 0.161685 0 
1044 -0.0481182 0.165605 0 
1045 -0.0564941 0.19013 0 
1046 -0.0512753 0.170674 0 
1047 -0.0768657 0.198979 0 
1048 -0.0413626 0.203481 0 
1049 -0.0551466 0.225671 0 
1050 -0.0389944 0.23737 0 
1051 -0.0384373 0.261806 0 
1052 -0.0491353 0.280057 0 
1053 -0.0154786 0.264173 0 
1054 -0.0480891 0.279702 0 
1055 -0.0365642 0.254166 0 
1056 -0.0541213 0.325633 0 
1057 -0.0521026 0.305083 0 
1058 -0.0415915 0.339499 0 
1059 -0.037702 0.3313 0 
1060 -0.0341351 0.353232 0 
1061 -0.0157297 0.36844 0 
1062 -0.0215072 0.389708 0 
1063 -0.028384 0.391474 0 
1064 -0.0569906 0.424005 0 
1065 -0.0462809 0.410392 0 
1066 -0.0344636 -0.405 0 
1067 -0.0387864 -0.382928 0 
1068 -0.0248147 -0.387979 0 
1069 -0.0379177 -0.386899 0 
1070 -0.053696 -0.360885 0 
1071 -0.0160154 -0.350781 0 
1072 -0.0376277 -0.343135 0 
1073 -0.0321164 -0.33162 0 
1074 -0.0141113 -0.334581 0 
1075 -0.0447604 -0.297929 0 
1076 -0.0338423 -0.295603 0 
1077 -0.0507212 -0.281321 0 
1078 -0.0252033 -0.246593 0 
1079 -0.0436561 -0.232714 0 
1080 -0.0343087 -0.216438 0 
1081 -0.035605 -0.241701 0 
1082 -0.0414228 -0.233356 0 
1083 -0.0215762 -0.178988 0 
1084 -0.0268313 -0.203189 0 
1085 -0.0399192 -0.186839 0 
1086 -0.0317464 -0.176653 0 
1087 -0.0486723 -0.165254 0 
1088 -0.0366195 -0.162408 0 
1089 -0.064077 -0.128551 0 
1090 -0.0513037 -0.123926 0 
1091 -0.02865 -0.0987394 0 
1092 -0.034417 -0.107663 0 
1093 -0.0447508 -0.0873487 0 
1094 -0.0408768 -0.0848103 0 
1095 -0.0257401 -0.0549555 0 
1096 -0.0331603 -0.046171 0 
1097 -0.0141275 -0.0249101 0 
1098 -0.0300414 -0.00901056 0 
1099 -0.0215647 -0.0280553 0 
1100 -0.0496679 -0.0149412 0 
1101 -0.0124931 0.0181098 0 
1102 -0.0532959 0.019538 0 
1103 -0.0582274 0.0390697 0 
1104 -0.041265 0.0742621 0 
1105 -0.0562386 0.041037 0 
1106 -0.0315466 0.078441 0 
1107 -0.0446815 0.0904335 0 
1108 -0.0397653 0.0637651 0 
1109 -0.0120535 0.0986256 0 
1110 -0.0441048 0.130765 0 
1111 -0.024276 0.129614 0 
1112 -0.0196387 0.141033 0 
1113 -0.0392283 0.138234 0 
1114 -0.033291 0.167421 0 
1115 -0.0356964 0.190614 0 
1116 -0.0054187 0.173723 0 
1117 -0.0424256 0.193623 0 
1118 -0.0397757 0.202063 0 
1119 -0.0494002 0.211553 0 
1120 -0.0368632 0.212497 0 
1121 -0.0419964 0.227403 0 
1122 -0.0336742 0.269348 0 
1123 -0.0453503 0.270685 0 
1124 -0.0394498 0.277683 0 
1125 -0.0393019 0.295412 0 
1126 -0.0237875 0.297123 0 
1127 -0.0344707 0.323451 0 
1128 -0.0444998 0.307135 0 
1129 -0.0302716 0.34641 0 
1130 -0.0344646 0.350959 0 
1131 -0.0273073 0.346764 0 
1132 -0.0391382 0.379922 0 
1133 -0.0456109 0.365656 0 
1134 -0.0624378 0.429186 0 
1135 -0.0344636 0.410392 0 
1136 -0.0226463 -0.405 0 
1137 -0.0268595 -0.384827 0 
1138 -0.0412097 -0.394184 0 
1139 -0.00983704 -0.371204 0 
1140 -0.0173947 -0.35904 0 
1141 -0.0127925 -0.329117 0 
1142 -0.000621577 -0.329135 0 
1143 -0.0253604 -0.295723 0 
1144 -0.0320571 -0.325875 0 
1145 -0.0236434 -0.29543 0 
1146 -0.0418227 -0.281374 0 
1147 -0.00794737 -0.267618 0 
1148 -0.0120249 -0.266865 0 
1149 0.00400878 -0.237465 0 
1150 -0.0268408 -0.243299 0 
1151 -0.0161274 -0.24077 0 
1152 -0.0228146 -0.23538 0 
1153 -0.0324415 -0.198536 0 
1154 -0.0306244 -0.194313 0 
1155 -0.02586 -0.199424 0 
1156 0.00143365 -0.175697 0 
1157 -0.0596174 -0.156141 0 
1158 -0.0213529 -0.127881 0 
1159 -0.0466433 -0.128608 0 
1160 -0.017621 -0.0973637 0 
1161 -0.0163827 -0.110733 0 
1162 -0.0321202 -0.0962734 0 
1163 -0.0196119 -0.10809 0 
1164 -0.00977549 -0.0812946 0 
1165 -0.00512716 -0.0673144 0 
1166 -0.00765043 -0.0309207 0 
1167 -0.0202708 -0.0547888 0 
1168 -0.0242648 -0.0430553 0 
1169 -0.0112839 -0.00370714 0 
1170 -0.025877 0.00557653 0 
1171 -0.00134337 0.0106073 0 
1172 -0.0261756 0.00501021 0 
1173 -0.00777832 0.00815151 0 
1174 -0.0249395 0.0555092 0 
1175 -0.039706 0.04355 0 
1176 -0.0326289 0.0612884 0 
1177 0.0111693 0.0670205 0 
1178 -0.0416146 0.0689452 0 
1179 -0.0217052 0.0981285 0 
1180 -0.0436962 0.0959422 0 
1181 -0.0296919 0.136992 0 
1182 -0.0393746 0.128524 0 
1183 -0.0278565 0.124427 0 
1184 -0.0387421 0.152055 0 
1185 -0.0376331 0.16944 0 
1186 -0.0228499 0.179714 0 
1187 -0.0289677 0.18582 0 
1188 -0.0194495 0.19997 0 
1189 -0.00841548 0.20853 0 
1190 -0.0121164 0.237671 0 
1191 -0.0342098 0.213254 0 
1192 -0.0175505 0.272995 0 
1193 -0.0436922 0.283985 0 
1194 -0.0191606 0.294289 0 
1195 -0.029614 0.300539 0 
1196 -0.0224971 0.298392 0 
1197 -0.0304584 0.316244 0 
1198 -0.013381 0.306468 0 
1199 -0.0372397 0.333518 0 
1200 -0.00662388 0.317988 0 
1201 -0.0344184 0.389832 0 
1202 0.0101065 0.387367 0 
1203 -0.0255227 0.384394 0 
1204 -0.0149124 0.40685 0 
1205 -0.0226463 0.410392 0 
1206 -0.0108291 -0.405 0 
1207 -0.0187935 -0.396541 0 
1208 0.00913463 -0.404371 0 
1209 -0.00811213 -0.349288 0 
1210 0.00875727 -0.366916 0 
1211 -0.0286835 -0.349068 0 
1212 -0.00239309 -0.348843 0 
1213 -0.00380812 -0.317437 0 
1214 -0.0104509 -0.320846 0 
1215 -0.00438606 -0.30283 0 
1216 -0.0302848 -0.317169 0 
1217 -0.0198636 -0.243637 0 
1218 -0.0127982 -0.278136 0 
1219 0.000216136 -0.222841 0 
1220 -0.030668 -0.245081 0 
1221 -0.0119189 -0.244063 0 
1222 -0.0143968 -0.183659 0 
1223 -0.0336526 -0.194908 0 
1224 -0.00700806 -0.199661 0 
1225 -0.00342359 -0.179953 0 
1226 -0.0212597 -0.163619 0 
1227 0.00758274 -0.149804 0 
1228 -0.00929675 -0.141068 0 
1229 -0.00429212 -0.107129 0 
1230 -0.00366527 -0.111406 0 
1231 -0.0193098 -0.113155 0 
1232 0.00506655 -0.0865773 0 
1233 0.0111699 -0.095756 0 
1234 -0.0253477 -0.0705598 0 
1235 -0.0385807 -0.0712637 0 
1236 -0.00417966 -0.0554559 0 
1237 -0.0169318 -0.0335348 0 
1238 1.69585e-05 -0.0302966 0 
1239 -0.000291018 -0.00183164 0 
1240 -0.00859917 -0.0087398 0 
1241 -0.00451619 0.00946624 0 
1242 -0.00104199 0.0135926 0 
1243 -0.00942831 0.0416482 0 
1244 -0.0146334 0.0423993 0 
1245 -0.040861 0.055712 0 
1246 -0.005588 0.0940563 0 
1247 -0.0226368 0.0611311 0 
1248 -0.000318808 0.098322 0 
1249 -0.0207212 0.115938 0 
1250 -0.0282945 0.114569 0 
1251 -0.00965309 0.111283 0 
1252 -0.0102305 0.133658 0 
1253 -0.0274091 0.184047 0 
1254 0.0103067 0.146701 0 
1255 -0.0243087 0.16963 0 
1256 -0.013511 0.1584 0 
1257 -0.0172488 0.206449 0 
1258 -0.021995 0.258616 0 
1259 0.00875029 0.225658 0 
1260 -0.00109519 0.248779 0 
1261 -0.0320205 0.22988 0 
1262 -0.0338112 0.257461 0 
1263 -0.00446882 0.288787 0 
1264 -0.0223416 0.280481 0 
1265 -0.0222286 0.305763 0 
1266 -0.0180145 0.293415 0 
1267 -0.0105052 0.329687 0 
1268 -0.0352643 0.33864 0 
1269 -0.00153368 0.335937 0 
1270 -0.00832649 0.347718 0 
1271 -0.0041815 0.352386 0 
1272 -0.00326966 0.374056 0 
1273 -0.0243472 0.375657 0 
1274 -0.00672097 0.380324 0 
1275 -0.0108291 0.410392 0 
1276 0.000988205 -0.405 0 
1277 0.00982279 -0.387357 0 
1278 -0.0176997 -0.386946 0 
1279 0.0159098 -0.394063 0 
1280 0.0278849 -0.373174 0 
1281 0.0218344 -0.37351 0 
1282 -0.00715162 -0.325506 0 
1283 -0.0143906 -0.32346 0 
1284 -0.0150964 -0.30009 0 
1285 -0.0145565 -0.316282 0 
1286 -0.0197307 -0.279219 0 
1287 -0.00835282 -0.287387 0 
1288 0.000142501 -0.251376 0 
1289 0.0254784 -0.241254 0 
1290 0.0206531 -0.240795 0 
1291 -0.0109011 -0.229512 0 
1292 0.00265124 -0.22211 0 
1293 0.0107124 -0.196923 0 
1294 0.0121055 -0.194986 0 
1295 0.00929905 -0.189018 0 
1296 0.013793 -0.163682 0 
1297 -4.58227e-05 -0.15927 0 
1298 0.00787376 -0.138416 0 
1299 -0.00321318 -0.133652 0 
1300 0.0134426 -0.143899 0 
1301 -0.0012708 -0.111737 0 
1302 0.0084136 -0.0996607 0 
1303 -0.0144302 -0.0949205 0 
1304 -0.0105027 -0.0795177 0 
1305 0.0130724 -0.0503836 0 
1306 0.0192802 -0.042972 0 
1307 0.0108227 -0.0563627 0 
1308 0.0127721 -0.0321245 0 
1309 0.00219886 -0.0380685 0 
1310 -0.0138 -0.000361884 0 
1311 -0.00981024 -0.00155503 0 
1312 0.0305987 0.00487023 0 
1313 0.00141262 0.0237915 0 
1314 -0.0175361 0.0561572 0 
1315 0.010959 0.0458269 0 
1316 0.019787 0.0604041 0 
1317 -0.000202298 0.0862186 0 
1318 0.0224831 0.106563 0 
1319 0.00255241 0.100826 0 
1320 -0.0123349 0.10941 0 
1321 0.00810219 0.147881 0 
1322 0.0159156 0.153776 0 
1323 0.0118333 0.168259 0 
1324 -0.00188104 0.160413 0 
1325 -0.0142127 0.173632 0 
1326 -0.00699284 0.210097 0 
1327 0.00481085 0.213071 0 
1328 -0.0036802 0.189439 0 
1329 0.00307554 0.243181 0 
1330 -0.00259368 0.241784 0 
1331 0.00575902 0.242027 0 
1332 0.00228289 0.255031 0 
1333 0.015774 0.259338 0 
1334 -0.00781791 0.306885 0 
1335 -0.0103485 0.30614 0 
1336 0.01153 0.283124 0 
1337 0.0326629 0.301887 0 
1338 -0.00510067 0.30227 0 
1339 0.0047067 0.337266 0 
1340 0.00340452 0.346753 0 
1341 0.00483376 0.367934 0 
1342 0.018334 0.383608 0 
1343 -0.00100428 0.390729 0 
1344 0.0212024 0.397729 0 
1345 0.000988205 0.410392 0 
1346 0.0128055 -0.405 0 
1347 0.0165743 -0.381725 0 
1348 0.0317239 -0.382152 0 
1349 -0.00488443 -0.365764 0 
1350 0.0365814 -0.361878 0 
1351 0.0223099 -0.349623 0 
1352 0.0203526 -0.336408 0 
1353 -0.00717807 -0.311504 0 
1354 0.0199297 -0.308942 0 
1355 -0.00107531 -0.282144 0 
1356 0.0118476 -0.309059 0 
1357 0.0383588 -0.283586 0 
1358 0.0175953 -0.248827 0 
1359 0.0244119 -0.240972 0 
1360 0.00673771 -0.243179 0 
1361 0.0194133 -0.229442 0 
1362 0.0059892 -0.225446 0 
1363 0.0247842 -0.210354 0 
1364 0.0272822 -0.190617 0 
1365 0.011202 -0.191329 0 
1366 0.035678 -0.176172 0 
1367 -0.01093 -0.146881 0 
1368 -0.00113144 -0.123768 0 
1369 0.00545867 -0.147745 0 
1370 0.00551719 -0.124551 0 
1371 0.0146962 -0.12134 0 
1372 0.0044693 -0.107914 0 
1373 0.0242999 -0.108394 0 
1374 0.0226247 -0.0588923 0 
1375 0.0178111 -0.0686322 0 
1376 0.00970352 -0.0511044 0 
1377 0.0181899 -0.038608 0 
1378 0.0380375 -0.0240538 0 
1379 0.0168776 -0.0201647 0 
1380 0.012284 0.00818143 0 
1381 0.0216503 0.0232998 0 
1382 0.022321 0.00964945 0 
1383 0.03332 0.0170697 0 
1384 0.0194477 0.0581291 0 
1385 0.0327223 0.0617626 0 
1386 0.0127425 0.0643827 0 
1387 0.0124337 0.0748425 0 
1388 0.00768735 0.0940613 0 
1389 9.3562e-05 0.093488 0 
1390 0.0282416 0.110237 0 
1391 0.00989625 0.155378 0 
1392 0.0408945 0.156701 0 
1393 0.0146814 0.165622 0 
1394 0.0230261 0.166704 0 
1395 -0.00203613 0.172542 0 
1396 -0.0116401 0.18215 0 
1397 0.00178889 0.225427 0 
1398 0.0195512 0.225181 0 
1399 0.00324523 0.234402 0 
1400 0.00153422 0.251614 0 
1401 0.0224697 0.243632 0 
1402 0.0182997 0.232333 0 
1403 0.0222047 0.241842 0 
1404 0.0410213 0.28336 0 
1405 0.000835639 0.306216 0 
1406 -0.00178381 0.303596 0 
1407 -0.00393148 0.317454 0 
1408 0.0364999 0.320333 0 
1409 0.0107054 0.338104 0 
1410 0.0189702 0.356085 0 
1411 0.0221652 0.376783 0 
1412 0.035889 0.384029 0 
1413 0.00353766 0.416983 0 
1414 0.00192869 0.361848 0 
1415 0.0128055 0.410392 0 
1416 0.0246227 -0.405 0 
1417 3.21907e-05 -0.382758 0 
1418 0.0112067 -0.388377 0 
1419 0.0582227 -0.382578 0 
1420 0.00935736 -0.385021 0 
1421 0.0381187 -0.342442 0 
1422 0.0370826 -0.316987 0 
1423 0.0319689 -0.329004 0 
1424 0.0120723 -0.310898 0 
1425 0.017359 -0.293238 0 
1426 0.0255947 -0.289117 0 
1427 0.0340346 -0.271361 0 
1428 0.0239421 -0.279555 0 
1429 0.0397861 -0.248807 0 
1430 0.0361558 -0.244081 0 
1431 0.0273225 -0.227731 0 
1432 0.0322397 -0.209552 0 
1433 0.0371039 -0.177897 0 
1434 0.0331828 -0.196693 0 
1435 0.00655385 -0.164812 0 
1436 0.011972 -0.165742 0 
1437 0.0274576 -0.158635 0 
1438 0.0311065 -0.151387 0 
1439 0.0306301 -0.116833 0 
1440 0.0394992 -0.122702 0 
1441 0.00737532 -0.108779 0 
1442 0.0422204 -0.0867452 0 
1443 0.0381429 -0.0861594 0 
1444 0.0215113 -0.0460128 0 
1445 0.00470796 -0.0738052 0 
1446 0.0340182 -0.0636 0 
1447 0.0264547 -0.0502112 0 
1448 0.0314023 -0.034894 0 
1449 0.0410696 -0.00920051 0 
1450 -0.00278836 0.00380212 0 
1451 0.010971 0.00398994 0 
1452 0.0264098 -0.00868815 0 
1453 0.0366897 0.0567626 0 
1454 0.0274472 0.0394612 0 
1455 0.0334885 0.0724889 0 
1456 0.0203368 0.0631789 0 
1457 0.0178454 0.0475704 0 
1458 0.0133402 0.0744419 0 
1459 0.0202824 0.0884466 0 
1460 0.0242672 0.123593 0 
1461 0.0229267 0.135738 0 
1462 0.0218325 0.113065 0 
1463 0.00694499 0.17098 0 
1464 0.0265176 0.132101 0 
1465 0.0182694 0.165994 0 
1466 0.0188061 0.17843 0 
1467 0.0189509 0.192036 0 
1468 0.0384491 0.230771 0 
1469 0.0390365 0.191188 0 
1470 0.00844484 0.225405 0 
1471 0.0278663 0.232287 0 
1472 0.0228248 0.252319 0 
1473 0.0502223 0.270245 0 
1474 -0.00496115 0.277073 0 
1475 0.0286532 0.287175 0 
1476 0.0282919 0.284784 0 
1477 0.035264 0.318892 0 
1478 0.024667 0.350464 0 
1479 -0.0104251 0.299868 0 
1480 0.0173198 0.347237 0 
1481 0.0280026 0.372684 0 
1482 0.038106 0.377945 0 
1483 0.0145959 0.397134 0 
1484 0.0355748 0.40281 0 
1485 0.0246227 0.410392 0 
1486 0.03644 -0.405 0 
1487 0.0338535 -0.384041 0 
1488 0.0380327 -0.395291 0 
1489 0.021461 -0.373647 0 
1490 0.048918 -0.354208 0 
1491 0.0208456 -0.345607 0 
1492 0.0411428 -0.341245 0 
1493 0.0609654 -0.338837 0 
1494 0.038909 -0.325372 0 
1495 0.0201201 -0.282677 0 
1496 0.0380796 -0.285712 0 
1497 0.0344204 -0.260482 0 
1498 0.0495668 -0.269361 0 
1499 0.0310873 -0.243026 0 
1500 0.0463442 -0.239113 0 
1501 0.0395112 -0.235547 0 
1502 0.0560394 -0.209085 0 
1503 0.024618 -0.200144 0 
1504 0.0292086 -0.18545 0 
1505 0.0334459 -0.19164 0 
1506 0.0131712 -0.184251 0 
1507 0.041125 -0.121361 0 
1508 0.0343469 -0.169791 0 
1509 0.0381747 -0.146641 0 
1510 0.0317337 -0.109733 0 
1511 0.0315686 -0.128763 0 
1512 0.0268142 -0.107226 0 
1513 0.0323411 -0.0959182 0 
1514 0.0221606 -0.0837037 0 
1515 0.0587784 -0.0619825 0 
1516 0.0320703 -0.0574022 0 
1517 0.0270636 -0.0270687 0 
1518 0.0417495 -0.0321738 0 
1519 0.0602587 -0.0154633 0 
1520 0.0558695 -0.0233835 0 
1521 0.0390176 0.0203249 0 
1522 0.048334 0.0207403 0 
1523 0.0425001 0.0490544 0 
1524 0.0401714 0.0564826 0 
1525 0.0370155 0.0371421 0 
1526 0.0283771 0.0788287 0 
1527 0.0530848 0.0719953 0 
1528 0.0254996 0.0947149 0 
1529 0.0301255 0.107897 0 
1530 0.0410362 0.101683 0 
1531 0.0345094 0.147776 0 
1532 0.0405673 0.150921 0 
1533 0.0468636 0.147332 0 
1534 0.0429136 0.173485 0 
1535 0.0257033 0.15918 0 
1536 0.0393525 0.169587 0 
1537 0.0431169 0.20485 0 
1538 0.0371734 0.224407 0 
1539 0.0444589 0.203034 0 
1540 0.0485748 0.234576 0 
1541 0.0416685 0.262452 0 
1542 0.0233787 0.261153 0 
1543 0.0127686 0.282666 0 
1544 0.0272239 0.289048 0 
1545 0.0243639 0.278042 0 
1546 0.0297622 0.320983 0 
1547 0.0343357 0.303137 0 
1548 0.0427062 0.343313 0 
1549 0.0360008 0.334767 0 
1550 0.0421037 0.337547 0 
1551 0.0441608 0.373893 0 
1552 0.0497574 0.382088 0 
1553 0.0475972 0.381855 0 
1554 0.0589939 0.402285 0 
1555 0.03644 0.410392 0 
1556 0.0482573 -0.405 0 
1557 0.0625545 -0.384859 0 
1558 0.0503483 -0.391446 0 
1559 0.031462 -0.409373 0 
1560 0.0563317 -0.326436 0 
1561 0.0507532 -0.342701 0 
1562 0.0257411 -0.324509 0 
1563 0.0604935 -0.34112 0 
1564 0.0306883 -0.273531 0 
1565 0.0419213 -0.311714 0 
1566 0.0313803 -0.322559 0 
1567 0.0465187 -0.286142 0 
1568 0.039345 -0.270226 0 
1569 0.0457494 -0.235314 0 
1570 0.0626737 -0.246838 0 
1571 0.0574318 -0.225799 0 
1572 0.0583548 -0.215544 0 
1573 0.0515327 -0.215276 0 
1574 0.0409442 -0.213416 0 
1575 0.030194 -0.196562 0 
1576 0.021416 -0.15473 0 
1577 0.0572997 -0.153756 0 
1578 0.0512315 -0.160281 0 
1579 0.0504679 -0.143885 0 
1580 0.062641 -0.123153 0 
1581 0.0305884 -0.116085 0 
1582 0.0310303 -0.101416 0 
1583 0.0493022 -0.08155 0 
1584 0.0509634 -0.0726719 0 
1585 0.0599904 -0.0637937 0 
1586 0.0501446 -0.0466164 0 
1587 0.0721599 -0.0409941 0 
1588 0.0409008 -0.0343965 0 
1589 0.0425945 0.00606318 0 
1590 0.0408537 0.0170838 0 
1591 0.0510729 0.0180015 0 
1592 0.0233239 0.025288 0 
1593 0.0625018 0.0374024 0 
1594 0.0670284 0.0563887 0 
1595 0.0665141 0.0754846 0 
1596 0.068535 0.0756868 0 
1597 0.0636771 0.0978392 0 
1598 0.0527884 0.0883638 0 
1599 0.0513606 0.0930829 0 
1600 0.0279842 0.105904 0 
1601 0.0344596 0.149474 0 
1602 0.0493773 0.124362 0 
1603 0.0544838 0.152086 0 
1604 0.0530757 0.15593 0 
1605 0.0414221 0.177157 0 
1606 0.0565789 0.172749 0 
1607 0.0243609 0.187656 0 
1608 0.0527497 0.204513 0 
1609 0.0269485 0.236308 0 
1610 0.0277912 0.232396 0 
1611 0.0653488 0.25112 0 
1612 0.0786692 0.246535 0 
1613 0.0430998 0.252889 0 
1614 0.0313016 0.274211 0 
1615 0.0373154 0.284136 0 
1616 0.0530835 0.298111 0 
1617 0.0571073 0.294273 0 
1618 0.0653128 0.328155 0 
1619 0.0574661 0.354818 0 
1620 0.0247333 0.364964 0 
1621 0.0386343 0.360297 0 
1622 0.0407438 0.367979 0 
1623 0.0450235 0.399007 0 
1624 0.059859 0.400896 0 
1625 0.0482573 0.410392 0 
1626 0.0600746 -0.405 0 
1627 0.0504733 -0.391885 0 
1628 0.0404302 -0.411025 0 
1629 0.0653192 -0.358134 0 
1630 0.0581901 -0.348113 0 
1631 0.0627035 -0.329067 0 
1632 0.0496116 -0.337585 0 
1633 0.0616801 -0.311159 0 
1634 0.0646972 -0.311113 0 
1635 0.0571638 -0.303848 0 
1636 0.0604609 -0.286486 0 
1637 0.0544269 -0.27799 0 
1638 0.0493074 -0.274267 0 
1639 0.0655554 -0.245579 0 
1640 0.0758374 -0.242382 0 
1641 0.0598037 -0.240739 0 
1642 0.0725549 -0.230852 0 
1643 0.0432094 -0.216189 0 
1644 0.0533545 -0.202875 0 
1645 0.077029 -0.151163 0 
1646 0.0750251 -0.182099 0 
1647 0.0406225 -0.164433 0 
1648 0.0761504 -0.138567 0 
1649 0.0619049 -0.11807 0 
1650 0.0609105 -0.136399 0 
1651 0.0604617 -0.111091 0 
1652 0.0516399 -0.0933665 0 
1653 0.057019 -0.0916908 0 
1654 0.0518684 -0.0729555 0 
1655 0.0480254 -0.0763343 0 
1656 0.0954225 -0.034339 0 
1657 0.0652585 -0.0443027 0 
1658 0.0660592 -0.0308464 0 
1659 0.0534717 -0.0243193 0 
1660 0.059053 -0.0115085 0 
1661 0.0485783 0.0110998 0 
1662 0.0635296 0.00797684 0 
1663 0.0433403 0.0371281 0 
1664 0.0545191 0.0288715 0 
1665 0.0648676 0.0553475 0 
1666 0.0531315 0.0769722 0 
1667 0.067392 0.0667533 0 
1668 0.0600026 0.100371 0 
1669 0.0797928 0.0928467 0 
1670 0.0745433 0.126279 0 
1671 0.0381878 0.139948 0 
1672 0.0362134 0.130515 0 
1673 0.066164 0.133693 0 
1674 0.027815 0.170049 0 
1675 0.0640054 0.207894 0 
1676 0.0738039 0.194828 0 
1677 0.0380163 0.195256 0 
1678 0.0423089 0.200826 0 
1679 0.0463239 0.223199 0 
1680 0.0531317 0.230556 0 
1681 0.07786 0.251826 0 
1682 0.0349194 0.256943 0 
1683 0.0472283 0.278234 0 
1684 0.0700743 0.292574 0 
1685 0.066162 0.306244 0 
1686 0.065794 0.302785 0 
1687 0.0453717 0.312192 0 
1688 0.0723442 0.332297 0 
1689 0.0665258 0.345638 0 
1690 0.0608648 0.357139 0 
1691 0.0768257 0.370063 0 
1692 0.0683056 0.375134 0 
1693 0.0515015 0.3832 0 
1694 0.0448384 0.380499 0 
1695 0.0600746 0.410392 0 
1696 0.0718918 -0.405 0 
1697 0.100123 -0.40105 0 
1698 0.0747195 -0.375797 0 
1699 0.0718583 -0.387532 0 
1700 0.0817427 -0.375224 0 
1701 0.0970743 -0.366699 0 
1702 0.0603571 -0.337397 0 
1703 0.0632024 -0.339894 0 
1704 0.0802871 -0.328124 0 
1705 0.0958062 -0.292515 0 
1706 0.0816591 -0.289177 0 
1707 0.064066 -0.268565 0 
1708 0.0731226 -0.252787 0 
1709 0.0748435 -0.235672 0 
1710 0.0833225 -0.226894 0 
1711 0.0793562 -0.223324 0 
1712 0.106186 -0.19147 0 
1713 0.093811 -0.211204 0 
1714 0.0599595 -0.184256 0 
1715 0.0509302 -0.186441 0 
1716 0.0969509 -0.1594 0 
1717 0.0623276 -0.166733 0 
1718 0.0847781 -0.138754 0 
1719 0.0570588 -0.163856 0 
1720 0.0708487 -0.108904 0 
1721 0.0706849 -0.107033 0 
1722 0.0456587 -0.0739024 0 
1723 0.0729573 -0.102467 0 
1724 0.0577039 -0.0711323 0 
1725 0.0565136 -0.0626578 0 
1726 0.0479845 -0.0880035 0 
1727 0.0838896 -0.0106098 0 
1728 0.0755812 -0.0215762 0 
1729 0.0756043 -0.0324259 0 
1730 0.0773926 0.0055292 0 
1731 0.0754842 -0.0145829 0 
1732 0.0769257 0.00643281 0 
1733 0.0764631 0.0300454 0 
1734 0.0723458 0.0456811 0 
1735 0.0563598 0.0551091 0 
1736 0.0951996 0.0726705 0 
1737 0.0793225 0.0629818 0 
1738 0.079896 0.0656053 0 
1739 0.0600557 0.104492 0 
1740 0.0549846 0.116479 0 
1741 0.0508109 0.139211 0 
1742 0.0778088 0.148653 0 
1743 0.0904419 0.163165 0 
1744 0.0529959 0.167421 0 
1745 0.0669633 0.1647 0 
1746 0.0525457 0.171682 0 
1747 0.0602066 0.191746 0 
1748 0.0711938 0.203366 0 
1749 0.0576666 0.216426 0 
1750 0.0758394 0.24285 0 
1751 0.0820118 0.249671 0 
1752 0.061582 0.250553 0 
1753 0.0592139 0.249434 0 
1754 0.0861656 0.262083 0 
1755 0.0689821 0.29677 0 
1756 0.0834301 0.302447 0 
1757 0.089478 0.319706 0 
1758 0.0660307 0.315287 0 
1759 0.0732083 0.342642 0 
1760 0.0730128 0.360522 0 
1761 0.093164 0.3718 0 
1762 0.0992951 0.376029 0 
1763 0.0944616 0.372237 0 
1764 0.070762 0.424922 0 
1765 0.0718918 0.410392 0 
1766 0.0837091 -0.405 0 
1767 0.0872713 -0.409382 0 
1768 0.0718801 -0.384964 0 
1769 0.0730197 -0.366019 0 
1770 0.0936011 -0.372597 0 
1771 0.0929719 -0.34188 0 
1772 0.091353 -0.320976 0 
1773 0.0861106 -0.312996 0 
1774 0.0805465 -0.293172 0 
1775 0.101218 -0.282085 0 
1776 0.0864605 -0.277629 0 
1777 0.064124 -0.284525 0 
1778 0.0743652 -0.255394 0 
1779 0.0820123 -0.243573 0 
1780 0.117973 -0.240543 0 
1781 0.0646575 -0.235046 0 
1782 0.0745672 -0.216322 0 
1783 0.0690009 -0.197726 0 
1784 0.0778082 -0.20337 0 
1785 0.0946076 -0.201551 0 
1786 0.0857564 -0.18783 0 
1787 0.104658 -0.174293 0 
1788 0.0866825 -0.159134 0 
1789 0.0885592 -0.115293 0 
1790 0.0984445 -0.115155 0 
1791 0.0805169 -0.109772 0 
1792 0.088591 -0.0943762 0 
1793 0.0708485 -0.0726146 0 
1794 0.0883491 -0.0865928 0 
1795 0.0964131 -0.0627201 0 
1796 0.056451 -0.0780341 0 
1797 0.0864818 -0.00939445 0 
1798 0.086397 -0.00235409 0 
1799 0.0730047 -0.0226905 0 
1800 0.0961179 0.00220588 0 
1801 0.0790751 0.0356243 0 
1802 0.0918238 0.0360139 0 
1803 0.0796577 0.0125929 0 
1804 0.0961536 0.0202248 0 
1805 0.0753909 0.0615238 0 
1806 0.0700184 0.0772992 0 
1807 0.0874571 0.0649495 0 
1808 0.102743 0.0849179 0 
1809 0.0742095 0.112311 0 
1810 0.0964604 0.104847 0 
1811 0.0948079 0.134791 0 
1812 0.0781295 0.145872 0 
1813 0.06555 0.154901 0 
1814 0.081395 0.150676 0 
1815 0.0700836 0.162908 0 
1816 0.0717674 0.200532 0 
1817 0.0757179 0.212913 0 
1818 0.0751614 0.195168 0 
1819 0.060229 0.224196 0 
1820 0.0931994 0.224147 0 
1821 0.0862932 0.24148 0 
1822 0.0887077 0.246986 0 
1823 0.0781095 0.247301 0 
1824 0.0777361 0.264473 0 
1825 0.0904135 0.277665 0 
1826 0.0775191 0.294627 0 
1827 0.0886851 0.3466 0 
1828 0.0878535 0.298367 0 
1829 0.092063 0.353695 0 
1830 0.0956936 0.348968 0 
1831 0.0826881 0.382547 0 
1832 0.0720364 0.388828 0 
1833 0.0556748 0.41698 0 
1834 0.0978201 0.410466 0 
1835 0.0837091 0.410392 0 
1836 0.0955264 -0.405 0 
1837 0.0800785 -0.390869 0 
1838 0.0912907 -0.378053 0 
1839 0.0941608 -0.388568 0 
1840 0.0910434 -0.347767 0 
1841 0.107381 -0.335834 0 
1842 0.0958885 -0.34102 0 
1843 0.119005 -0.311981 0 
1844 0.102644 -0.351411 0 
1845 0.12489 -0.304445 0 
1846 0.082905 -0.284948 0 
1847 0.108236 -0.267974 0 
1848 0.0900275 -0.256533 0 
1849 0.079148 -0.261975 0 
1850 0.124297 -0.258565 0 
1851 0.1359 -0.22307 0 
1852 0.0897378 -0.21838 0 
1853 0.0749079 -0.222594 0 
1854 0.0999402 -0.162462 0 
1855 0.104744 -0.188006 0 
1856 0.0900863 -0.155806 0 
1857 0.0792134 -0.146001 0 
1858 0.0909523 -0.142119 0 
1859 0.106221 -0.148023 0 
1860 0.110467 -0.116885 0 
1861 0.0821484 -0.0806542 0 
1862 0.0977049 -0.101121 0 
1863 0.0959422 -0.0588476 0 
1864 0.0969886 -0.0767853 0 
1865 0.111156 -0.0744808 0 
1866 0.0879481 -0.0468563 0 
1867 0.0675957 -0.0503977 0 
1868 0.0992318 -0.0124626 0 
1869 0.0842528 -0.0143888 0 
1870 0.0962161 0.00613841 0 
1871 0.0668495 0.027193 0 
1872 0.0970114 0.0427081 0 
1873 0.0960109 0.0498289 0 
1874 0.0885149 0.0294385 0 
1875 0.101518 0.0521454 0 
1876 0.0964741 0.0589444 0 
1877 0.0918067 0.0972273 0 
1878 0.0849499 0.0906789 0 
1879 0.0939283 0.117683 0 
1880 0.0615665 0.088445 0 
1881 0.102842 0.131241 0 
1882 0.111864 0.145591 0 
1883 0.0827894 0.174072 0 
1884 0.0977184 0.16854 0 
1885 0.103712 0.160735 0 
1886 0.0905432 0.191434 0 
1887 0.0747759 0.208849 0 
1888 0.11576 0.197012 0 
1889 0.0855765 0.183815 0 
1890 0.0993892 0.238344 0 
1891 0.097165 0.255591 0 
1892 0.11205 0.264858 0 
1893 0.0862445 0.262324 0 
1894 0.0808709 0.276516 0 
1895 0.100395 0.272239 0 
1896 0.0912908 0.299843 0 
1897 0.0968966 0.337775 0 
1898 0.106358 0.327192 0 
1899 0.103802 0.329913 0 
1900 0.100912 0.336209 0 
1901 0.0974178 0.386986 0 
1902 0.0783264 0.386107 0 
1903 0.0853081 0.402297 0 
1904 0.0883854 0.388162 0 
1905 0.0955264 0.410392 0 
1906 0.107344 -0.405 0 
1907 0.107344 -0.393183 0 
1908 0.107344 -0.381365 0 
1909 0.107344 -0.369548 0 
1910 0.107344 -0.357731 0 
1911 0.107344 -0.345913 0 
1912 0.107344 -0.334096 0 
1913 0.107344 -0.322279 0 
1914 0.107344 -0.310462 0 
1915 0.107344 -0.298644 0 
1916 0.107344 -0.286827 0 
1917 0.107344 -0.27501 0 
1918 0.107344 -0.263193 0 
1919 0.107344 -0.251375 0 
1920 0.107344 -0.239558 0 
1921 0.107344 -0.227741 0 
1922 0.107344 -0.215924 0 
1923 0.107344 -0.204106 0 
1924 0.107344 -0.192289 0 
1925 0.107344 -0.180472 0 
1926 0.107344 -0.168654 0 
1927 0.107344 -0.156837 0 
1928 0.107344 -0.14502 0 
1929 0.107344 -0.133203 0 
1930 0.107344 -0.121385 0 
1931 0.107344 -0.109568 0 
1932 0.107344 -0.0977508 0 
1933 0.107344 -0.0859335 0 
1934 0.107344 -0.0741163 0 
1935 0.107344 -0.062299 0 
1936 0.107344 -0.0504817 0 
1937 0.107344 -0.0386644 0 
1938 0.107344 -0.0268472 0 
1939 0.107344 -0.0150299 0 
1940 0.107344 -0.00321262 0 
1941 0.107344 0.00860465 0 
1942 0.107344 0.0204219 0 
1943 0.107344 0.0322392 0 
1944 0.107344 0.0440565 0 
1945 0.107344 0.0558737 0 
1946 0.107344 0.067691 0 
1947 0.107344 0.0795083 0 
1948 0.107344 0.0913256 0 
1949 0.107344 0.103143 0 
1950 0.107344 0.11496 0 
1951 0.107344 0.126777 0 
1952 0.107344 0.138595 0 
1953 0.107344 0.150412 0 
1954 0.107344 0.162229 0 
1955 0.107344 0.174047 0 
1956 0.107344 0.185864 0 
1957 0.107344 0.197681 0 
1958 0.107344 0.209498 0 
1959 0.107344 0.221316 0 
1960 0.125773 0.223279 0 
1961 0.118639 0.2423 0 
1962 0.113504 0.258673 0 
1963 0.112269 0.260379 0 
1964 0.103087 0.280397 0 
1965 0.118216 0.270996 0 
1966 0.132996 0.289383 0 
1967 0.0937219 0.316003 0 
1968 0.0827012 0.318343 0 
1969 0.113687 0.346088 0 
1970 0.0949834 0.367581 0 
1971 0.115301 0.386903 0 
1972 0.123332 0.356028 0 
1973 0.0876484 0.368232 0 
1974 0.110323 0.390747 0 
1975 0.107344 0.410392 0 
1976 0.119161 0.221316 0 
1977 0.126517 0.237321 0 
1978 0.10029 0.244058 0 
1979 0.113901 0.266991 0 
1980 0.113699 0.272903 0 
1981 0.10634 0.27745 0 
1982 0.132632 0.282318 0 
1983 0.110418 0.295301 0 
1984 0.127609 0.304547 0 
1985 0.108333 0.342161 0 
1986 0.109851 0.324739 0 
1987 0.126489 0.334174 0 
1988 0.105622 0.373349 0 
1989 0.136478 0.356351 0 
1990 0.125377 0.401735 0 
1991 0.136472 0.390838 0 
1992 0.119161 0.410392 0 
1993 0.130978 0.221316 0 
1994 0.146339 0.230179 0 
1995 0.134183 0.250625 0 
1996 0.111216 0.23603 0 
1997 0.124157 0.273541 0 
1998 0.108199 0.268423 0 
1999 0.120871 0.300844 0 
2000 0.119566 0.303698 0 
2001 0.141435 0.313851 0 
2002 0.135606 0.332195 0 
2003 0.114544 0.341226 0 
2004 0.153495 0.325944 0 
2005 0.112024 0.364021 0 
2006 0.120555 0.392692 0 
2007 0.121859 0.388084 0 
2008 0.13859 0.372947 0 
2009 0.130978 0.410392 0 
2010 0.142796 0.221316 0 
2011 0.159662 0.260294 0 
2012 0.137984 0.241345 0 
2013 0.146993 0.248812 0 
2014 0.115572 0.284121 0 
2015 0.113952 0.272992 0 
2016 0.143567 0.25779 0 
2017 0.131059 0.312009 0 
2018 0.161059 0.323478 0 
2019 0.128366 0.326492 0 
2020 0.161453 0.358045 0 
2021 0.13911 0.367569 0 
2022 0.15283 0.346209 0 
2023 0.135374 0.382516 0 
2024 0.119116 0.394973 0 
2025 0.156169 0.40378 0 
2026 0.142796 0.410392 0 
2027 0.154613 0.221316 0 
2028 0.158716 0.261113 0 
2029 0.182886 0.219459 0 
2030 0.149342 0.23853 0 
2031 0.156591 0.25591 0 
2032 0.154028 0.258824 0 
2033 0.150383 0.292185 0 
2034 0.16193 0.308904 0 
2035 0.128687 0.31664 0 
2036 0.178919 0.32598 0 
2037 0.132041 0.325751 0 
2038 0.16194 0.343768 0 
2039 0.147609 0.351632 0 
2040 0.136553 0.382539 0 
2041 0.172767 0.389546 0 
2042 0.157644 0.403997 0 
2043 0.154613 0.410392 0 
2044 0.16643 0.221316 0 
2045 0.167627 0.233651 0 
2046 0.172543 0.250771 0 
2047 0.13921 0.262772 0 
2048 0.176304 0.271612 0 
2049 0.140121 0.300904 0 
2050 0.147967 0.303379 0 
2051 0.176804 0.285556 0 
2052 0.134351 0.314765 0 
2053 0.180217 0.328 0 
2054 0.159975 0.341018 0 
2055 0.173263 0.352802 0 
2056 0.175089 0.369177 0 
2057 0.164399 0.36762 0 
2058 0.139181 0.377686 0 
2059 0.184645 0.389489 0 
2060 0.16643 0.410392 0 
2061 0.178247 0.221316 0 
2062 0.211814 0.222875 0 
2063 0.189712 0.261562 0 
2064 0.192076 0.252009 0 
2065 0.182727 0.250772 0 
2066 0.174768 0.278967 0 
2067 0.173838 0.302262 0 
2068 0.179694 0.29309 0 
2069 0.159301 0.322237 0 
2070 0.152753 0.312334 0 
2071 0.178214 0.33437 0 
2072 0.175379 0.344895 0 
2073 0.163091 0.362605 0 
2074 0.199538 0.351217 0 
2075 0.179175 0.375235 0 
2076 0.198751 0.420271 0 
2077 0.178247 0.410392 0 
2078 0.190065 0.221316 0 
2079 0.172558 0.255643 0 
2080 0.185153 0.242389 0 
2081 0.178742 0.258708 0 
2082 0.196802 0.302407 0 
2083 0.180618 0.256302 0 
2084 0.206285 0.292549 0 
2085 0.18874 0.29466 0 
2086 0.188988 0.315006 0 
2087 0.175049 0.330049 0 
2088 0.175708 0.349818 0 
2089 0.167543 0.353256 0 
2090 0.187129 0.380411 0 
2091 0.196095 0.371271 0 
2092 0.199901 0.365011 0 
2093 0.176263 0.39462 0 
2094 0.190065 0.410392 0 
2095 0.201882 0.221316 0 
2096 0.201651 0.219227 0 
2097 0.180794 0.242718 0 
2098 0.174832 0.250036 0 
2099 0.204962 0.270468 0 
2100 0.189806 0.262144 0 
2101 0.198808 0.303412 0 
2102 0.187864 0.303478 0 
2103 0.182676 0.316452 0 
2104 0.220344 0.328477 0 
2105 0.223886 0.358879 0 
2106 0.169047 0.37328 0 
2107 0.190538 0.375137 0 
2108 0.207778 0.391025 0 
2109 0.192682 0.383234 0 
2110 0.213722 0.387137 0 
2111 0.201882 0.410392 0 
2112 0.213699 0.221316 0 
2113 0.209942 0.234282 0 
2114 0.228065 0.225192 0 
2115 0.207617 0.266633 0 
2116 0.220658 0.270242 0 
2117 0.230412 0.264438 0 
2118 0.21526 0.270825 0 
2119 0.205397 0.299185 0 
2120 0.185107 0.322686 0 
2121 0.244789 0.333562 0 
2122 0.221537 0.344155 0 
2123 0.196739 0.369337 0 
2124 0.216072 0.357995 0 
2125 0.221957 0.377851 0 
2126 0.212294 0.3852 0 
2127 0.207288 0.410247 0 
2128 0.213699 0.410392 0 
2129 0.225516 0.0795083 0 
2130 0.225516 0.0913256 0 
2131 0.225516 0.103143 0 
2132 0.225516 0.11496 0 
2133 0.225516 0.126777 0 
2134 0.225516 0.138595 0 
2135 0.225516 0.150412 0 
2136 0.225516 0.162229 0 
2137 0.225516 0.174047 0 
2138 0.225516 0.185864 0 
2139 0.225516 0.197681 0 
2140 0.225516 0.209498 0 
2141 0.225516 0.221316 0 
2142 0.24085 0.220898 0 
2143 0.241136 0.252129 0 
2144 0.226624 0.248882 0 
2145 0.220274 0.246808 0 
2146 0.228755 0.274769 0 
2147 0.222501 0.311564 0 
2148 0.214346 0.314602 0 
2149 0.232834 0.310235 0 
2150 0.236303 0.345725 0 
2151 0.230104 0.365222 0 
2152 0.218993 0.348067 0 
2153 0.233559 0.348209 0 
2154 0.223944 0.363859 0 
2155 0.236233 0.383346 0 
2156 0.243956 0.411119 0 
2157 0.225516 0.410392 0 
2158 0.237334 0.0795083 0 
2159 0.244237 0.107469 0 
2160 0.230069 0.126648 0 
2161 0.251638 0.124969 0 
2162 0.225949 0.098483 0 
2163 0.238392 0.149162 0 
2164 0.225927 0.131494 0 
2165 0.244089 0.166741 0 
2166 0.233078 0.149303 0 
2167 0.223486 0.190596 0 
2168 0.238433 0.191082 0 
2169 0.250315 0.211673 0 
2170 0.219442 0.200326 0 
2171 0.262245 0.214339 0 
2172 0.23622 0.277166 0 
2173 0.245622 0.270868 0 
2174 0.265249 0.266972 0 
2175 0.245438 0.316732 0 
2176 0.226867 0.300046 0 
2177 0.223234 0.30435 0 
2178 0.239729 0.328817 0 
2179 0.240868 0.324417 0 
2180 0.213821 0.35333 0 
2181 0.232986 0.359564 0 
2182 0.225605 0.358049 0 
2183 0.241667 0.378362 0 
2184 0.220944 0.40428 0 
2185 0.220478 0.386466 0 
2186 0.237334 0.410392 0 
2187 0.249151 0.0795083 0 
2188 0.280622 0.0894557 0 
2189 0.2627 0.0903844 0 
2190 0.225137 0.116407 0 
2191 0.2389 0.128349 0 
2192 0.250303 0.160033 0 
2193 0.24128 0.164033 0 
2194 0.266533 0.146004 0 
2195 0.256723 0.168648 0 
2196 0.258351 0.181035 0 
2197 0.232123 0.191059 0 
2198 0.234531 0.208428 0 
2199 0.253173 0.217995 0 
2200 0.235627 0.216284 0 
2201 0.244754 0.271079 0 
2202 0.241624 0.251852 0 
2203 0.272515 0.27006 0 
2204 0.230753 0.292293 0 
2205 0.267194 0.27441 0 
2206 0.268037 0.305682 0 
2207 0.255576 0.317823 0 
2208 0.228173 0.340701 0 
2209 0.232788 0.332412 0 
2210 0.265478 0.36109 0 
2211 0.245734 0.361871 0 
2212 0.263591 0.383364 0 
2213 0.217206 0.382883 0 
2214 0.238961 0.401589 0 
2215 0.249151 0.410392 0 
2216 0.260968 0.0795083 0 
2217 0.249672 0.0916457 0 
2218 0.285946 0.0935225 0 
2219 0.272995 0.112103 0 
2220 0.268639 0.118468 0 
2221 0.269008 0.136749 0 
2222 0.263341 0.122169 0 
2223 0.281196 0.162368 0 
2224 0.230566 0.17967 0 
2225 0.265171 0.172069 0 
2226 0.265675 0.189301 0 
2227 0.271562 0.211772 0 
2228 0.254339 0.229321 0 
2229 0.257175 0.239309 0 
2230 0.260829 0.229917 0 
2231 0.245512 0.26802 0 
2232 0.276367 0.280298 0 
2233 0.261346 0.299962 0 
2234 0.248488 0.28974 0 
2235 0.237765 0.293598 0 
2236 0.24316 0.308828 0 
2237 0.265802 0.304348 0 
2238 0.273333 0.36653 0 
2239 0.26151 0.353517 0 
2240 0.261061 0.368686 0 
2241 0.244563 0.356889 0 
2242 0.272812 0.364197 0 
2243 0.261476 0.398554 0 
2244 0.260968 0.410392 0 
2245 0.272786 0.0795083 0 
2246 0.279072 0.11495 0 
2247 0.27133 0.106334 0 
2248 0.27531 0.119854 0 
2249 0.270899 0.130243 0 
2250 0.295627 0.109201 0 
2251 0.257426 0.142598 0 
2252 0.268073 0.152066 0 
2253 0.264176 0.172039 0 
2254 0.27293 0.175844 0 
2255 0.262399 0.203768 0 
2256 0.268022 0.229664 0 
2257 0.259414 0.224732 0 
2258 0.270608 0.234109 0 
2259 0.268335 0.254764 0 
2260 0.283209 0.238142 0 
2261 0.274382 0.281074 0 
2262 0.261743 0.28952 0 
2263 0.270424 0.289407 0 
2264 0.262056 0.304849 0 
2265 0.265163 0.30113 0 
2266 0.273159 0.305607 0 
2267 0.253658 0.337961 0 
2268 0.28009 0.342332 0 
2269 0.245165 0.381228 0 
2270 0.277513 0.370167 0 
2271 0.279001 0.362641 0 
2272 0.278464 0.406581 0 
2273 0.272786 0.410392 0 
2274 0.284603 0.0795083 0 
2275 0.278289 0.0947464 0 
2276 0.283469 0.0896048 0 
2277 0.28838 0.148888 0 
2278 0.300426 0.123269 0 
2279 0.276275 0.156462 0 
2280 0.299036 0.150647 0 
2281 0.273406 0.158554 0 
2282 0.278906 0.162422 0 
2283 0.282346 0.18629 0 
2284 0.279736 0.2166 0 
2285 0.289712 0.200455 0 
2286 0.293112 0.219085 0 
2287 0.283419 0.238811 0 
2288 0.276924 0.235652 0 
2289 0.278288 0.264361 0 
2290 0.303616 0.252285 0 
2291 0.28878 0.278695 0 
2292 0.268415 0.291733 0 
2293 0.271509 0.302686 0 
2294 0.259778 0.330903 0 
2295 0.306333 0.332379 0 
2296 0.280137 0.353799 0 
2297 0.272307 0.348902 0 
2298 0.286562 0.346147 0 
2299 0.29139 0.395689 0 
2300 0.263216 0.404489 0 
2301 0.27812 0.39215 0 
2302 0.284603 0.410392 0 
2303 0.29642 0.0795083 0 
2304 0.281663 0.0864175 0 
2305 0.282714 0.113106 0 
2306 0.279891 0.0924474 0 
2307 0.276776 0.131978 0 
2308 0.270998 0.128762 0 
2309 0.287089 0.135233 0 
2310 0.270943 0.150432 0 
2311 0.304759 0.154843 0 
2312 0.294858 0.186835 0 
2313 0.312768 0.182245 0 
2314 0.300076 0.203888 0 
2315 0.295761 0.213164 0 
2316 0.295166 0.233391 0 
2317 0.291953 0.241622 0 
2318 0.30262 0.266263 0 
2319 0.290205 0.294716 0 
2320 0.306771 0.286053 0 
2321 0.307975 0.281877 0 
2322 0.300229 0.312872 0 
2323 0.281616 0.320496 0 
2324 0.28744 0.341308 0 
2325 0.282849 0.326441 0 
2326 0.29155 0.343077 0 
2327 0.284643 0.368162 0 
2328 0.303069 0.398205 0 
2329 0.300246 0.36898 0 
2330 0.29598 0.412319 0 
2331 0.29642 0.410392 0 
2332 0.308237 0.0795083 0 
2333 0.30552 0.0818509 0 
2334 0.301748 0.0972719 0 
2335 0.326501 0.160555 0 
2336 0.319163 0.121767 0 
2337 0.301521 0.139956 0 
2338 0.323056 0.150768 0 
2339 0.318086 0.157643 0 
2340 0.298514 0.159174 0 
2341 0.297953 0.183397 0 
2342 0.316327 0.18885 0 
2343 0.31978 0.190456 0 
2344 0.31091 0.22761 0 
2345 0.316308 0.233364 0 
2346 0.304182 0.22183 0 
2347 0.311719 0.252433 0 
2348 0.320915 0.269901 0 
2349 0.297373 0.269146 0 
2350 0.298523 0.279678 0 
2351 0.290853 0.308451 0 
2352 0.296637 0.337744 0 
2353 0.304191 0.337235 0 
2354 0.308799 0.326907 0 
2355 0.332463 0.345034 0 
2356 0.302808 0.365404 0 
2357 0.309133 0.341817 0 
2358 0.301303 0.386286 0 
2359 0.30761 0.389043 0 
2360 0.308237 0.410392 0 
2361 0.320055 0.0795083 0 
2362 0.333118 0.0938472 0 
2363 0.334247 0.120581 0 
2364 0.311232 0.118558 0 
2365 0.319626 0.138856 0 
2366 0.331379 0.121644 0 
2367 0.320435 0.137783 0 
2368 0.304728 0.151983 0 
2369 0.30813 0.186127 0 
2370 0.312714 0.179848 0 
2371 0.31338 0.206849 0 
2372 0.326119 0.2264 0 
2373 0.349423 0.213404 0 
2374 0.317774 0.239631 0 
2375 0.303806 0.257838 0 
2376 0.343185 0.270848 0 
2377 0.338788 0.269122 0 
2378 0.339951 0.274934 0 
2379 0.348065 0.304238 0 
2380 0.309252 0.297396 0 
2381 0.297681 0.312428 0 
2382 0.311602 0.329462 0 
2383 0.310676 0.343783 0 
2384 0.345738 0.33577 0 
2385 0.297742 0.341867 0 
2386 0.329354 0.400551 0 
2387 0.334114 0.383166 0 
2388 0.311716 0.401002 0 
2389 0.320055 0.410392 0 
2390 0.331872 0.0795083 0 
2391 0.349 0.0848122 0 
2392 0.327116 0.0665105 0 
2393 0.340318 0.136895 0 
2394 0.338515 0.134704 0 
2395 0.315433 0.141085 0 
2396 0.335993 0.152998 0 
2397 0.340092 0.165435 0 
2398 0.325959 0.188326 0 
2399 0.327177 0.164234 0 
2400 0.327287 0.241643 0 
2401 0.323805 0.226496 0 
2402 0.328011 0.224991 0 
2403 0.33876 0.22643 0 
2404 0.341496 0.242077 0 
2405 0.331377 0.251113 0 
2406 0.343595 0.268872 0 
2407 0.331384 0.277455 0 
2408 0.346672 0.311368 0 
2409 0.334549 0.302608 0 
2410 0.326701 0.295918 0 
2411 0.320575 0.335516 0 
2412 0.337479 0.323062 0 
2413 0.327825 0.359903 0 
2414 0.323622 0.374874 0 
2415 0.32164 0.361362 0 
2416 0.31563 0.39617 0 
2417 0.32088 0.389166 0 
2418 0.331872 0.410392 0 
2419 0.343689 0.0795083 0 
2420 0.346466 0.0591399 0 
2421 0.351133 0.103525 0 
2422 0.344164 0.14624 0 
2423 0.343357 0.133178 0 
2424 0.343169 0.115736 0 
2425 0.332794 0.167887 0 
2426 0.338279 0.168494 0 
2427 0.331298 0.18038 0 
2428 0.336328 0.215259 0 
2429 0.348762 0.211296 0 
2430 0.361568 0.20145 0 
2431 0.335486 0.205814 0 
2432 0.356126 0.216924 0 
2433 0.348619 0.240357 0 
2434 0.33643 0.241081 0 
2435 0.358965 0.273203 0 
2436 0.334811 0.252782 0 
2437 0.336274 0.292285 0 
2438 0.339744 0.306603 0 
2439 0.339769 0.298923 0 
2440 0.34504 0.331291 0 
2441 0.363065 0.341432 0 
2442 0.358804 0.373621 0 
2443 0.349632 0.347488 0 
2444 0.328737 0.384861 0 
2445 0.344395 0.382104 0 
2446 0.330383 0.411023 0 
2447 0.343689 0.410392 0 
2448 0.355506 0.0795083 0 
2449 0.358894 0.114038 0 
2450 0.355934 0.0878566 0 
2451 0.347855 0.131899 0 
2452 0.350099 0.122619 0 
2453 0.333888 0.152039 0 
2454 0.358684 0.157705 0 
2455 0.382919 0.163552 0 
2456 0.345599 0.170776 0 
2457 0.360566 0.213948 0 
2458 0.377216 0.198187 0 
2459 0.360575 0.215021 0 
2460 0.337976 0.228563 0 
2461 0.327641 0.204581 0 
2462 0.355308 0.237332 0 
2463 0.377821 0.273301 0 
2464 0.380629 0.254759 0 
2465 0.368034 0.310069 0 
2466 0.377396 0.283628 0 
2467 0.357105 0.286748 0 
2468 0.370558 0.305313 0 
2469 0.368498 0.335189 0 
2470 0.334106 0.32477 0 
2471 0.356707 0.362897 0 
2472 0.344893 0.382925 0 
2473 0.360146 0.386085 0 
2474 0.371345 0.36055 0 
2475 0.368821 0.398372 0 
2476 0.355506 0.410392 0 
2477 0.367324 0.0795083 0 
2478 0.368461 0.0920336 0 
2479 0.369314 0.0873897 0 
2480 0.369203 0.114667 0 
2481 0.381823 0.126229 0 
2482 0.370708 0.108697 0 
2483 0.370264 0.138238 0 
2484 0.370966 0.163184 0 
2485 0.340106 0.166785 0 
2486 0.392834 0.178779 0 
2487 0.349546 0.222648 0 
2488 0.359421 0.216635 0 
2489 0.38719 0.215052 0 
2490 0.358856 0.239175 0 
2491 0.358435 0.254984 0 
2492 0.355026 0.23995 0 
2493 0.334042 0.265276 0 
2494 0.357126 0.293826 0 
2495 0.366909 0.2852 0 
2496 0.377155 0.319001 0 
2497 0.366028 0.289592 0 
2498 0.353952 0.335367 0 
2499 0.354178 0.355476 0 
2500 0.352743 0.35764 0 
2501 0.357161 0.345932 0 
2502 0.373443 0.377312 0 
2503 0.375202 0.398968 0 
2504 0.377531 0.431311 0 
2505 0.367324 0.410392 0 
2506 0.379141 0.0795083 0 
2507 0.37834 0.0786136 0 
2508 0.402674 0.0891033 0 
2509 0.383118 0.101147 0 
2510 0.384005 0.0911259 0 
2511 0.380286 0.132596 0 
2512 0.365994 0.157998 0 
2513 0.402666 0.145553 0 
2514 0.379471 0.1824 0 
2515 0.369577 0.169663 0 
2516 0.372021 0.16908 0 
2517 0.373878 0.227221 0 
2518 0.370332 0.241855 0 
2519 0.380361 0.241055 0 
2520 0.395907 0.260186 0 
2521 0.376532 0.248523 0 
2522 0.351707 0.276671 0 
2523 0.380721 0.302677 0 
2524 0.388963 0.310323 0 
2525 0.375701 0.305355 0 
2526 0.373432 0.327245 0 
2527 0.397896 0.33971 0 
2528 0.379361 0.371914 0 
2529 0.397841 0.36654 0 
2530 0.383532 0.373108 0 
2531 0.391383 0.377299 0 
2532 0.377122 0.382941 0 
2533 0.373451 0.403961 0 
2534 0.379141 0.410392 0 
2535 0.390958 0.0795083 0 
2536 0.387285 0.0928251 0 
2537 0.392633 0.0803595 0 
2538 0.368677 0.119137 0 
2539 0.395129 0.118351 0 
2540 0.396783 0.154591 0 
2541 0.368683 0.153164 0 
2542 0.383806 0.182973 0 
2543 0.393423 0.16994 0 
2544 0.39753 0.182446 0 
2545 0.389467 0.2195 0 
2546 0.386522 0.195254 0 
2547 0.416487 0.230137 0 
2548 0.385197 0.221686 0 
2549 0.370952 0.227094 0 
2550 0.379271 0.229492 0 
2551 0.400003 0.284018 0 
2552 0.400836 0.265208 0 
2553 0.394708 0.291981 0 
2554 0.386569 0.314411 0 
2555 0.38727 0.314082 0 
2556 0.407041 0.312867 0 
2557 0.416057 0.343453 0 
2558 0.376467 0.34727 0 
2559 0.381444 0.370367 0 
2560 0.388059 0.39589 0 
2561 0.401476 0.376803 0 
2562 0.360657 0.406339 0 
2563 0.390958 0.410392 0 
2564 0.402775 0.0795083 0 
2565 0.374861 0.0915758 0 
2566 0.399005 0.107922 0 
2567 0.399122 0.143816 0 
2568 0.406683 0.107533 0 
2569 0.391484 0.115793 0 
2570 0.408062 0.158913 0 
2571 0.403083 0.175698 0 
2572 0.404306 0.175002 0 
2573 0.40191 0.19036 0 
2574 0.395327 0.179485 0 
2575 0.419892 0.215037 0 
2576 0.411554 0.222762 0 
2577 0.386292 0.240807 0 
2578 0.386235 0.244989 0 
2579 0.403826 0.268347 0 
2580 0.416326 0.276958 0 
2581 0.386047 0.26813 0 
2582 0.411551 0.308473 0 
2583 0.397609 0.288643 0 
2584 0.425806 0.313305 0 
2585 0.384449 0.345446 0 
2586 0.381595 0.328656 0 
2587 0.399302 0.33579 0 
2588 0.402753 0.368395 0 
2589 0.393195 0.366074 0 
2590 0.388933 0.385329 0 
2591 0.39599 0.394756 0 
2592 0.402775 0.410392 0 
2593 0.414593 0.0795083 0 
2594 0.414593 0.0913256 0 
2595 0.414593 0.103143 0 
2596 0.414593 0.11496 0 
2597 0.414593 0.126777 0 
2598 0.414593 0.138595 0 
2599 0.414593 0.150412 0 
2600 0.414593 0.162229 0 
2601 0.414593 0.174047 0 
2602 0.414593 0.185864 0 
2603 0.414593 0.197681 0 
2604 0.414593 0.209498 0 
2605 0.414593 0.221316 0 
2606 0.414593 0.233133 0 
2607 0.414593 0.24495 0 
2608 0.414593 0.256767 0 
2609 0.414593 0.268585 0 
2610 0.414593 0.280402 0 
2611 0.414593 0.292219 0 
2612 0.414593 0.304036 0 
2613 0.414593 0.315854 0 
2614 0.414593 0.327671 0 
2615 0.414593 0.339488 0 
2616 0.414593 0.351306 0 
2617 0.414593 0.363123 0 
2618 0.414593 0.37494 0 
2619 0.414593 0.386757 0 
2620 0.414593 0.398575 0 
2621 0.414593 0.410392 0 
