0 -0.421618 -0.402417 0 
1 -0.424654 -0.391577 0 
2 -0.425003 -0.380219 0 
3 -0.42503 -0.368774 0 
4 -0.424975 -0.357547 0 
5 -0.424777 -0.345596 0 
6 -0.424702 -0.333955 0 
7 -0.424626 -0.322072 0 
8 -0.424639 -0.31029 0 
9 -0.424556 -0.298542 0 
10 -0.42452 -0.286667 0 
11 -0.424527 -0.274852 0 
12 -0.424552 -0.263067 0 
13 -0.424538 -0.251279 0 
14 -0.424499 -0.239465 0 
15 -0.424494 -0.227631 0 
16 -0.42452 -0.215839 0 
17 -0.424504 -0.204044 0 
18 -0.424469 -0.192224 0 
19 -0.424465 -0.180393 0 
20 -0.424501 -0.168607 0 
21 -0.424445 -0.156804 0 
22 -0.424423 -0.14497 0 
23 -0.424434 -0.133161 0 
24 -0.424425 -0.121361 0 
25 -0.424368 -0.109545 0 
26 -0.424431 -0.0976233 0 
27 -0.424381 -0.0860584 0 
28 -0.410621 -0.405451 0 
29 -0.415661 -0.395526 0 
30 -0.415346 -0.382141 0 
31 -0.414959 -0.369957 0 
32 -0.414769 -0.358605 0 
33 -0.415341 -0.347169 0 
34 -0.415653 -0.334684 0 
35 -0.415987 -0.322083 0 
36 -0.415771 -0.31011 0 
37 -0.415423 -0.297536 0 
38 -0.415332 -0.285647 0 
39 -0.415411 -0.273698 0 
40 -0.415417 -0.26182 0 
41 -0.415345 -0.25003 0 
42 -0.415143 -0.238112 0 
43 -0.41517 -0.226389 0 
44 -0.415255 -0.214641 0 
45 -0.415164 -0.202943 0 
46 -0.414978 -0.191096 0 
47 -0.414932 -0.179371 0 
48 -0.415072 -0.167738 0 
49 -0.414676 -0.155944 0 
50 -0.414576 -0.144235 0 
51 -0.414385 -0.132504 0 
52 -0.41415 -0.1209 0 
53 -0.413662 -0.109083 0 
54 -0.413266 -0.097338 0 
55 -0.41259 -0.0857477 0 
56 -0.399733 -0.405969 0 
57 -0.405037 -0.39553 0 
58 -0.406099 -0.383617 0 
59 -0.40445 -0.37011 0 
60 -0.405554 -0.358661 0 
61 -0.406034 -0.346848 0 
62 -0.405989 -0.334741 0 
63 -0.406376 -0.322157 0 
64 -0.406187 -0.309819 0 
65 -0.405937 -0.297222 0 
66 -0.405726 -0.285026 0 
67 -0.40573 -0.27298 0 
68 -0.405639 -0.260968 0 
69 -0.405602 -0.249176 0 
70 -0.405379 -0.23722 0 
71 -0.405387 -0.225496 0 
72 -0.405387 -0.213741 0 
73 -0.405327 -0.202107 0 
74 -0.405121 -0.190282 0 
75 -0.404999 -0.178612 0 
76 -0.405012 -0.167005 0 
77 -0.404566 -0.155291 0 
78 -0.404368 -0.143678 0 
79 -0.403922 -0.131968 0 
80 -0.403482 -0.120455 0 
81 -0.402711 -0.108772 0 
82 -0.401801 -0.0972298 0 
83 -0.40089 -0.0858579 0 
84 -0.388256 -0.405984 0 
85 -0.393056 -0.395132 0 
86 -0.394268 -0.382684 0 
87 -0.394265 -0.370558 0 
88 -0.395362 -0.359438 0 
89 -0.395974 -0.348028 0 
90 -0.395644 -0.33498 0 
91 -0.395985 -0.322058 0 
92 -0.396112 -0.309931 0 
93 -0.395691 -0.297253 0 
94 -0.395597 -0.284879 0 
95 -0.395448 -0.272828 0 
96 -0.395406 -0.260653 0 
97 -0.395358 -0.248794 0 
98 -0.395112 -0.236764 0 
99 -0.395198 -0.225092 0 
100 -0.395076 -0.213251 0 
101 -0.395053 -0.201648 0 
102 -0.394803 -0.189778 0 
103 -0.394709 -0.178163 0 
104 -0.394563 -0.166529 0 
105 -0.3941 -0.154857 0 
106 -0.393825 -0.143261 0 
107 -0.393177 -0.131609 0 
108 -0.392543 -0.12015 0 
109 -0.391486 -0.108496 0 
110 -0.390309 -0.0971018 0 
111 -0.389073 -0.0858695 0 
112 -0.376838 -0.405917 0 
113 -0.380851 -0.394661 0 
114 -0.38118 -0.382038 0 
115 -0.382489 -0.370794 0 
116 -0.38401 -0.359667 0 
117 -0.385007 -0.347648 0 
118 -0.38507 -0.335549 0 
119 -0.385106 -0.322702 0 
120 -0.385209 -0.309986 0 
121 -0.384929 -0.297542 0 
122 -0.384896 -0.285093 0 
123 -0.384772 -0.272907 0 
124 -0.384716 -0.260721 0 
125 -0.384582 -0.248753 0 
126 -0.384423 -0.236742 0 
127 -0.38448 -0.224949 0 
128 -0.384341 -0.213125 0 
129 -0.384378 -0.201537 0 
130 -0.384125 -0.189621 0 
131 -0.384043 -0.178003 0 
132 -0.383771 -0.166285 0 
133 -0.383348 -0.154661 0 
134 -0.382977 -0.143063 0 
135 -0.382184 -0.131395 0 
136 -0.381424 -0.119968 0 
137 -0.380207 -0.108387 0 
138 -0.378743 -0.0970357 0 
139 -0.377271 -0.0858749 0 
140 -0.365704 -0.405748 0 
141 -0.368575 -0.393724 0 
142 -0.369619 -0.382658 0 
143 -0.370763 -0.371353 0 
144 -0.372034 -0.359611 0 
145 -0.373092 -0.347941 0 
146 -0.373798 -0.33572 0 
147 -0.373769 -0.323209 0 
148 -0.373869 -0.310658 0 
149 -0.373782 -0.297972 0 
150 -0.373602 -0.28551 0 
151 -0.373612 -0.273265 0 
152 -0.373483 -0.2611 0 
153 -0.373393 -0.249001 0 
154 -0.373266 -0.236998 0 
155 -0.37326 -0.225109 0 
156 -0.373251 -0.213313 0 
157 -0.373233 -0.201569 0 
158 -0.373038 -0.189728 0 
159 -0.373078 -0.178093 0 
160 -0.372687 -0.166255 0 
161 -0.372297 -0.15465 0 
162 -0.371804 -0.142956 0 
163 -0.370995 -0.131319 0 
164 -0.370133 -0.119891 0 
165 -0.368707 -0.108284 0 
166 -0.367145 -0.0969869 0 
167 -0.365468 -0.0858806 0 
168 -0.353653 -0.405487 0 
169 -0.356603 -0.393714 0 
170 -0.358076 -0.383019 0 
171 -0.359077 -0.371891 0 
172 -0.359789 -0.360195 0 
173 -0.360807 -0.348022 0 
174 -0.361623 -0.336027 0 
175 -0.361985 -0.323657 0 
176 -0.361841 -0.310916 0 
177 -0.362146 -0.298697 0 
178 -0.361904 -0.286041 0 
179 -0.361904 -0.273755 0 
180 -0.361879 -0.261623 0 
181 -0.361818 -0.249496 0 
182 -0.361717 -0.237545 0 
183 -0.36169 -0.225548 0 
184 -0.361784 -0.21374 0 
185 -0.361734 -0.201883 0 
186 -0.361656 -0.190072 0 
187 -0.361667 -0.1783 0 
188 -0.361358 -0.166477 0 
189 -0.36104 -0.154821 0 
190 -0.360478 -0.143048 0 
191 -0.35966 -0.131387 0 
192 -0.358742 -0.119915 0 
193 -0.357222 -0.108322 0 
194 -0.355504 -0.0969954 0 
195 -0.353669 -0.0858883 0 
196 -0.341871 -0.405311 0 
197 -0.344967 -0.394276 0 
198 -0.3465 -0.38324 0 
199 -0.347363 -0.372151 0 
200 -0.34755 -0.360548 0 
201 -0.348252 -0.348566 0 
202 -0.349141 -0.336276 0 
203 -0.349571 -0.324042 0 
204 -0.349862 -0.311596 0 
205 -0.349862 -0.29905 0 
206 -0.349928 -0.286746 0 
207 -0.349827 -0.274372 0 
208 -0.349863 -0.262198 0 
209 -0.349813 -0.250136 0 
210 -0.349766 -0.238108 0 
211 -0.349737 -0.226145 0 
212 -0.349894 -0.214286 0 
213 -0.349911 -0.202384 0 
214 -0.349952 -0.190595 0 
215 -0.349923 -0.178656 0 
216 -0.349791 -0.166825 0 
217 -0.349565 -0.155129 0 
218 -0.348911 -0.143215 0 
219 -0.34818 -0.13153 0 
220 -0.347245 -0.120016 0 
221 -0.345578 -0.10834 0 
222 -0.343831 -0.0970106 0 
223 -0.341869 -0.0858975 0 
224 -0.329939 -0.405209 0 
225 -0.331579 -0.394554 0 
226 -0.332871 -0.383615 0 
227 -0.334201 -0.372354 0 
228 -0.335367 -0.360872 0 
229 -0.335719 -0.348907 0 
230 -0.336463 -0.336789 0 
231 -0.336913 -0.324372 0 
232 -0.337365 -0.31209 0 
233 -0.337518 -0.299638 0 
234 -0.337543 -0.287243 0 
235 -0.337541 -0.274991 0 
236 -0.337469 -0.26279 0 
237 -0.337536 -0.250774 0 
238 -0.337494 -0.238753 0 
239 -0.337483 -0.226875 0 
240 -0.337622 -0.214922 0 
241 -0.33781 -0.203059 0 
242 -0.337914 -0.191171 0 
243 -0.337963 -0.179165 0 
244 -0.338032 -0.167335 0 
245 -0.337784 -0.155448 0 
246 -0.337239 -0.143486 0 
247 -0.336596 -0.13178 0 
248 -0.335569 -0.120124 0 
249 -0.333952 -0.108447 0 
250 -0.33214 -0.0970797 0 
251 -0.330069 -0.0859094 0 
252 -0.318055 -0.405217 0 
253 -0.319275 -0.394846 0 
254 -0.320142 -0.384017 0 
255 -0.321145 -0.372758 0 
256 -0.322208 -0.361264 0 
257 -0.32312 -0.349314 0 
258 -0.323766 -0.337099 0 
259 -0.324198 -0.324855 0 
260 -0.32469 -0.312473 0 
261 -0.324888 -0.300119 0 
262 -0.325084 -0.287773 0 
263 -0.324999 -0.275489 0 
264 -0.324937 -0.263357 0 
265 -0.32489 -0.251312 0 
266 -0.324903 -0.239411 0 
267 -0.324931 -0.227496 0 
268 -0.325044 -0.215609 0 
269 -0.325386 -0.203747 0 
270 -0.325551 -0.19173 0 
271 -0.325754 -0.179802 0 
272 -0.326031 -0.167864 0 
273 -0.32579 -0.155797 0 
274 -0.325384 -0.143849 0 
275 -0.324875 -0.132036 0 
276 -0.323792 -0.12026 0 
277 -0.322202 -0.108541 0 
278 -0.320412 -0.0971329 0 
279 -0.318271 -0.0859242 0 
280 -0.306271 -0.405159 0 
281 -0.306951 -0.395011 0 
282 -0.307825 -0.384375 0 
283 -0.308816 -0.373264 0 
284 -0.309492 -0.361629 0 
285 -0.310225 -0.349708 0 
286 -0.311058 -0.337631 0 
287 -0.311492 -0.325164 0 
288 -0.311973 -0.312853 0 
289 -0.312174 -0.300444 0 
290 -0.312422 -0.288157 0 
291 -0.312333 -0.275853 0 
292 -0.312288 -0.263741 0 
293 -0.312039 -0.251718 0 
294 -0.312096 -0.239869 0 
295 -0.312103 -0.228037 0 
296 -0.312233 -0.216268 0 
297 -0.312579 -0.204348 0 
298 -0.313007 -0.192431 0 
299 -0.313358 -0.180425 0 
300 -0.313658 -0.168313 0 
301 -0.313682 -0.156236 0 
302 -0.313418 -0.144208 0 
303 -0.313039 -0.132351 0 
304 -0.311941 -0.120423 0 
305 -0.31045 -0.108671 0 
306 -0.308676 -0.0972431 0 
307 -0.306474 -0.0859446 0 
308 -0.294433 -0.405112 0 
309 -0.294619 -0.394905 0 
310 -0.295079 -0.384292 0 
311 -0.295857 -0.373257 0 
312 -0.296759 -0.361838 0 
313 -0.297664 -0.350063 0 
314 -0.298297 -0.337947 0 
315 -0.29887 -0.325636 0 
316 -0.299337 -0.313155 0 
317 -0.299561 -0.300743 0 
318 -0.299724 -0.288356 0 
319 -0.299698 -0.276112 0 
320 -0.29954 -0.263935 0 
321 -0.299298 -0.251984 0 
322 -0.29902 -0.240134 0 
323 -0.299069 -0.228449 0 
324 -0.299213 -0.216743 0 
325 -0.299546 -0.204912 0 
326 -0.300218 -0.19303 0 
327 -0.30065 -0.180876 0 
328 -0.301099 -0.168769 0 
329 -0.301373 -0.156619 0 
330 -0.301286 -0.144553 0 
331 -0.300905 -0.132533 0 
332 -0.299947 -0.120533 0 
333 -0.298586 -0.108824 0 
334 -0.296886 -0.0973161 0 
335 -0.294677 -0.0859724 0 
336 -0.28256 -0.405103 0 
337 -0.282642 -0.395003 0 
338 -0.282941 -0.38446 0 
339 -0.283448 -0.373411 0 
340 -0.284082 -0.361982 0 
341 -0.284894 -0.350217 0 
342 -0.285663 -0.338204 0 
343 -0.2863 -0.325949 0 
344 -0.286802 -0.313541 0 
345 -0.287064 -0.301014 0 
346 -0.28721 -0.288508 0 
347 -0.287069 -0.276139 0 
348 -0.286888 -0.263974 0 
349 -0.286445 -0.25191 0 
350 -0.28606 -0.24012 0 
351 -0.285788 -0.228513 0 
352 -0.285969 -0.217012 0 
353 -0.286335 -0.205315 0 
354 -0.287059 -0.193375 0 
355 -0.287839 -0.181326 0 
356 -0.288427 -0.169127 0 
357 -0.288936 -0.157003 0 
358 -0.288988 -0.14481 0 
359 -0.288635 -0.132696 0 
360 -0.287871 -0.120732 0 
361 -0.286634 -0.108934 0 
362 -0.285037 -0.0974481 0 
363 -0.282879 -0.0860126 0 
364 -0.270745 -0.405115 0 
365 -0.270442 -0.395105 0 
366 -0.270596 -0.384606 0 
367 -0.271037 -0.373648 0 
368 -0.271727 -0.362274 0 
369 -0.27251 -0.35052 0 
370 -0.27312 -0.338442 0 
371 -0.273797 -0.326191 0 
372 -0.274335 -0.313795 0 
373 -0.274667 -0.301268 0 
374 -0.274848 -0.288689 0 
375 -0.274711 -0.276154 0 
376 -0.274342 -0.263717 0 
377 -0.273804 -0.251558 0 
378 -0.273107 -0.239728 0 
379 -0.272521 -0.228179 0 
380 -0.27255 -0.216913 0 
381 -0.273054 -0.205489 0 
382 -0.273884 -0.193608 0 
383 -0.274936 -0.18158 0 
384 -0.275619 -0.169335 0 
385 -0.276228 -0.157176 0 
386 -0.276324 -0.144868 0 
387 -0.276105 -0.132842 0 
388 -0.27552 -0.120817 0 
389 -0.274474 -0.109088 0 
390 -0.273084 -0.0975682 0 
391 -0.271075 -0.0860702 0 
392 -0.258951 -0.405159 0 
393 -0.258724 -0.395442 0 
394 -0.258717 -0.384922 0 
395 -0.258988 -0.373922 0 
396 -0.259498 -0.362512 0 
397 -0.260129 -0.350775 0 
398 -0.260798 -0.338761 0 
399 -0.261476 -0.326488 0 
400 -0.261971 -0.314064 0 
401 -0.26238 -0.301507 0 
402 -0.262594 -0.288857 0 
403 -0.262529 -0.276184 0 
404 -0.262121 -0.263419 0 
405 -0.261463 -0.251037 0 
406 -0.260475 -0.238838 0 
407 -0.259407 -0.227351 0 
408 -0.259024 -0.21646 0 
409 -0.259748 -0.205302 0 
410 -0.260804 -0.193513 0 
411 -0.26186 -0.181471 0 
412 -0.262635 -0.169279 0 
413 -0.263166 -0.157068 0 
414 -0.263359 -0.144961 0 
415 -0.263262 -0.1329 0 
416 -0.262824 -0.121044 0 
417 -0.262016 -0.109186 0 
418 -0.260832 -0.0976691 0 
419 -0.259256 -0.0861452 0 
420 -0.247164 -0.405106 0 
421 -0.246834 -0.395242 0 
422 -0.246817 -0.384861 0 
423 -0.247071 -0.374015 0 
424 -0.247531 -0.362769 0 
425 -0.248074 -0.351158 0 
426 -0.248631 -0.339109 0 
427 -0.249214 -0.326843 0 
428 -0.249733 -0.314393 0 
429 -0.250198 -0.301777 0 
430 -0.250456 -0.289126 0 
431 -0.250495 -0.276326 0 
432 -0.250303 -0.263525 0 
433 -0.249527 -0.250519 0 
434 -0.248468 -0.238029 0 
435 -0.246721 -0.225785 0 
436 -0.245702 -0.215506 0 
437 -0.246835 -0.204685 0 
438 -0.247917 -0.19294 0 
439 -0.248696 -0.181069 0 
440 -0.249281 -0.168861 0 
441 -0.249617 -0.157004 0 
442 -0.249814 -0.144835 0 
443 -0.249745 -0.13304 0 
444 -0.249512 -0.121149 0 
445 -0.248966 -0.109313 0 
446 -0.24804 -0.0978716 0 
447 -0.247248 -0.0860741 0 
448 -0.235324 -0.405092 0 
449 -0.23508 -0.395247 0 
450 -0.234971 -0.384919 0 
451 -0.235144 -0.374105 0 
452 -0.235503 -0.362851 0 
453 -0.235977 -0.351241 0 
454 -0.236549 -0.339351 0 
455 -0.23711 -0.327266 0 
456 -0.237621 -0.314866 0 
457 -0.238051 -0.30226 0 
458 -0.238353 -0.289533 0 
459 -0.238535 -0.27666 0 
460 -0.238468 -0.263788 0 
461 -0.238067 -0.250804 0 
462 -0.237162 -0.23779 0 
463 -0.235507 -0.22502 0 
464 -0.235155 -0.215694 0 
465 -0.235354 -0.204282 0 
466 -0.235371 -0.192428 0 
467 -0.235382 -0.18058 0 
468 -0.235401 -0.168746 0 
469 -0.235343 -0.15687 0 
470 -0.235346 -0.145059 0 
471 -0.235283 -0.133193 0 
472 -0.235223 -0.121389 0 
473 -0.235197 -0.109564 0 
474 -0.234922 -0.0980065 0 
475 -0.235609 -0.0862639 0 
476 -0.223495 -0.405097 0 
477 -0.223251 -0.395258 0 
478 -0.223218 -0.384977 0 
479 -0.223367 -0.374192 0 
480 -0.223639 -0.363079 0 
481 -0.224057 -0.35155 0 
482 -0.22452 -0.339685 0 
483 -0.224991 -0.327545 0 
484 -0.225496 -0.315226 0 
485 -0.22593 -0.302792 0 
486 -0.226307 -0.290178 0 
487 -0.226518 -0.277378 0 
488 -0.226554 -0.264508 0 
489 -0.226363 -0.251549 0 
490 -0.225793 -0.238872 0 
491 -0.22466 -0.226811 0 
492 -0.223897 -0.215929 0 
493 -0.211699 -0.405132 0 
494 -0.211463 -0.395535 0 
495 -0.21142 -0.385242 0 
496 -0.211542 -0.374456 0 
497 -0.211799 -0.363275 0 
498 -0.212147 -0.351711 0 
499 -0.212532 -0.339937 0 
500 -0.212962 -0.327889 0 
501 -0.213395 -0.315682 0 
502 -0.213799 -0.303296 0 
503 -0.21414 -0.290748 0 
504 -0.214371 -0.278146 0 
505 -0.214517 -0.26544 0 
506 -0.214403 -0.252694 0 
507 -0.213978 -0.240046 0 
508 -0.21312 -0.227738 0 
509 -0.211957 -0.216026 0 
510 -0.199903 -0.405112 0 
511 -0.199822 -0.395501 0 
512 -0.199829 -0.385285 0 
513 -0.199889 -0.37461 0 
514 -0.200065 -0.363513 0 
515 -0.200325 -0.352083 0 
516 -0.200642 -0.340381 0 
517 -0.20098 -0.328353 0 
518 -0.2013 -0.316155 0 
519 -0.201631 -0.303787 0 
520 -0.201901 -0.291358 0 
521 -0.202135 -0.278826 0 
522 -0.202243 -0.266257 0 
523 -0.202175 -0.25366 0 
524 -0.201833 -0.241047 0 
525 -0.201112 -0.228527 0 
526 -0.200097 -0.216098 0 
527 -0.188088 -0.405091 0 
528 -0.188064 -0.395422 0 
529 -0.18807 -0.385271 0 
530 -0.188178 -0.374649 0 
531 -0.188333 -0.363584 0 
532 -0.18854 -0.352169 0 
533 -0.188767 -0.340462 0 
534 -0.188989 -0.328553 0 
535 -0.189227 -0.316468 0 
536 -0.189455 -0.304245 0 
537 -0.189651 -0.291944 0 
538 -0.189804 -0.279557 0 
539 -0.189856 -0.267098 0 
540 -0.189793 -0.254504 0 
541 -0.18954 -0.241849 0 
542 -0.188989 -0.229097 0 
543 -0.18822 -0.216109 0 
544 -0.176255 -0.405092 0 
545 -0.176368 -0.395402 0 
546 -0.176477 -0.385289 0 
547 -0.176557 -0.374663 0 
548 -0.176637 -0.363676 0 
549 -0.176761 -0.352291 0 
550 -0.176894 -0.340645 0 
551 -0.177031 -0.32878 0 
552 -0.177156 -0.316728 0 
553 -0.177263 -0.304578 0 
554 -0.177347 -0.292308 0 
555 -0.177387 -0.279982 0 
556 -0.177379 -0.267558 0 
557 -0.177308 -0.255019 0 
558 -0.177107 -0.242334 0 
559 -0.176788 -0.229421 0 
560 -0.176347 -0.216117 0 
561 -0.164454 -0.405127 0 
562 -0.164549 -0.395632 0 
563 -0.164692 -0.385486 0 
564 -0.164817 -0.374851 0 
565 -0.164926 -0.363826 0 
566 -0.165002 -0.352425 0 
567 -0.165064 -0.340796 0 
568 -0.165087 -0.328896 0 
569 -0.165093 -0.316884 0 
570 -0.165065 -0.304698 0 
571 -0.165018 -0.292455 0 
572 -0.164956 -0.28012 0 
573 -0.164871 -0.267715 0 
574 -0.164789 -0.255218 0 
575 -0.16471 -0.24254 0 
576 -0.164614 -0.22957 0 
577 -0.16447 -0.216187 0 
578 -0.152658 -0.405115 0 
579 -0.152954 -0.395617 0 
580 -0.153157 -0.385488 0 
581 -0.153263 -0.374884 0 
582 -0.153294 -0.363843 0 
583 -0.153302 -0.352471 0 
584 -0.153251 -0.340814 0 
585 -0.153183 -0.328933 0 
586 -0.153051 -0.316887 0 
587 -0.152912 -0.304691 0 
588 -0.15272 -0.29243 0 
589 -0.152549 -0.280034 0 
590 -0.152377 -0.267661 0 
591 -0.152272 -0.255127 0 
592 -0.152233 -0.242464 0 
593 -0.152421 -0.229548 0 
594 -0.152596 -0.216113 0 
595 -0.140851 -0.405093 0 
596 -0.141197 -0.395502 0 
597 -0.141432 -0.385426 0 
598 -0.141562 -0.374884 0 
599 -0.14158 -0.363898 0 
600 -0.14154 -0.352559 0 
601 -0.141419 -0.340891 0 
602 -0.141265 -0.32897 0 
603 -0.141049 -0.316829 0 
604 -0.140782 -0.304562 0 
605 -0.140498 -0.292173 0 
606 -0.140189 -0.279703 0 
607 -0.139945 -0.267177 0 
608 -0.139792 -0.254663 0 
609 -0.139854 -0.242078 0 
610 -0.140316 -0.229188 0 
611 -0.140701 -0.216184 0 
612 -0.129016 -0.405094 0 
613 -0.129542 -0.395457 0 
614 -0.129869 -0.385394 0 
615 -0.130019 -0.374796 0 
616 -0.13001 -0.363819 0 
617 -0.129884 -0.352396 0 
618 -0.129696 -0.340734 0 
619 -0.1294 -0.328763 0 
620 -0.129087 -0.31665 0 
621 -0.12869 -0.30436 0 
622 -0.12832 -0.291883 0 
623 -0.127963 -0.279283 0 
624 -0.127624 -0.266694 0 
625 -0.127431 -0.254067 0 
626 -0.12752 -0.241338 0 
627 -0.128044 -0.228719 0 
628 -0.128833 -0.216126 0 
629 -0.117211 -0.405129 0 
630 -0.117698 -0.395644 0 
631 -0.11806 -0.385531 0 
632 -0.118215 -0.374924 0 
633 -0.118201 -0.363895 0 
634 -0.118066 -0.352466 0 
635 -0.11785 -0.340701 0 
636 -0.117549 -0.328692 0 
637 -0.117132 -0.316479 0 
638 -0.116734 -0.304088 0 
639 -0.116261 -0.291606 0 
640 -0.115873 -0.278833 0 
641 -0.115562 -0.265953 0 
642 -0.115339 -0.253224 0 
643 -0.115406 -0.240483 0 
644 -0.115863 -0.228158 0 
645 -0.117016 -0.216188 0 
646 -0.105417 -0.405127 0 
647 -0.106071 -0.395658 0 
648 -0.106477 -0.385517 0 
649 -0.106657 -0.374903 0 
650 -0.106588 -0.363816 0 
651 -0.106407 -0.352392 0 
652 -0.106061 -0.340626 0 
653 -0.105661 -0.328628 0 
654 -0.105252 -0.316341 0 
655 -0.104805 -0.30381 0 
656 -0.10441 -0.291142 0 
657 -0.10403 -0.278375 0 
658 -0.1038 -0.265509 0 
659 -0.103772 -0.252722 0 
660 -0.104257 -0.239903 0 
661 -0.105718 -0.228 0 
662 -0.105615 -0.215721 0 
663 -0.104714 -0.205093 0 
664 -0.104924 -0.192477 0 
665 -0.105056 -0.180643 0 
666 -0.104961 -0.168741 0 
667 -0.105096 -0.156832 0 
668 -0.105118 -0.144964 0 
669 -0.105227 -0.133136 0 
670 -0.105253 -0.121335 0 
671 -0.105272 -0.109523 0 
672 -0.105282 -0.0977143 0 
673 -0.105289 -0.0859014 0 
674 -0.105294 -0.0740872 0 
675 -0.105298 -0.0622724 0 
676 -0.105301 -0.0504574 0 
677 -0.105303 -0.0386419 0 
678 -0.105305 -0.0268257 0 
679 -0.105306 -0.0150089 0 
680 -0.105308 -0.00319193 0 
681 -0.105309 0.0086254 0 
682 -0.105311 0.0204431 0 
683 -0.105314 0.0322611 0 
684 -0.105317 0.0440792 0 
685 -0.105321 0.0558974 0 
686 -0.105326 0.0677153 0 
687 -0.105333 0.0795324 0 
688 -0.105342 0.0913485 0 
689 -0.10535 0.10316 0 
690 -0.105375 0.114964 0 
691 -0.105368 0.126763 0 
692 -0.105342 0.138579 0 
693 -0.105348 0.150421 0 
694 -0.105375 0.162254 0 
695 -0.105456 0.174027 0 
696 -0.105394 0.185809 0 
697 -0.10538 0.197626 0 
698 -0.105384 0.20946 0 
699 -0.10541 0.221297 0 
700 -0.1055 0.233076 0 
701 -0.105424 0.244838 0 
702 -0.105412 0.256652 0 
703 -0.10541 0.268486 0 
704 -0.105438 0.280358 0 
705 -0.105537 0.292131 0 
706 -0.105545 0.303912 0 
707 -0.105518 0.315723 0 
708 -0.10562 0.327647 0 
709 -0.105771 0.339391 0 
710 -0.105993 0.351379 0 
711 -0.106211 0.362557 0 
712 -0.106522 0.374071 0 
713 -0.106805 0.38619 0 
714 -0.105009 0.398454 0 
715 -0.100039 0.403775 0 
716 -0.0936182 -0.4051 0 
717 -0.0942959 -0.395511 0 
718 -0.0947369 -0.385417 0 
719 -0.0948593 -0.374856 0 
720 -0.0947762 -0.363836 0 
721 -0.0945884 -0.352362 0 
722 -0.0942829 -0.340575 0 
723 -0.0938493 -0.328436 0 
724 -0.0934114 -0.316101 0 
725 -0.0929735 -0.303575 0 
726 -0.0925898 -0.290938 0 
727 -0.0923345 -0.27819 0 
728 -0.0923227 -0.265336 0 
729 -0.092697 -0.25238 0 
730 -0.0936025 -0.239561 0 
731 -0.0955526 -0.226767 0 
732 -0.0960525 -0.214918 0 
733 -0.0934822 -0.203274 0 
734 -0.0932171 -0.193669 0 
735 -0.0929452 -0.181466 0 
736 -0.0926082 -0.169263 0 
737 -0.0925296 -0.157165 0 
738 -0.0926473 -0.145131 0 
739 -0.0927466 -0.133097 0 
740 -0.0928385 -0.121185 0 
741 -0.0929191 -0.109331 0 
742 -0.0929928 -0.0975006 0 
743 -0.0930728 -0.085684 0 
744 -0.0931467 -0.0738759 0 
745 -0.0932154 -0.0620712 0 
746 -0.0932807 -0.0502668 0 
747 -0.0933418 -0.0384604 0 
748 -0.0934009 -0.0266509 0 
749 -0.0934602 -0.0148375 0 
750 -0.0935198 -0.00302052 0 
751 -0.0935803 0.00879979 0 
752 -0.093643 0.0206233 0 
753 -0.0937094 0.0324495 0 
754 -0.0937808 0.0442772 0 
755 -0.0938589 0.0561044 0 
756 -0.0939456 0.067927 0 
757 -0.0940439 0.0797385 0 
758 -0.0941592 0.0915244 0 
759 -0.0943013 0.103253 0 
760 -0.0944676 0.114839 0 
761 -0.09451 0.126572 0 
762 -0.0945374 0.138552 0 
763 -0.094759 0.150434 0 
764 -0.0948606 0.16213 0 
765 -0.0953345 0.173849 0 
766 -0.0950199 0.185447 0 
767 -0.0949807 0.197238 0 
768 -0.0950483 0.20901 0 
769 -0.0951832 0.220667 0 
770 -0.095594 0.232495 0 
771 -0.0952895 0.244087 0 
772 -0.0952614 0.256033 0 
773 -0.0952807 0.268076 0 
774 -0.0954268 0.279854 0 
775 -0.0959041 0.292194 0 
776 -0.0956009 0.303939 0 
777 -0.0956659 0.316128 0 
778 -0.0958183 0.329302 0 
779 -0.0957433 0.341613 0 
780 -0.0960218 0.35296 0 
781 -0.0968625 0.365109 0 
782 -0.0978643 0.377429 0 
783 -0.09768 0.389547 0 
784 -0.0949929 0.400671 0 
785 -0.0906802 0.410814 0 
786 -0.0817846 -0.405099 0 
787 -0.0825983 -0.395465 0 
788 -0.0830603 -0.385391 0 
789 -0.0832093 -0.374773 0 
790 -0.0830982 -0.363733 0 
791 -0.0828111 -0.352243 0 
792 -0.0824023 -0.340434 0 
793 -0.0819706 -0.328346 0 
794 -0.0815193 -0.31603 0 
795 -0.0811345 -0.303537 0 
796 -0.0808486 -0.290885 0 
797 -0.0807578 -0.278129 0 
798 -0.0809832 -0.265213 0 
799 -0.0815743 -0.252552 0 
800 -0.0826677 -0.240104 0 
801 -0.0841583 -0.228022 0 
802 -0.0835233 -0.217109 0 
803 -0.0824008 -0.205508 0 
804 -0.081479 -0.194371 0 
805 -0.0808663 -0.182108 0 
806 -0.080356 -0.169751 0 
807 -0.0801914 -0.157403 0 
808 -0.0801634 -0.145192 0 
809 -0.080295 -0.133102 0 
810 -0.0804318 -0.121116 0 
811 -0.080579 -0.109216 0 
812 -0.0807276 -0.097365 0 
813 -0.0808756 -0.0855416 0 
814 -0.0810122 -0.0737314 0 
815 -0.081141 -0.0619278 0 
816 -0.0812639 -0.0501261 0 
817 -0.0813817 -0.0383224 0 
818 -0.0814965 -0.0265146 0 
819 -0.0816106 -0.0147016 0 
820 -0.0817252 -0.00288334 0 
821 -0.0818416 0.00894009 0 
822 -0.081962 0.0207683 0 
823 -0.0820885 0.0326 0 
824 -0.0822232 0.0444332 0 
825 -0.0823688 0.0562641 0 
826 -0.0825285 0.068087 0 
827 -0.0827048 0.0798904 0 
828 -0.082902 0.091656 0 
829 -0.0831208 0.103351 0 
830 -0.0833406 0.114925 0 
831 -0.0834625 0.12663 0 
832 -0.0835826 0.138537 0 
833 -0.0839007 0.150383 0 
834 -0.0840301 0.162016 0 
835 -0.0845443 0.173675 0 
836 -0.0842756 0.185242 0 
837 -0.0843206 0.196978 0 
838 -0.0843863 0.208649 0 
839 -0.0845759 0.220297 0 
840 -0.0849303 0.232088 0 
841 -0.0846952 0.243743 0 
842 -0.0847667 0.255727 0 
843 -0.0847526 0.267644 0 
844 -0.0850363 0.279677 0 
845 -0.0856531 0.292256 0 
846 -0.0855154 0.304041 0 
847 -0.0854433 0.316325 0 
848 -0.0856723 0.329662 0 
849 -0.0859758 0.342222 0 
850 -0.0858707 0.35355 0 
851 -0.0854526 0.364972 0 
852 -0.0855077 0.377439 0 
853 -0.0869739 0.391277 0 
854 -0.0854816 0.402582 0 
855 -0.082696 0.41224 0 
856 -0.069962 -0.405126 0 
857 -0.0707665 -0.395563 0 
858 -0.0712005 -0.385456 0 
859 -0.0713101 -0.374843 0 
860 -0.0711237 -0.363771 0 
861 -0.0708874 -0.352312 0 
862 -0.0705035 -0.340436 0 
863 -0.0700503 -0.32835 0 
864 -0.0696182 -0.31603 0 
865 -0.0692705 -0.303518 0 
866 -0.0690754 -0.290871 0 
867 -0.0691364 -0.278141 0 
868 -0.0694172 -0.26559 0 
869 -0.0699758 -0.253188 0 
870 -0.0710914 -0.240878 0 
871 -0.0716238 -0.2294 0 
872 -0.0711179 -0.21816 0 
873 -0.0704537 -0.206489 0 
874 -0.0694514 -0.194803 0 
875 -0.0687872 -0.1825 0 
876 -0.0681948 -0.170073 0 
877 -0.0679538 -0.157652 0 
878 -0.0678523 -0.145343 0 
879 -0.0679564 -0.133188 0 
880 -0.0681116 -0.121153 0 
881 -0.0683031 -0.109214 0 
882 -0.0685135 -0.0973396 0 
883 -0.0687127 -0.0854985 0 
884 -0.0689022 -0.0736775 0 
885 -0.0690837 -0.0618674 0 
886 -0.0692582 -0.0500616 0 
887 -0.0694272 -0.0382552 0 
888 -0.0695926 -0.0264451 0 
889 -0.0697567 -0.0146297 0 
890 -0.0699215 -0.00280852 0 
891 -0.0700892 0.00901844 0 
892 -0.070262 0.0208503 0 
893 -0.0704427 0.0326857 0 
894 -0.070634 0.0445216 0 
895 -0.0708386 0.0563533 0 
896 -0.0710593 0.0681732 0 
897 -0.071298 0.0799698 0 
898 -0.0715541 0.0917242 0 
899 -0.0718201 0.10341 0 
900 -0.0720795 0.115005 0 
901 -0.072275 0.126697 0 
902 -0.0724227 0.138536 0 
903 -0.072811 0.150328 0 
904 -0.0729712 0.161968 0 
905 -0.0734568 0.173596 0 
906 -0.0732211 0.185159 0 
907 -0.0733175 0.196869 0 
908 -0.0734263 0.208547 0 
909 -0.0736462 0.220198 0 
910 -0.0738658 0.231947 0 
911 -0.0737477 0.243679 0 
912 -0.0739174 0.255727 0 
913 -0.0739436 0.267669 0 
914 -0.0742706 0.279864 0 
915 -0.0747944 0.292378 0 
916 -0.0748493 0.304468 0 
917 -0.0750258 0.317158 0 
918 -0.0749496 0.330297 0 
919 -0.0751657 0.341787 0 
920 -0.0752211 0.353654 0 
921 -0.0749314 0.365768 0 
922 -0.0741289 0.378149 0 
923 -0.0741885 0.390522 0 
924 -0.072926 0.401878 0 
925 -0.0693228 0.411702 0 
926 -0.0581741 -0.405161 0 
927 -0.0589141 -0.395714 0 
928 -0.0593696 -0.385532 0 
929 -0.0594911 -0.374852 0 
930 -0.0593201 -0.363745 0 
931 -0.0589045 -0.352304 0 
932 -0.0584614 -0.340494 0 
933 -0.0580111 -0.328344 0 
934 -0.0575776 -0.316055 0 
935 -0.0573748 -0.303443 0 
936 -0.0572363 -0.290914 0 
937 -0.0572769 -0.278407 0 
938 -0.0575815 -0.265963 0 
939 -0.0581951 -0.253617 0 
940 -0.0586323 -0.241788 0 
941 -0.0587682 -0.230186 0 
942 -0.0585852 -0.218625 0 
943 -0.0580808 -0.206844 0 
944 -0.0572686 -0.194897 0 
945 -0.0566629 -0.182625 0 
946 -0.0560687 -0.170211 0 
947 -0.0558091 -0.157819 0 
948 -0.0556616 -0.145501 0 
949 -0.055728 -0.133314 0 
950 -0.0558923 -0.121254 0 
951 -0.0561206 -0.109291 0 
952 -0.0563576 -0.0973903 0 
953 -0.0565931 -0.0855301 0 
954 -0.056824 -0.0736955 0 
955 -0.057049 -0.0618754 0 
956 -0.0572676 -0.0500619 0 
957 -0.0574812 -0.0382495 0 
958 -0.0576909 -0.0264346 0 
959 -0.0578993 -0.0146151 0 
960 -0.0581085 -0.00279 0 
961 -0.0583208 0.00904021 0 
962 -0.058539 0.0208745 0 
963 -0.0587658 0.032711 0 
964 -0.059004 0.0445468 0 
965 -0.0592561 0.0563767 0 
966 -0.0595236 0.0681935 0 
967 -0.0598072 0.0799861 0 
968 -0.060104 0.0917398 0 
969 -0.0604051 0.103437 0 
970 -0.0606949 0.115067 0 
971 -0.060916 0.126736 0 
972 -0.0611177 0.138559 0 
973 -0.0615137 0.150331 0 
974 -0.0616541 0.161975 0 
975 -0.0620791 0.173622 0 
976 -0.0619252 0.185218 0 
977 -0.0621029 0.19694 0 
978 -0.0621382 0.208587 0 
979 -0.062387 0.220321 0 
980 -0.0624614 0.232071 0 
981 -0.0624623 0.243886 0 
982 -0.0626945 0.25597 0 
983 -0.0627201 0.267871 0 
984 -0.0631306 0.280244 0 
985 -0.0635657 0.292636 0 
986 -0.0637987 0.305051 0 
987 -0.0636855 0.317817 0 
988 -0.0638765 0.330482 0 
989 -0.064162 0.342837 0 
990 -0.0638592 0.354966 0 
991 -0.063067 0.366804 0 
992 -0.0623362 0.378782 0 
993 -0.0613245 0.39012 0 
994 -0.0602136 0.401063 0 
995 -0.0575323 0.411343 0 
996 -0.0463755 -0.405116 0 
997 -0.0471443 -0.395567 0 
998 -0.0475101 -0.385467 0 
999 -0.0473992 -0.374914 0 
1000 -0.0471452 -0.363806 0 
1001 -0.0467644 -0.352292 0 
1002 -0.0462784 -0.340517 0 
1003 -0.0458975 -0.328324 0 
1004 -0.0455987 -0.315856 0 
1005 -0.0452741 -0.303537 0 
1006 -0.0452089 -0.291028 0 
1007 -0.0452538 -0.278614 0 
1008 -0.0455656 -0.2662 0 
1009 -0.0459158 -0.254095 0 
1010 -0.0461838 -0.242209 0 
1011 -0.0462512 -0.230459 0 
1012 -0.0460088 -0.2187 0 
1013 -0.0455647 -0.206849 0 
1014 -0.0449535 -0.194791 0 
1015 -0.0444022 -0.182534 0 
1016 -0.0439095 -0.170223 0 
1017 -0.0436743 -0.15788 0 
1018 -0.0435236 -0.145614 0 
1019 -0.0435858 -0.133437 0 
1020 -0.043778 -0.121381 0 
1021 -0.0440043 -0.109402 0 
1022 -0.0442561 -0.0974865 0 
1023 -0.0445172 -0.0856128 0 
1024 -0.0447802 -0.0737666 0 
1025 -0.0450406 -0.0619366 0 
1026 -0.045296 -0.0501133 0 
1027 -0.0455473 -0.0382928 0 
1028 -0.0457953 -0.0264715 0 
1029 -0.0460419 -0.0146475 0 
1030 -0.0462893 -0.00281953 0 
1031 -0.0465397 0.00901228 0 
1032 -0.0467962 0.0208473 0 
1033 -0.0470613 0.0326835 0 
1034 -0.0473377 0.044518 0 
1035 -0.0476271 0.056346 0 
1036 -0.04793 0.0681609 0 
1037 -0.0482452 0.0799538 0 
1038 -0.0485682 0.0917141 0 
1039 -0.0488902 0.103431 0 
1040 -0.0491961 0.115099 0 
1041 -0.0494601 0.126771 0 
1042 -0.0496527 0.138598 0 
1043 -0.0500487 0.150359 0 
1044 -0.0501886 0.162051 0 
1045 -0.0505326 0.173723 0 
1046 -0.0504038 0.185369 0 
1047 -0.0505865 0.197128 0 
1048 -0.050622 0.208824 0 
1049 -0.0508898 0.220606 0 
1050 -0.0508464 0.232352 0 
1051 -0.0509291 0.244271 0 
1052 -0.0511053 0.256309 0 
1053 -0.0512395 0.268387 0 
1054 -0.0516678 0.280849 0 
1055 -0.0519332 0.293085 0 
1056 -0.0519287 0.305495 0 
1057 -0.0519008 0.318276 0 
1058 -0.0524621 0.330983 0 
1059 -0.0523005 0.343005 0 
1060 -0.0516628 0.355012 0 
1061 -0.0512143 0.367453 0 
1062 -0.0511063 0.379351 0 
1063 -0.0495068 0.390624 0 
1064 -0.048366 0.400688 0 
1065 -0.0460138 0.411224 0 
1066 -0.0345698 -0.40511 0 
1067 -0.0349948 -0.395502 0 
1068 -0.0353173 -0.38543 0 
1069 -0.0352882 -0.374851 0 
1070 -0.0349332 -0.363866 0 
1071 -0.0345103 -0.352363 0 
1072 -0.0341029 -0.340365 0 
1073 -0.0336202 -0.328263 0 
1074 -0.0333044 -0.315985 0 
1075 -0.0331399 -0.303465 0 
1076 -0.033016 -0.291049 0 
1077 -0.0331042 -0.278615 0 
1078 -0.0332958 -0.266323 0 
1079 -0.0335752 -0.254192 0 
1080 -0.0336116 -0.242295 0 
1081 -0.0336253 -0.230445 0 
1082 -0.0334776 -0.218591 0 
1083 -0.0329775 -0.206626 0 
1084 -0.0325706 -0.194539 0 
1085 -0.0321286 -0.182346 0 
1086 -0.0317449 -0.17009 0 
1087 -0.0315721 -0.157863 0 
1088 -0.0314025 -0.145649 0 
1089 -0.0315088 -0.133525 0 
1090 -0.0317148 -0.121489 0 
1091 -0.0319396 -0.109516 0 
1092 -0.0322011 -0.0975977 0 
1093 -0.0324818 -0.0857189 0 
1094 -0.0327704 -0.0738659 0 
1095 -0.03306 -0.0620282 0 
1096 -0.0333474 -0.0501991 0 
1097 -0.033631 -0.0383735 0 
1098 -0.0339112 -0.0265479 0 
1099 -0.0341897 -0.0147205 0 
1100 -0.0344685 -0.00289025 0 
1101 -0.0347501 0.00894273 0 
1102 -0.0350373 0.0207778 0 
1103 -0.0353328 0.0326132 0 
1104 -0.0356388 0.0444462 0 
1105 -0.0359566 0.0562731 0 
1106 -0.0362857 0.0680885 0 
1107 -0.0366237 0.0798862 0 
1108 -0.0369652 0.0916592 0 
1109 -0.0373008 0.103402 0 
1110 -0.0376193 0.115112 0 
1111 -0.0378951 0.126808 0 
1112 -0.0380835 0.138657 0 
1113 -0.0384504 0.150437 0 
1114 -0.0385588 0.162175 0 
1115 -0.0388105 0.173917 0 
1116 -0.0387319 0.185621 0 
1117 -0.0389017 0.197418 0 
1118 -0.0388817 0.209157 0 
1119 -0.0391564 0.221057 0 
1120 -0.0389873 0.232807 0 
1121 -0.0391181 0.244792 0 
1122 -0.03925 0.256768 0 
1123 -0.0394565 0.268923 0 
1124 -0.0398181 0.281272 0 
1125 -0.0398565 0.293514 0 
1126 -0.0398524 0.306069 0 
1127 -0.0402783 0.318747 0 
1128 -0.0402974 0.330961 0 
1129 -0.0398889 0.343263 0 
1130 -0.0397012 0.355713 0 
1131 -0.0395695 0.368118 0 
1132 -0.0399291 0.379865 0 
1133 -0.0381072 0.390725 0 
1134 -0.0378354 0.401026 0 
1135 -0.0348517 0.411052 0 
1136 -0.0226817 -0.405122 0 
1137 -0.0232766 -0.395507 0 
1138 -0.0232857 -0.385525 0 
1139 -0.0229972 -0.374998 0 
1140 -0.022576 -0.363799 0 
1141 -0.0221227 -0.352173 0 
1142 -0.0217023 -0.340403 0 
1143 -0.0212144 -0.328257 0 
1144 -0.0210715 -0.31577 0 
1145 -0.0207497 -0.303486 0 
1146 -0.0207125 -0.290986 0 
1147 -0.0208036 -0.278565 0 
1148 -0.0209655 -0.266294 0 
1149 -0.0209927 -0.254203 0 
1150 -0.0211023 -0.242162 0 
1151 -0.0210598 -0.230203 0 
1152 -0.0208587 -0.218257 0 
1153 -0.0205164 -0.206296 0 
1154 -0.0202273 -0.194218 0 
1155 -0.0198643 -0.182068 0 
1156 -0.0196076 -0.169924 0 
1157 -0.0194675 -0.157765 0 
1158 -0.0193418 -0.145642 0 
1159 -0.0194794 -0.133579 0 
1160 -0.0196962 -0.121578 0 
1161 -0.0199345 -0.109625 0 
1162 -0.0202037 -0.0977174 0 
1163 -0.0204982 -0.0858428 0 
1164 -0.0208058 -0.0739894 0 
1165 -0.0211176 -0.0621491 0 
1166 -0.0214287 -0.0503159 0 
1167 -0.0217366 -0.0384859 0 
1168 -0.0220412 -0.0266562 0 
1169 -0.0223436 -0.0148256 0 
1170 -0.0226459 -0.0029933 0 
1171 -0.0229505 0.00884063 0 
1172 -0.0232602 0.0206754 0 
1173 -0.0235775 0.0325097 0 
1174 -0.0239047 0.0443415 0 
1175 -0.0242421 0.0561682 0 
1176 -0.0245891 0.0679862 0 
1177 -0.0249424 0.0797915 0 
1178 -0.0252958 0.0915808 0 
1179 -0.0256404 0.103352 0 
1180 -0.0259636 0.115107 0 
1181 -0.0262473 0.126851 0 
1182 -0.0264218 0.138722 0 
1183 -0.0267443 0.150536 0 
1184 -0.0268343 0.162344 0 
1185 -0.0270118 0.174139 0 
1186 -0.0269045 0.185929 0 
1187 -0.0269889 0.197792 0 
1188 -0.026987 0.209607 0 
1189 -0.0270749 0.221469 0 
1190 -0.0269811 0.233326 0 
1191 -0.0270882 0.245358 0 
1192 -0.0272173 0.257382 0 
1193 -0.0274473 0.269638 0 
1194 -0.0275765 0.281772 0 
1195 -0.0276498 0.294127 0 
1196 -0.0278039 0.306675 0 
1197 -0.027989 0.319024 0 
1198 -0.0278183 0.331473 0 
1199 -0.0276295 0.343965 0 
1200 -0.0275291 0.356559 0 
1201 -0.028033 0.368441 0 
1202 -0.0269482 0.379785 0 
1203 -0.0270764 0.390688 0 
1204 -0.0259709 0.400665 0 
1205 -0.022742 0.410806 0 
1206 -0.0108909 -0.405189 0 
1207 -0.0109334 -0.395726 0 
1208 -0.0106891 -0.385615 0 
1209 -0.0103399 -0.374942 0 
1210 -0.00987352 -0.363942 0 
1211 -0.00966171 -0.352329 0 
1212 -0.0090186 -0.340386 0 
1213 -0.00886324 -0.327999 0 
1214 -0.00853711 -0.315753 0 
1215 -0.00840357 -0.303172 0 
1216 -0.00838711 -0.29067 0 
1217 -0.00841493 -0.278295 0 
1218 -0.00846698 -0.26605 0 
1219 -0.00851866 -0.253901 0 
1220 -0.00856361 -0.241844 0 
1221 -0.00856194 -0.229848 0 
1222 -0.00833857 -0.217862 0 
1223 -0.00814677 -0.205828 0 
1224 -0.00794351 -0.193828 0 
1225 -0.00765297 -0.181772 0 
1226 -0.00750716 -0.169684 0 
1227 -0.00743743 -0.157637 0 
1228 -0.00733994 -0.145594 0 
1229 -0.0074947 -0.133599 0 
1230 -0.00773235 -0.121649 0 
1231 -0.0079795 -0.109732 0 
1232 -0.00826236 -0.0978445 0 
1233 -0.00856994 -0.0859787 0 
1234 -0.00889014 -0.0741291 0 
1235 -0.00921598 -0.0622888 0 
1236 -0.00954227 -0.0504532 0 
1237 -0.00986598 -0.0386196 0 
1238 -0.0101861 -0.0267864 0 
1239 -0.0105037 -0.0149527 0 
1240 -0.0108207 -0.00311863 0 
1241 -0.0111395 0.00871579 0 
1242 -0.0114627 0.0205499 0 
1243 -0.0117929 0.032383 0 
1244 -0.0121319 0.0442138 0 
1245 -0.0124803 0.0560406 0 
1246 -0.012837 0.0678621 0 
1247 -0.0131979 0.0796772 0 
1248 -0.0135537 0.0914862 0 
1249 -0.0138969 0.103289 0 
1250 -0.0142156 0.115088 0 
1251 -0.0144963 0.126893 0 
1252 -0.0146463 0.138793 0 
1253 -0.0149415 0.150656 0 
1254 -0.0149918 0.162535 0 
1255 -0.0150703 0.174418 0 
1256 -0.0149622 0.186293 0 
1257 -0.0149348 0.198179 0 
1258 -0.0149362 0.210108 0 
1259 -0.0148515 0.222 0 
1260 -0.0147727 0.233929 0 
1261 -0.014846 0.245908 0 
1262 -0.0149985 0.257965 0 
1263 -0.0151106 0.270065 0 
1264 -0.0151843 0.282257 0 
1265 -0.0152797 0.294654 0 
1266 -0.0154849 0.306994 0 
1267 -0.0154099 0.319462 0 
1268 -0.0152805 0.331946 0 
1269 -0.0152752 0.344646 0 
1270 -0.0155954 0.356865 0 
1271 -0.0148649 0.3684 0 
1272 -0.0143565 0.379394 0 
1273 -0.0139662 0.390305 0 
1274 -0.01311 0.400776 0 
1275 -0.0109506 0.410645 0 
1276 0.000903432 -0.405218 0 
1277 0.0013771 -0.395877 0 
1278 0.00188355 -0.385914 0 
1279 0.00228558 -0.3752 0 
1280 0.00248568 -0.363905 0 
1281 0.00314446 -0.352155 0 
1282 0.00342055 -0.340053 0 
1283 0.00376808 -0.328001 0 
1284 0.00395768 -0.315422 0 
1285 0.00401617 -0.302873 0 
1286 0.00406438 -0.290389 0 
1287 0.0040503 -0.278035 0 
1288 0.00402278 -0.265711 0 
1289 0.00394207 -0.253509 0 
1290 0.00390415 -0.241391 0 
1291 0.00391072 -0.229328 0 
1292 0.00409543 -0.217406 0 
1293 0.00412986 -0.205393 0 
1294 0.00427704 -0.193402 0 
1295 0.00452159 -0.181438 0 
1296 0.00454047 -0.169455 0 
1297 0.00456649 -0.157477 0 
1298 0.00460799 -0.145517 0 
1299 0.00442932 -0.133595 0 
1300 0.00418064 -0.1217 0 
1301 0.00391491 -0.109823 0 
1302 0.0036244 -0.0979657 0 
1303 0.00330854 -0.0861184 0 
1304 0.00297917 -0.0742768 0 
1305 0.00264467 -0.0624382 0 
1306 0.0023105 -0.0506009 0 
1307 0.00197954 -0.0387641 0 
1308 0.00165256 -0.0269276 0 
1309 0.00132877 -0.0150914 0 
1310 0.00100633 -0.00325593 0 
1311 0.000682677 0.0085786 0 
1312 0.000355262 0.0204118 0 
1313 2.15064e-05 0.0322433 0 
1314 -0.000320541 0.0440727 0 
1315 -0.000670039 0.0559006 0 
1316 -0.00102471 0.0677275 0 
1317 -0.00138181 0.0795538 0 
1318 -0.0017347 0.0913807 0 
1319 -0.00207445 0.103212 0 
1320 -0.0023888 0.115054 0 
1321 -0.00266195 0.126914 0 
1322 -0.00281519 0.138845 0 
1323 -0.00306 0.150776 0 
1324 -0.00307884 0.162744 0 
1325 -0.00307694 0.174695 0 
1326 -0.0029159 0.186678 0 
1327 -0.00279338 0.198659 0 
1328 -0.00276909 0.210647 0 
1329 -0.00252949 0.222515 0 
1330 -0.00242185 0.234508 0 
1331 -0.0024891 0.246485 0 
1332 -0.00256567 0.258553 0 
1333 -0.00268865 0.270633 0 
1334 -0.00273204 0.282841 0 
1335 -0.00291338 0.295132 0 
1336 -0.00296781 0.307521 0 
1337 -0.00289669 0.319945 0 
1338 -0.00289749 0.332572 0 
1339 -0.00290704 0.34478 0 
1340 -0.00236581 0.356629 0 
1341 -0.00186692 0.368418 0 
1342 -0.00138926 0.379845 0 
1343 -0.000842117 0.390941 0 
1344 0.00012264 0.401188 0 
1345 0.00103267 0.410569 0 
1346 0.0128231 -0.405222 0 
1347 0.0138192 -0.396152 0 
1348 0.0144731 -0.385774 0 
1349 0.0147519 -0.374937 0 
1350 0.0153552 -0.36352 0 
1351 0.0160613 -0.352109 0 
1352 0.0160742 -0.340102 0 
1353 0.0162727 -0.327497 0 
1354 0.0163247 -0.31489 0 
1355 0.0164975 -0.302334 0 
1356 0.0163868 -0.289882 0 
1357 0.0164483 -0.277457 0 
1358 0.0164037 -0.265197 0 
1359 0.0163446 -0.252974 0 
1360 0.0162279 -0.240867 0 
1361 0.0162676 -0.22882 0 
1362 0.016348 -0.216869 0 
1363 0.0163469 -0.2049 0 
1364 0.0163995 -0.192985 0 
1365 0.0165971 -0.181114 0 
1366 0.0165291 -0.169192 0 
1367 0.0164914 -0.157307 0 
1368 0.0164874 -0.145424 0 
1369 0.0162986 -0.133573 0 
1370 0.0160255 -0.121735 0 
1371 0.0157502 -0.109899 0 
1372 0.0154515 -0.0980735 0 
1373 0.0151305 -0.0862467 0 
1374 0.0147976 -0.0744164 0 
1375 0.0144612 -0.0625823 0 
1376 0.0141266 -0.0507453 0 
1377 0.0137967 -0.0389065 0 
1378 0.0134716 -0.0270673 0 
1379 0.0131508 -0.0152285 0 
1380 0.0128322 -0.0033914 0 
1381 0.012513 0.00844301 0 
1382 0.0121907 0.0202743 0 
1383 0.0118629 0.0321027 0 
1384 0.0115292 0.0439295 0 
1385 0.0111887 0.0557554 0 
1386 0.0108429 0.0675823 0 
1387 0.0104958 0.0794134 0 
1388 0.0101528 0.0912552 0 
1389 0.00982206 0.103114 0 
1390 0.00951582 0.114997 0 
1391 0.00924575 0.126915 0 
1392 0.00912515 0.138886 0 
1393 0.00889793 0.150891 0 
1394 0.00891965 0.162937 0 
1395 0.0090244 0.174999 0 
1396 0.0092156 0.187074 0 
1397 0.00943215 0.199087 0 
1398 0.00960474 0.211148 0 
1399 0.00991745 0.223084 0 
1400 0.0100425 0.23503 0 
1401 0.0100257 0.246962 0 
1402 0.00994757 0.258923 0 
1403 0.00990596 0.270952 0 
1404 0.00971041 0.28314 0 
1405 0.0095953 0.295416 0 
1406 0.00958872 0.307795 0 
1407 0.00951952 0.320389 0 
1408 0.00954317 0.332749 0 
1409 0.0100774 0.344753 0 
1410 0.0104704 0.356922 0 
1411 0.0107721 0.368732 0 
1412 0.0110722 0.380202 0 
1413 0.0118553 0.390885 0 
1414 0.0123958 0.401077 0 
1415 0.0128721 0.410609 0 
1416 0.0246396 -0.405328 0 
1417 0.0271492 -0.395407 0 
1418 0.027632 -0.385349 0 
1419 0.0277854 -0.374816 0 
1420 0.0285412 -0.363723 0 
1421 0.0283302 -0.352098 0 
1422 0.0286207 -0.33959 0 
1423 0.0286401 -0.326987 0 
1424 0.028907 -0.314413 0 
1425 0.0288124 -0.301947 0 
1426 0.0288303 -0.28937 0 
1427 0.0287976 -0.276957 0 
1428 0.028726 -0.264647 0 
1429 0.0285881 -0.252387 0 
1430 0.0284657 -0.240247 0 
1431 0.0285193 -0.228278 0 
1432 0.0284551 -0.216345 0 
1433 0.0284807 -0.204475 0 
1434 0.0284448 -0.192577 0 
1435 0.0285462 -0.180774 0 
1436 0.0284374 -0.168963 0 
1437 0.0283422 -0.157135 0 
1438 0.0283088 -0.145321 0 
1439 0.0280915 -0.133539 0 
1440 0.0278083 -0.121752 0 
1441 0.0275066 -0.109949 0 
1442 0.0272093 -0.0981583 0 
1443 0.0268895 -0.0863535 0 
1444 0.0265597 -0.0745351 0 
1445 0.0262286 -0.0627059 0 
1446 0.0259018 -0.0508695 0 
1447 0.0255813 -0.0390294 0 
1448 0.0252674 -0.0271885 0 
1449 0.0249588 -0.015349 0 
1450 0.0246534 -0.00351244 0 
1451 0.0243481 0.00832037 0 
1452 0.0240411 0.0201491 0 
1453 0.0237296 0.0319746 0 
1454 0.0234121 0.0437979 0 
1455 0.023088 0.0556209 0 
1456 0.0227582 0.067447 0 
1457 0.0224259 0.079281 0 
1458 0.0220972 0.0911301 0 
1459 0.0217817 0.103004 0 
1460 0.0214896 0.114918 0 
1461 0.0212334 0.126882 0 
1462 0.0210959 0.138906 0 
1463 0.0209063 0.150976 0 
1464 0.0209647 0.163126 0 
1465 0.0211619 0.17526 0 
1466 0.021404 0.187447 0 
1467 0.0217299 0.19957 0 
1468 0.0220953 0.211587 0 
1469 0.0224931 0.223545 0 
1470 0.0226012 0.23546 0 
1471 0.0226186 0.247356 0 
1472 0.0225251 0.259269 0 
1473 0.0224328 0.271265 0 
1474 0.022185 0.283421 0 
1475 0.0220517 0.295701 0 
1476 0.0219118 0.308175 0 
1477 0.0220529 0.320469 0 
1478 0.0222522 0.332815 0 
1479 0.0226205 0.345076 0 
1480 0.0228096 0.357138 0 
1481 0.0233383 0.36871 0 
1482 0.0238338 0.379883 0 
1483 0.0242685 0.390718 0 
1484 0.024602 0.400954 0 
1485 0.0246608 0.410582 0 
1486 0.0366294 -0.405535 0 
1487 0.0393377 -0.395684 0 
1488 0.0393344 -0.385736 0 
1489 0.0408559 -0.375122 0 
1490 0.0405098 -0.363648 0 
1491 0.0407905 -0.351363 0 
1492 0.0406868 -0.33883 0 
1493 0.04116 -0.326379 0 
1494 0.0411907 -0.314031 0 
1495 0.0409773 -0.301285 0 
1496 0.0409994 -0.288658 0 
1497 0.040987 -0.276399 0 
1498 0.0408065 -0.263972 0 
1499 0.0406675 -0.251844 0 
1500 0.0405077 -0.239685 0 
1501 0.040648 -0.227825 0 
1502 0.0404303 -0.215847 0 
1503 0.0404336 -0.204036 0 
1504 0.0403537 -0.192223 0 
1505 0.0403704 -0.180483 0 
1506 0.040249 -0.168738 0 
1507 0.0401088 -0.156979 0 
1508 0.0400223 -0.145221 0 
1509 0.0398068 -0.133493 0 
1510 0.0395005 -0.121752 0 
1511 0.0391902 -0.10998 0 
1512 0.0388944 -0.0982205 0 
1513 0.0385806 -0.0864346 0 
1514 0.0382612 -0.0746261 0 
1515 0.037944 -0.0628009 0 
1516 0.0376341 -0.0509654 0 
1517 0.0373327 -0.0391249 0 
1518 0.0370393 -0.0272834 0 
1519 0.0367522 -0.0154439 0 
1520 0.0364691 -0.00360866 0 
1521 0.0361875 0.00822181 0 
1522 0.0359046 0.0200477 0 
1523 0.0356179 0.0318694 0 
1524 0.0353255 0.0436885 0 
1525 0.0350264 0.0555076 0 
1526 0.0347212 0.0673307 0 
1527 0.0344117 0.0791642 0 
1528 0.0341027 0.0910165 0 
1529 0.0338017 0.1029 0 
1530 0.0335222 0.114829 0 
1531 0.0332831 0.126825 0 
1532 0.0331494 0.138899 0 
1533 0.0330048 0.151039 0 
1534 0.0330799 0.16325 0 
1535 0.0333718 0.175505 0 
1536 0.0336987 0.187762 0 
1537 0.0340866 0.199942 0 
1538 0.0346644 0.211996 0 
1539 0.0351029 0.223944 0 
1540 0.0352776 0.235729 0 
1541 0.035231 0.247491 0 
1542 0.0351917 0.259291 0 
1543 0.0348399 0.271309 0 
1544 0.0346281 0.283435 0 
1545 0.0343593 0.295845 0 
1546 0.0343829 0.30818 0 
1547 0.0344642 0.320624 0 
1548 0.034679 0.332961 0 
1549 0.0350034 0.345102 0 
1550 0.0355108 0.35691 0 
1551 0.035966 0.368626 0 
1552 0.0365388 0.379813 0 
1553 0.0368699 0.390493 0 
1554 0.0369435 0.400693 0 
1555 0.0364569 0.410515 0 
1556 0.0482939 -0.405764 0 
1557 0.0502977 -0.395445 0 
1558 0.0508706 -0.385607 0 
1559 0.0521954 -0.374758 0 
1560 0.052514 -0.363088 0 
1561 0.0525075 -0.350557 0 
1562 0.0531903 -0.338414 0 
1563 0.0533869 -0.326332 0 
1564 0.0530024 -0.313495 0 
1565 0.0530928 -0.300665 0 
1566 0.0531099 -0.288245 0 
1567 0.0528539 -0.275756 0 
1568 0.0526779 -0.263407 0 
1569 0.052537 -0.251259 0 
1570 0.0524143 -0.239174 0 
1571 0.0524586 -0.22733 0 
1572 0.052242 -0.215466 0 
1573 0.0521862 -0.203669 0 
1574 0.052144 -0.19192 0 
1575 0.0520909 -0.180239 0 
1576 0.0519439 -0.168576 0 
1577 0.0517447 -0.156842 0 
1578 0.0516708 -0.145134 0 
1579 0.0514246 -0.133438 0 
1580 0.0511154 -0.121738 0 
1581 0.0507967 -0.109988 0 
1582 0.0505083 -0.0982568 0 
1583 0.0502073 -0.086486 0 
1584 0.049906 -0.0746844 0 
1585 0.0496117 -0.0628614 0 
1586 0.0493277 -0.0510258 0 
1587 0.0490543 -0.0391846 0 
1588 0.04879 -0.0273432 0 
1589 0.0485329 -0.0155052 0 
1590 0.0482808 -0.00367146 0 
1591 0.0480308 0.00815692 0 
1592 0.04778 0.0199798 0 
1593 0.047526 0.0317977 0 
1594 0.0472668 0.0436123 0 
1595 0.0470011 0.0554265 0 
1596 0.0467289 0.067245 0 
1597 0.0464511 0.0790744 0 
1598 0.0461702 0.0909244 0 
1599 0.0458913 0.102808 0 
1600 0.045624 0.114743 0 
1601 0.0453843 0.126749 0 
1602 0.045237 0.138849 0 
1603 0.0451116 0.151027 0 
1604 0.0452281 0.163339 0 
1605 0.0455976 0.175661 0 
1606 0.046045 0.187999 0 
1607 0.0465327 0.200266 0 
1608 0.0473129 0.212264 0 
1609 0.0477192 0.224118 0 
1610 0.0479024 0.235833 0 
1611 0.0479976 0.247417 0 
1612 0.0476288 0.259213 0 
1613 0.0472813 0.271136 0 
1614 0.0467765 0.283521 0 
1615 0.0466783 0.295784 0 
1616 0.0466367 0.308233 0 
1617 0.0467394 0.32066 0 
1618 0.0471006 0.33284 0 
1619 0.0474377 0.345083 0 
1620 0.0479466 0.357021 0 
1621 0.0483999 0.368568 0 
1622 0.0487974 0.3797 0 
1623 0.048918 0.390435 0 
1624 0.0487599 0.400673 0 
1625 0.0483264 0.410499 0 
1626 0.0595606 -0.405959 0 
1627 0.0619635 -0.39582 0 
1628 0.0625625 -0.38506 0 
1629 0.0633184 -0.374179 0 
1630 0.0640304 -0.362242 0 
1631 0.0648177 -0.350351 0 
1632 0.0651956 -0.338224 0 
1633 0.0648936 -0.325791 0 
1634 0.0648788 -0.312904 0 
1635 0.0650067 -0.300185 0 
1636 0.0647759 -0.287816 0 
1637 0.0643729 -0.275092 0 
1638 0.0643013 -0.262945 0 
1639 0.0641231 -0.250779 0 
1640 0.0640975 -0.238826 0 
1641 0.0640292 -0.226967 0 
1642 0.0638577 -0.215171 0 
1643 0.0637751 -0.203414 0 
1644 0.0637506 -0.191721 0 
1645 0.0636278 -0.180076 0 
1646 0.0634818 -0.168446 0 
1647 0.0632776 -0.156744 0 
1648 0.0631645 -0.145037 0 
1649 0.0629438 -0.133378 0 
1650 0.062641 -0.121712 0 
1651 0.0623204 -0.109968 0 
1652 0.0620471 -0.0982589 0 
1653 0.0617683 -0.0864987 0 
1654 0.0614951 -0.0747003 0 
1655 0.0612335 -0.0628774 0 
1656 0.0609851 -0.0510419 0 
1657 0.0607486 -0.0392015 0 
1658 0.0605221 -0.027361 0 
1659 0.060303 -0.0155238 0 
1660 0.0600891 -0.00369161 0 
1661 0.0598776 0.0081345 0 
1662 0.0596658 0.0199543 0 
1663 0.0594515 0.0317686 0 
1664 0.0592325 0.0435789 0 
1665 0.0590079 0.0553881 0 
1666 0.058777 0.0672009 0 
1667 0.05854 0.0790243 0 
1668 0.0582976 0.0908678 0 
1669 0.0580496 0.102742 0 
1670 0.0578015 0.114668 0 
1671 0.0575636 0.126668 0 
1672 0.0573847 0.138771 0 
1673 0.0572861 0.150957 0 
1674 0.0574025 0.163297 0 
1675 0.0578492 0.175716 0 
1676 0.0583305 0.188126 0 
1677 0.0590256 0.200387 0 
1678 0.0598437 0.212352 0 
1679 0.0604081 0.224068 0 
1680 0.0606496 0.235528 0 
1681 0.0604775 0.247052 0 
1682 0.0600955 0.258686 0 
1683 0.0592996 0.270984 0 
1684 0.0589757 0.283228 0 
1685 0.0587577 0.295733 0 
1686 0.0587835 0.308157 0 
1687 0.0589972 0.320559 0 
1688 0.0593267 0.332969 0 
1689 0.0597256 0.345114 0 
1690 0.0601613 0.356984 0 
1691 0.0604994 0.36859 0 
1692 0.0607436 0.379768 0 
1693 0.0609197 0.390468 0 
1694 0.0606434 0.40073 0 
1695 0.0601575 0.410502 0 
1696 0.0712874 -0.406313 0 
1697 0.0742746 -0.396256 0 
1698 0.075204 -0.385303 0 
1699 0.0749701 -0.373446 0 
1700 0.0759713 -0.36112 0 
1701 0.076426 -0.349065 0 
1702 0.0764111 -0.337216 0 
1703 0.0762461 -0.325379 0 
1704 0.0763991 -0.312215 0 
1705 0.0762597 -0.299645 0 
1706 0.0760047 -0.287251 0 
1707 0.0756331 -0.27471 0 
1708 0.0756692 -0.262692 0 
1709 0.0754703 -0.250477 0 
1710 0.0755615 -0.23863 0 
1711 0.0753531 -0.226774 0 
1712 0.0752266 -0.215087 0 
1713 0.075101 -0.203284 0 
1714 0.0751684 -0.191621 0 
1715 0.0749961 -0.180006 0 
1716 0.0748392 -0.168409 0 
1717 0.0746033 -0.156682 0 
1718 0.0745425 -0.144952 0 
1719 0.0743407 -0.133315 0 
1720 0.0740472 -0.121669 0 
1721 0.0737507 -0.10992 0 
1722 0.0735002 -0.0982203 0 
1723 0.0732556 -0.0864638 0 
1724 0.0730239 -0.0746654 0 
1725 0.0728064 -0.0628414 0 
1726 0.072604 -0.0510053 0 
1727 0.072414 -0.0391653 0 
1728 0.0722332 -0.0273262 0 
1729 0.0720593 -0.015491 0 
1730 0.0718903 -0.00366113 0 
1731 0.0717235 0.00816242 0 
1732 0.0715569 0.0199797 0 
1733 0.0713884 0.0317909 0 
1734 0.0712163 0.0435979 0 
1735 0.0710385 0.055401 0 
1736 0.0708541 0.0672048 0 
1737 0.0706624 0.0790156 0 
1738 0.0704628 0.0908425 0 
1739 0.0702536 0.102698 0 
1740 0.0700351 0.1146 0 
1741 0.0698068 0.12657 0 
1742 0.0695804 0.13863 0 
1743 0.0695184 0.150828 0 
1744 0.069603 0.163175 0 
1745 0.0700267 0.175608 0 
1746 0.0705669 0.188042 0 
1747 0.0713133 0.20034 0 
1748 0.0721361 0.212004 0 
1749 0.0728221 0.22368 0 
1750 0.0735104 0.234802 0 
1751 0.0731148 0.246118 0 
1752 0.0718724 0.258349 0 
1753 0.0712667 0.27055 0 
1754 0.0708307 0.283079 0 
1755 0.0707516 0.29553 0 
1756 0.0708441 0.308156 0 
1757 0.0710819 0.320654 0 
1758 0.0714333 0.33298 0 
1759 0.0718417 0.345136 0 
1760 0.0722297 0.357001 0 
1761 0.0726197 0.368557 0 
1762 0.0728373 0.37978 0 
1763 0.0728634 0.390557 0 
1764 0.0725849 0.400859 0 
1765 0.0719767 0.410514 0 
1766 0.0847431 -0.406775 0 
1767 0.0854694 -0.394847 0 
1768 0.0873389 -0.385451 0 
1769 0.0864074 -0.37236 0 
1770 0.0867308 -0.360123 0 
1771 0.087323 -0.348783 0 
1772 0.0873666 -0.337422 0 
1773 0.0870994 -0.324262 0 
1774 0.0870785 -0.311347 0 
1775 0.0871724 -0.299283 0 
1776 0.0868654 -0.286833 0 
1777 0.0865148 -0.274489 0 
1778 0.0865854 -0.262527 0 
1779 0.0864826 -0.250422 0 
1780 0.0867146 -0.238696 0 
1781 0.0863588 -0.2268 0 
1782 0.0862833 -0.21515 0 
1783 0.0861807 -0.203344 0 
1784 0.0863036 -0.191687 0 
1785 0.0860872 -0.180047 0 
1786 0.085935 -0.168421 0 
1787 0.0857547 -0.156676 0 
1788 0.0857201 -0.144884 0 
1789 0.0855646 -0.133248 0 
1790 0.0853164 -0.121607 0 
1791 0.0850603 -0.10984 0 
1792 0.084856 -0.0981299 0 
1793 0.0846631 -0.086369 0 
1794 0.0844867 -0.074565 0 
1795 0.0843268 -0.0627392 0 
1796 0.0841812 -0.0509039 0 
1797 0.0840466 -0.0390667 0 
1798 0.0839194 -0.0272313 0 
1799 0.0837974 -0.0153997 0 
1800 0.0836794 -0.00357308 0 
1801 0.0835632 0.00824787 0 
1802 0.0834472 0.0200627 0 
1803 0.0833298 0.0318716 0 
1804 0.0832094 0.0436755 0 
1805 0.0830844 0.0554759 0 
1806 0.0829541 0.0672754 0 
1807 0.0828175 0.0790783 0 
1808 0.0826735 0.0908917 0 
1809 0.0825178 0.102726 0 
1810 0.082346 0.114595 0 
1811 0.0821423 0.126518 0 
1812 0.0818968 0.13851 0 
1813 0.0818751 0.150657 0 
1814 0.0818895 0.162957 0 
1815 0.0822579 0.175308 0 
1816 0.0826872 0.187696 0 
1817 0.083401 0.199918 0 
1818 0.0841708 0.210974 0 
1819 0.0856012 0.222462 0 
1820 0.0862183 0.233325 0 
1821 0.0847014 0.245403 0 
1822 0.083538 0.257708 0 
1823 0.0828285 0.27032 0 
1824 0.0826023 0.282909 0 
1825 0.0825744 0.295635 0 
1826 0.0827476 0.308225 0 
1827 0.0830848 0.320698 0 
1828 0.0834606 0.333013 0 
1829 0.0838543 0.34514 0 
1830 0.084239 0.357085 0 
1831 0.0844705 0.368686 0 
1832 0.0846171 0.379955 0 
1833 0.0844893 0.390803 0 
1834 0.0841353 0.401135 0 
1835 0.0837604 0.410573 0 
1836 0.0925161 -0.405481 0 
1837 0.0958433 -0.395014 0 
1838 0.0969082 -0.383927 0 
1839 0.0989156 -0.372296 0 
1840 0.0981379 -0.360105 0 
1841 0.0976461 -0.348213 0 
1842 0.0973379 -0.336855 0 
1843 0.0974362 -0.32367 0 
1844 0.0973021 -0.310885 0 
1845 0.0976226 -0.299135 0 
1846 0.0973375 -0.286695 0 
1847 0.0971365 -0.274691 0 
1848 0.0971554 -0.26267 0 
1849 0.0971587 -0.25065 0 
1850 0.0974264 -0.239032 0 
1851 0.0970361 -0.227116 0 
1852 0.0969989 -0.215481 0 
1853 0.0969273 -0.203582 0 
1854 0.097125 -0.191896 0 
1855 0.0969127 -0.180219 0 
1856 0.0967724 -0.168537 0 
1857 0.0966366 -0.156717 0 
1858 0.0966915 -0.144845 0 
1859 0.0965985 -0.133187 0 
1860 0.0964028 -0.121511 0 
1861 0.0962398 -0.109692 0 
1862 0.0961135 -0.0979678 0 
1863 0.0959949 -0.0861947 0 
1864 0.0958929 -0.0743846 0 
1865 0.0958034 -0.06256 0 
1866 0.0957231 -0.0507295 0 
1867 0.0956511 -0.0388993 0 
1868 0.0955834 -0.0270707 0 
1869 0.0955187 -0.0152448 0 
1870 0.0954565 -0.00342248 0 
1871 0.0953956 0.00839603 0 
1872 0.0953348 0.0202105 0 
1873 0.0952734 0.0320211 0 
1874 0.0952099 0.0438283 0 
1875 0.0951435 0.0556327 0 
1876 0.095074 0.0674358 0 
1877 0.0949999 0.0792383 0 
1878 0.0949218 0.0910467 0 
1879 0.0948338 0.102866 0 
1880 0.0947346 0.114711 0 
1881 0.0945966 0.12659 0 
1882 0.0944498 0.138529 0 
1883 0.0944023 0.150555 0 
1884 0.0943877 0.162736 0 
1885 0.0944987 0.174905 0 
1886 0.0948542 0.187024 0 
1887 0.0951 0.199236 0 
1888 0.0951674 0.20857 0 
1889 0.0977492 0.220414 0 
1890 0.0976273 0.232324 0 
1891 0.0956387 0.244959 0 
1892 0.0947189 0.257482 0 
1893 0.0942744 0.270311 0 
1894 0.0942125 0.283047 0 
1895 0.0943853 0.295734 0 
1896 0.094694 0.308287 0 
1897 0.0950181 0.320745 0 
1898 0.0954363 0.333057 0 
1899 0.0957716 0.345163 0 
1900 0.0961181 0.357016 0 
1901 0.0963909 0.36857 0 
1902 0.0965295 0.379731 0 
1903 0.0964715 0.390481 0 
1904 0.0961643 0.400726 0 
1905 0.0955332 0.410502 0 
1906 0.102279 -0.397966 0 
1907 0.106967 -0.393251 0 
1908 0.108734 -0.380783 0 
1909 0.108654 -0.368735 0 
1910 0.108333 -0.357261 0 
1911 0.108029 -0.346266 0 
1912 0.107748 -0.333945 0 
1913 0.107589 -0.322368 0 
1914 0.10748 -0.310352 0 
1915 0.107567 -0.298533 0 
1916 0.107431 -0.286808 0 
1917 0.107391 -0.274923 0 
1918 0.107393 -0.263078 0 
1919 0.10741 -0.251278 0 
1920 0.107467 -0.239486 0 
1921 0.107387 -0.227717 0 
1922 0.107369 -0.215867 0 
1923 0.107373 -0.204043 0 
1924 0.107425 -0.192256 0 
1925 0.10738 -0.180469 0 
1926 0.107346 -0.16865 0 
1927 0.107341 -0.156812 0 
1928 0.107375 -0.145007 0 
1929 0.107366 -0.133211 0 
1930 0.107336 -0.121405 0 
1931 0.107332 -0.10959 0 
1932 0.10732 -0.0977744 0 
1933 0.107312 -0.0859599 0 
1934 0.107305 -0.0741429 0 
1935 0.107299 -0.0623246 0 
1936 0.107295 -0.0505061 0 
1937 0.107292 -0.0386878 0 
1938 0.107289 -0.0268698 0 
1939 0.107287 -0.0150519 0 
1940 0.107285 -0.00323437 0 
1941 0.107284 0.00858277 0 
1942 0.107282 0.0203995 0 
1943 0.107281 0.0322158 0 
1944 0.107279 0.0440316 0 
1945 0.107276 0.0558469 0 
1946 0.107272 0.0676619 0 
1947 0.107268 0.0794761 0 
1948 0.107261 0.0912891 0 
1949 0.107252 0.103101 0 
1950 0.107242 0.114913 0 
1951 0.107219 0.126711 0 
1952 0.107137 0.138538 0 
1953 0.107135 0.150376 0 
1954 0.106969 0.162236 0 
1955 0.107059 0.174148 0 
1956 0.106924 0.18603 0 
1957 0.106915 0.197891 0 
1958 0.106602 0.210592 0 
1959 0.107615 0.221116 0 
1960 0.107885 0.233484 0 
1961 0.106292 0.245367 0 
1962 0.10582 0.257802 0 
1963 0.105763 0.270625 0 
1964 0.105987 0.283212 0 
1965 0.106257 0.295846 0 
1966 0.106629 0.308395 0 
1967 0.107028 0.320807 0 
1968 0.107395 0.333058 0 
1969 0.107782 0.345179 0 
1970 0.10806 0.356986 0 
1971 0.108289 0.368563 0 
1972 0.108379 0.37969 0 
1973 0.108286 0.390443 0 
1974 0.107959 0.40066 0 
1975 0.107376 0.410489 0 
1976 0.119004 0.221593 0 
1977 0.117815 0.233781 0 
1978 0.117427 0.245885 0 
1979 0.117414 0.258189 0 
1980 0.117575 0.270952 0 
1981 0.117896 0.283552 0 
1982 0.118291 0.296077 0 
1983 0.118644 0.308557 0 
1984 0.119031 0.320965 0 
1985 0.119335 0.333214 0 
1986 0.119603 0.345292 0 
1987 0.119795 0.357142 0 
1988 0.11995 0.368615 0 
1989 0.120006 0.379752 0 
1990 0.119914 0.390453 0 
1991 0.119636 0.400707 0 
1992 0.119208 0.41049 0 
1993 0.130827 0.221622 0 
1994 0.130094 0.234047 0 
1995 0.129645 0.246469 0 
1996 0.129591 0.258907 0 
1997 0.129782 0.271432 0 
1998 0.13007 0.283992 0 
1999 0.130395 0.29651 0 
2000 0.130731 0.308859 0 
2001 0.131013 0.321123 0 
2002 0.131319 0.333277 0 
2003 0.131509 0.345267 0 
2004 0.13171 0.357067 0 
2005 0.131787 0.368587 0 
2006 0.131828 0.379795 0 
2007 0.131692 0.39055 0 
2008 0.131441 0.400845 0 
2009 0.131025 0.410506 0 
2010 0.142728 0.221495 0 
2011 0.142336 0.234478 0 
2012 0.142072 0.247064 0 
2013 0.142059 0.259473 0 
2014 0.14218 0.271924 0 
2015 0.142417 0.284253 0 
2016 0.142656 0.296627 0 
2017 0.142908 0.30893 0 
2018 0.143111 0.32119 0 
2019 0.14327 0.33333 0 
2020 0.143383 0.345353 0 
2021 0.143427 0.357164 0 
2022 0.14342 0.368736 0 
2023 0.14335 0.379943 0 
2024 0.143214 0.390754 0 
2025 0.142998 0.401063 0 
2026 0.142813 0.410549 0 
2027 0.154605 0.2216 0 
2028 0.15458 0.234605 0 
2029 0.154561 0.247283 0 
2030 0.154609 0.259738 0 
2031 0.154708 0.272068 0 
2032 0.154851 0.284371 0 
2033 0.155002 0.296654 0 
2034 0.155122 0.308894 0 
2035 0.155228 0.321097 0 
2036 0.155277 0.333183 0 
2037 0.155313 0.345163 0 
2038 0.155304 0.356897 0 
2039 0.155289 0.368439 0 
2040 0.15519 0.379579 0 
2041 0.15505 0.390374 0 
2042 0.154846 0.400666 0 
2043 0.154595 0.410495 0 
2044 0.166485 0.221504 0 
2045 0.166792 0.234558 0 
2046 0.167024 0.247224 0 
2047 0.167203 0.259713 0 
2048 0.167307 0.272095 0 
2049 0.167366 0.284387 0 
2050 0.167407 0.296673 0 
2051 0.167401 0.308932 0 
2052 0.167369 0.321091 0 
2053 0.167307 0.333215 0 
2054 0.167216 0.345157 0 
2055 0.167109 0.356932 0 
2056 0.166984 0.368437 0 
2057 0.166877 0.379582 0 
2058 0.166754 0.390349 0 
2059 0.166673 0.4006 0 
2060 0.166428 0.410485 0 
2061 0.178377 0.221554 0 
2062 0.179013 0.23433 0 
2063 0.179505 0.246888 0 
2064 0.179765 0.259367 0 
2065 0.179865 0.271707 0 
2066 0.179867 0.284013 0 
2067 0.179789 0.296328 0 
2068 0.179677 0.308589 0 
2069 0.179523 0.320821 0 
2070 0.179355 0.332944 0 
2071 0.17917 0.344938 0 
2072 0.17899 0.356739 0 
2073 0.178788 0.368279 0 
2074 0.17861 0.379495 0 
2075 0.178443 0.390282 0 
2076 0.178336 0.400619 0 
2077 0.178263 0.410488 0 
2078 0.190253 0.221469 0 
2079 0.191162 0.233748 0 
2080 0.191859 0.246082 0 
2081 0.192258 0.258485 0 
2082 0.192332 0.270921 0 
2083 0.192289 0.283375 0 
2084 0.192129 0.295832 0 
2085 0.191951 0.308218 0 
2086 0.191709 0.320588 0 
2087 0.191459 0.33283 0 
2088 0.19116 0.344896 0 
2089 0.190861 0.356711 0 
2090 0.190588 0.368284 0 
2091 0.190371 0.379542 0 
2092 0.190254 0.390399 0 
2093 0.190151 0.400788 0 
2094 0.190077 0.410515 0 
2095 0.202103 0.221452 0 
2096 0.203167 0.233087 0 
2097 0.204078 0.245203 0 
2098 0.204541 0.257626 0 
2099 0.2047 0.270163 0 
2100 0.204632 0.28272 0 
2101 0.2045 0.295257 0 
2102 0.204217 0.307711 0 
2103 0.203885 0.320089 0 
2104 0.203523 0.332327 0 
2105 0.203136 0.344455 0 
2106 0.202762 0.35635 0 
2107 0.2024 0.368055 0 
2108 0.202088 0.379407 0 
2109 0.201873 0.390381 0 
2110 0.201787 0.400853 0 
2111 0.201864 0.41054 0 
2112 0.214121 0.221368 0 
2113 0.214718 0.231982 0 
2114 0.215889 0.243814 0 
2115 0.216592 0.256541 0 
2116 0.216851 0.269298 0 
2117 0.216902 0.282041 0 
2118 0.216741 0.294684 0 
2119 0.216431 0.307237 0 
2120 0.216113 0.319693 0 
2121 0.215704 0.332058 0 
2122 0.215247 0.344219 0 
2123 0.214768 0.3561 0 
2124 0.214329 0.367762 0 
2125 0.213963 0.379042 0 
2126 0.213695 0.390011 0 
2127 0.213562 0.400485 0 
2128 0.213657 0.410498 0 
2129 0.225768 0.0798687 0 
2130 0.225056 0.0916167 0 
2131 0.225271 0.103108 0 
2132 0.225441 0.114981 0 
2133 0.225353 0.126755 0 
2134 0.225485 0.138588 0 
2135 0.225512 0.150455 0 
2136 0.225479 0.162232 0 
2137 0.225627 0.174149 0 
2138 0.225501 0.185944 0 
2139 0.225609 0.197829 0 
2140 0.225505 0.209673 0 
2141 0.22534 0.221082 0 
2142 0.225529 0.230141 0 
2143 0.227333 0.2427 0 
2144 0.228354 0.255627 0 
2145 0.228788 0.268423 0 
2146 0.229001 0.281369 0 
2147 0.228936 0.294147 0 
2148 0.22874 0.306834 0 
2149 0.228367 0.319326 0 
2150 0.227859 0.331671 0 
2151 0.227375 0.343876 0 
2152 0.226828 0.355888 0 
2153 0.226329 0.367637 0 
2154 0.225926 0.379036 0 
2155 0.225622 0.389988 0 
2156 0.225539 0.400408 0 
2157 0.225483 0.410489 0 
2158 0.237428 0.0796806 0 
2159 0.238154 0.0913961 0 
2160 0.239157 0.102905 0 
2161 0.239929 0.114315 0 
2162 0.240222 0.126623 0 
2163 0.240267 0.138338 0 
2164 0.240243 0.150159 0 
2165 0.239973 0.162368 0 
2166 0.239686 0.174217 0 
2167 0.239039 0.186408 0 
2168 0.238169 0.198289 0 
2169 0.237196 0.209933 0 
2170 0.236059 0.220616 0 
2171 0.236749 0.23067 0 
2172 0.238714 0.242973 0 
2173 0.239964 0.255484 0 
2174 0.240696 0.268219 0 
2175 0.241064 0.280917 0 
2176 0.241083 0.293634 0 
2177 0.240967 0.306371 0 
2178 0.240635 0.318968 0 
2179 0.240211 0.331461 0 
2180 0.239671 0.343694 0 
2181 0.239004 0.35566 0 
2182 0.238412 0.367397 0 
2183 0.23784 0.378813 0 
2184 0.237424 0.389818 0 
2185 0.237256 0.400376 0 
2186 0.237331 0.410493 0 
2187 0.249433 0.0797477 0 
2188 0.251024 0.0911672 0 
2189 0.252357 0.102613 0 
2190 0.253405 0.114332 0 
2191 0.253905 0.126326 0 
2192 0.254075 0.138193 0 
2193 0.254032 0.150238 0 
2194 0.253777 0.162437 0 
2195 0.253094 0.174581 0 
2196 0.25221 0.186755 0 
2197 0.251149 0.198776 0 
2198 0.250089 0.210504 0 
2199 0.24947 0.22162 0 
2200 0.249511 0.232303 0 
2201 0.250687 0.243642 0 
2202 0.251861 0.255826 0 
2203 0.25274 0.268291 0 
2204 0.25315 0.280782 0 
2205 0.25331 0.293422 0 
2206 0.253254 0.305966 0 
2207 0.252954 0.318568 0 
2208 0.252536 0.331095 0 
2209 0.25196 0.343408 0 
2210 0.251337 0.355561 0 
2211 0.250753 0.367453 0 
2212 0.250055 0.378862 0 
2213 0.249532 0.389902 0 
2214 0.249219 0.400501 0 
2215 0.249157 0.410524 0 
2216 0.261255 0.0796648 0 
2217 0.263323 0.0910223 0 
2218 0.264883 0.102475 0 
2219 0.266221 0.114132 0 
2220 0.266934 0.12611 0 
2221 0.267152 0.138064 0 
2222 0.267228 0.150056 0 
2223 0.267062 0.162449 0 
2224 0.266206 0.174576 0 
2225 0.265363 0.186698 0 
2226 0.264427 0.198849 0 
2227 0.263445 0.210592 0 
2228 0.262902 0.222075 0 
2229 0.262977 0.233215 0 
2230 0.263421 0.244602 0 
2231 0.264274 0.256336 0 
2232 0.264961 0.268459 0 
2233 0.265514 0.280888 0 
2234 0.265622 0.29325 0 
2235 0.265647 0.305758 0 
2236 0.265353 0.318248 0 
2237 0.265026 0.33069 0 
2238 0.26441 0.343039 0 
2239 0.263703 0.355213 0 
2240 0.262927 0.367103 0 
2241 0.262156 0.378691 0 
2242 0.261563 0.389896 0 
2243 0.261168 0.40065 0 
2244 0.260941 0.410571 0 
2245 0.273061 0.0795987 0 
2246 0.2753 0.0908798 0 
2247 0.277109 0.102241 0 
2248 0.278652 0.114039 0 
2249 0.279443 0.125907 0 
2250 0.279874 0.137778 0 
2251 0.280092 0.149978 0 
2252 0.279842 0.162184 0 
2253 0.279209 0.174297 0 
2254 0.278516 0.186511 0 
2255 0.277818 0.198624 0 
2256 0.276933 0.210471 0 
2257 0.276454 0.222128 0 
2258 0.276368 0.233615 0 
2259 0.276656 0.245126 0 
2260 0.276971 0.256726 0 
2261 0.27758 0.268733 0 
2262 0.27792 0.280814 0 
2263 0.278177 0.293226 0 
2264 0.278205 0.305624 0 
2265 0.277905 0.318012 0 
2266 0.277554 0.330387 0 
2267 0.276973 0.342687 0 
2268 0.276411 0.354852 0 
2269 0.27551 0.366739 0 
2270 0.274552 0.378324 0 
2271 0.273681 0.389512 0 
2272 0.272962 0.400275 0 
2273 0.27274 0.410525 0 
2274 0.284856 0.0795512 0 
2275 0.287153 0.0907258 0 
2276 0.289067 0.102116 0 
2277 0.290735 0.113874 0 
2278 0.291652 0.125608 0 
2279 0.29225 0.137566 0 
2280 0.292564 0.149701 0 
2281 0.292412 0.161752 0 
2282 0.292032 0.173932 0 
2283 0.2915 0.186097 0 
2284 0.290861 0.198121 0 
2285 0.290283 0.210072 0 
2286 0.28976 0.221811 0 
2287 0.289647 0.233476 0 
2288 0.289759 0.245138 0 
2289 0.290032 0.256895 0 
2290 0.290221 0.268712 0 
2291 0.290613 0.280809 0 
2292 0.290682 0.292973 0 
2293 0.290833 0.305417 0 
2294 0.29064 0.317836 0 
2295 0.290299 0.33013 0 
2296 0.289616 0.342367 0 
2297 0.289005 0.354495 0 
2298 0.288187 0.366389 0 
2299 0.28749 0.378037 0 
2300 0.286413 0.389235 0 
2301 0.285384 0.40006 0 
2302 0.284577 0.410519 0 
2303 0.29665 0.0795185 0 
2304 0.298939 0.090653 0 
2305 0.30098 0.102024 0 
2306 0.30264 0.113707 0 
2307 0.303678 0.125401 0 
2308 0.304482 0.137336 0 
2309 0.304771 0.149326 0 
2310 0.304824 0.161349 0 
2311 0.304749 0.173493 0 
2312 0.304197 0.18551 0 
2313 0.303757 0.197547 0 
2314 0.303441 0.209535 0 
2315 0.302987 0.221348 0 
2316 0.302748 0.233125 0 
2317 0.302796 0.244848 0 
2318 0.302992 0.256714 0 
2319 0.303097 0.268577 0 
2320 0.303281 0.280626 0 
2321 0.303413 0.29283 0 
2322 0.303472 0.305069 0 
2323 0.303256 0.317482 0 
2324 0.303095 0.329918 0 
2325 0.302628 0.342125 0 
2326 0.301904 0.354201 0 
2327 0.300863 0.366036 0 
2328 0.299931 0.377624 0 
2329 0.298796 0.388868 0 
2330 0.297888 0.399825 0 
2331 0.296434 0.41052 0 
2332 0.308443 0.0794941 0 
2333 0.310663 0.0905472 0 
2334 0.312719 0.101905 0 
2335 0.314396 0.113544 0 
2336 0.315492 0.125111 0 
2337 0.31648 0.137067 0 
2338 0.316764 0.14894 0 
2339 0.316998 0.160881 0 
2340 0.3171 0.172974 0 
2341 0.316681 0.184894 0 
2342 0.316434 0.196917 0 
2343 0.316152 0.208834 0 
2344 0.315897 0.22072 0 
2345 0.315644 0.232518 0 
2346 0.315653 0.244398 0 
2347 0.315723 0.256275 0 
2348 0.315904 0.268258 0 
2349 0.315973 0.280309 0 
2350 0.316069 0.292491 0 
2351 0.316145 0.304799 0 
2352 0.315878 0.316977 0 
2353 0.315806 0.329546 0 
2354 0.315293 0.341875 0 
2355 0.315088 0.354056 0 
2356 0.314209 0.36586 0 
2357 0.313073 0.377444 0 
2358 0.311673 0.388736 0 
2359 0.310189 0.39975 0 
2360 0.308356 0.410552 0 
2361 0.32024 0.0794767 0 
2362 0.322376 0.0905122 0 
2363 0.324473 0.101864 0 
2364 0.32606 0.113404 0 
2365 0.327235 0.12496 0 
2366 0.328325 0.136858 0 
2367 0.328603 0.148551 0 
2368 0.329017 0.160532 0 
2369 0.329086 0.172417 0 
2370 0.328974 0.184275 0 
2371 0.328777 0.196286 0 
2372 0.328586 0.208146 0 
2373 0.328518 0.220071 0 
2374 0.328298 0.231895 0 
2375 0.328201 0.243837 0 
2376 0.328341 0.255727 0 
2377 0.328447 0.267762 0 
2378 0.328574 0.279873 0 
2379 0.328556 0.292033 0 
2380 0.328718 0.304409 0 
2381 0.328615 0.316766 0 
2382 0.328343 0.328925 0 
2383 0.327834 0.34139 0 
2384 0.327474 0.353761 0 
2385 0.327265 0.365811 0 
2386 0.326621 0.377275 0 
2387 0.325359 0.388604 0 
2388 0.323412 0.399692 0 
2389 0.320433 0.410669 0 
2390 0.332035 0.079463 0 
2391 0.334045 0.09046 0 
2392 0.336068 0.101776 0 
2393 0.33759 0.113295 0 
2394 0.338807 0.124825 0 
2395 0.339837 0.136595 0 
2396 0.340202 0.148242 0 
2397 0.340809 0.160237 0 
2398 0.340834 0.171899 0 
2399 0.340954 0.183812 0 
2400 0.340766 0.19565 0 
2401 0.340738 0.20751 0 
2402 0.340671 0.219395 0 
2403 0.340583 0.231243 0 
2404 0.340524 0.243126 0 
2405 0.340611 0.255168 0 
2406 0.340723 0.267178 0 
2407 0.340824 0.279285 0 
2408 0.341058 0.291646 0 
2409 0.340861 0.303823 0 
2410 0.341061 0.316351 0 
2411 0.340914 0.328734 0 
2412 0.340232 0.340697 0 
2413 0.339799 0.353257 0 
2414 0.33901 0.365312 0 
2415 0.33862 0.377151 0 
2416 0.337269 0.388396 0 
2417 0.335599 0.399301 0 
2418 0.331997 0.410926 0 
2419 0.343833 0.0794531 0 
2420 0.345696 0.0904677 0 
2421 0.347688 0.101805 0 
2422 0.349063 0.113259 0 
2423 0.350276 0.124779 0 
2424 0.351175 0.136448 0 
2425 0.351678 0.148042 0 
2426 0.352212 0.15994 0 
2427 0.352361 0.171576 0 
2428 0.352666 0.183499 0 
2429 0.352475 0.195153 0 
2430 0.352564 0.207136 0 
2431 0.352462 0.21882 0 
2432 0.352553 0.230721 0 
2433 0.352455 0.242559 0 
2434 0.352513 0.254632 0 
2435 0.352736 0.266662 0 
2436 0.352771 0.278762 0 
2437 0.352948 0.290998 0 
2438 0.353069 0.303455 0 
2439 0.352934 0.315813 0 
2440 0.353144 0.328452 0 
2441 0.352724 0.340678 0 
2442 0.351988 0.352471 0 
2443 0.350703 0.364568 0 
2444 0.349885 0.376481 0 
2445 0.348513 0.387869 0 
2446 0.347787 0.398875 0 
2447 0.344263 0.411125 0 
2448 0.355631 0.0794448 0 
2449 0.357313 0.090479 0 
2450 0.359127 0.101796 0 
2451 0.360379 0.113279 0 
2452 0.361586 0.124816 0 
2453 0.362345 0.136392 0 
2454 0.362851 0.147956 0 
2455 0.363356 0.159786 0 
2456 0.363618 0.171377 0 
2457 0.363868 0.183211 0 
2458 0.363804 0.194846 0 
2459 0.363924 0.206757 0 
2460 0.363944 0.218442 0 
2461 0.364 0.230313 0 
2462 0.363959 0.242109 0 
2463 0.364056 0.254066 0 
2464 0.364242 0.266217 0 
2465 0.364387 0.278309 0 
2466 0.364416 0.290528 0 
2467 0.364658 0.302868 0 
2468 0.364719 0.31542 0 
2469 0.364678 0.32804 0 
2470 0.364772 0.340482 0 
2471 0.36388 0.352368 0 
2472 0.362282 0.363623 0 
2473 0.360678 0.375385 0 
2474 0.358987 0.386584 0 
2475 0.35945 0.399334 0 
2476 0.355319 0.411272 0 
2477 0.367432 0.0794391 0 
2478 0.368884 0.0905464 0 
2479 0.370584 0.101942 0 
2480 0.371631 0.113416 0 
2481 0.372748 0.124961 0 
2482 0.37331 0.136497 0 
2483 0.37387 0.148093 0 
2484 0.374263 0.159827 0 
2485 0.374603 0.171453 0 
2486 0.374731 0.183153 0 
2487 0.374835 0.194795 0 
2488 0.374902 0.206623 0 
2489 0.375058 0.218379 0 
2490 0.374991 0.230078 0 
2491 0.375086 0.241955 0 
2492 0.375106 0.253807 0 
2493 0.375342 0.266015 0 
2494 0.375571 0.278031 0 
2495 0.375546 0.290212 0 
2496 0.375764 0.302508 0 
2497 0.375815 0.31478 0 
2498 0.375728 0.327467 0 
2499 0.376057 0.340521 0 
2500 0.37562 0.352178 0 
2501 0.373905 0.363706 0 
2502 0.371923 0.374587 0 
2503 0.370628 0.386154 0 
2504 0.37158 0.399869 0 
2505 0.366804 0.411355 0 
2506 0.379234 0.079434 0 
2507 0.380435 0.090631 0 
2508 0.381798 0.102043 0 
2509 0.382671 0.113629 0 
2510 0.383712 0.125239 0 
2511 0.384064 0.136744 0 
2512 0.384504 0.148314 0 
2513 0.38485 0.160068 0 
2514 0.385274 0.171745 0 
2515 0.385282 0.183355 0 
2516 0.385391 0.195003 0 
2517 0.385453 0.206771 0 
2518 0.385767 0.218622 0 
2519 0.38561 0.230223 0 
2520 0.385714 0.24211 0 
2521 0.385668 0.253822 0 
2522 0.385962 0.265903 0 
2523 0.386162 0.277976 0 
2524 0.386244 0.290105 0 
2525 0.386203 0.302433 0 
2526 0.386411 0.31462 0 
2527 0.3864 0.326988 0 
2528 0.386435 0.339823 0 
2529 0.386424 0.352596 0 
2530 0.385052 0.363254 0 
2531 0.382907 0.373493 0 
2532 0.383465 0.386008 0 
2533 0.383047 0.399662 0 
2534 0.378282 0.41136 0 
2535 0.391051 0.0794232 0 
2536 0.391912 0.0907743 0 
2537 0.39297 0.102347 0 
2538 0.393564 0.11398 0 
2539 0.394427 0.125621 0 
2540 0.394523 0.137165 0 
2541 0.394897 0.14883 0 
2542 0.395138 0.16056 0 
2543 0.395587 0.17228 0 
2544 0.395442 0.183853 0 
2545 0.395586 0.195586 0 
2546 0.395605 0.207292 0 
2547 0.396044 0.219259 0 
2548 0.395772 0.230722 0 
2549 0.395837 0.24258 0 
2550 0.395794 0.254294 0 
2551 0.396036 0.266262 0 
2552 0.39629 0.278318 0 
2553 0.396381 0.290256 0 
2554 0.396213 0.302686 0 
2555 0.396515 0.314804 0 
2556 0.396462 0.32696 0 
2557 0.396365 0.339646 0 
2558 0.396323 0.351455 0 
2559 0.395126 0.36253 0 
2560 0.392521 0.37236 0 
2561 0.395709 0.387634 0 
2562 0.392659 0.39791 0 
2563 0.38979 0.411251 0 
2564 0.40275 0.0793102 0 
2565 0.403388 0.090906 0 
2566 0.403859 0.102641 0 
2567 0.404189 0.114428 0 
2568 0.404824 0.126157 0 
2569 0.404715 0.137767 0 
2570 0.404886 0.149493 0 
2571 0.405054 0.161279 0 
2572 0.405479 0.17307 0 
2573 0.405241 0.184674 0 
2574 0.405288 0.196448 0 
2575 0.405305 0.208166 0 
2576 0.405784 0.220219 0 
2577 0.405491 0.231682 0 
2578 0.405485 0.243547 0 
2579 0.40542 0.255219 0 
2580 0.405592 0.267106 0 
2581 0.405921 0.279153 0 
2582 0.405838 0.290891 0 
2583 0.405796 0.303243 0 
2584 0.405782 0.315076 0 
2585 0.405915 0.327128 0 
2586 0.405851 0.33978 0 
2587 0.405962 0.352154 0 
2588 0.404427 0.362072 0 
2589 0.403856 0.373066 0 
2590 0.402484 0.38396 0 
2591 0.39814 0.393632 0 
2592 0.400604 0.410423 0 
2593 0.414533 0.0796272 0 
2594 0.414576 0.0911958 0 
2595 0.414507 0.103116 0 
2596 0.414548 0.114951 0 
2597 0.414622 0.126748 0 
2598 0.414579 0.138533 0 
2599 0.414585 0.150365 0 
2600 0.414614 0.162199 0 
2601 0.41467 0.173996 0 
2602 0.414629 0.185778 0 
2603 0.414627 0.197602 0 
2604 0.414645 0.209451 0 
2605 0.414708 0.221238 0 
2606 0.414671 0.233018 0 
2607 0.41466 0.244825 0 
2608 0.414665 0.256662 0 
2609 0.414698 0.268492 0 
2610 0.414755 0.280274 0 
2611 0.414717 0.292037 0 
2612 0.41471 0.303839 0 
2613 0.414721 0.31567 0 
2614 0.414785 0.327557 0 
2615 0.414908 0.339391 0 
2616 0.415118 0.351117 0 
2617 0.415151 0.362699 0 
2618 0.415108 0.374057 0 
2619 0.415017 0.38556 0 
2620 0.414628 0.397033 0 
2621 0.411865 0.407856 0 
