0 -0.717797 -0.645644 0 
1 -0.718976 -0.610855 0 
2 -0.718755 -0.575118 0 
3 -0.718732 -0.539592 0 
4 -0.718685 -0.503931 0 
5 -0.718654 -0.468318 0 
6 -0.71864 -0.432626 0 
7 -0.718629 -0.39698 0 
8 -0.718632 -0.361319 0 
9 -0.718625 -0.325658 0 
10 -0.718636 -0.290008 0 
11 -0.718626 -0.254355 0 
12 -0.71864 -0.218695 0 
13 -0.718632 -0.183057 0 
14 -0.718644 -0.147393 0 
15 -0.718636 -0.111768 0 
16 -0.718642 -0.0761211 0 
17 -0.718516 -0.0405217 0 
18 -0.71851 -0.00479115 0 
19 -0.718491 0.0308978 0 
20 -0.718498 0.0666207 0 
21 -0.718576 0.10229 0 
22 -0.718617 0.137929 0 
23 -0.718611 0.173567 0 
24 -0.718769 0.209242 0 
25 -0.718674 0.244779 0 
26 -0.718269 0.280146 0 
27 -0.682164 -0.646876 0 
28 -0.686994 -0.617234 0 
29 -0.688215 -0.580404 0 
30 -0.688014 -0.544193 0 
31 -0.687646 -0.507896 0 
32 -0.68718 -0.471657 0 
33 -0.686967 -0.43527 0 
34 -0.686635 -0.399177 0 
35 -0.686532 -0.363172 0 
36 -0.686488 -0.327321 0 
37 -0.686616 -0.291655 0 
38 -0.686749 -0.255883 0 
39 -0.687053 -0.220273 0 
40 -0.687085 -0.184379 0 
41 -0.687128 -0.148527 0 
42 -0.686815 -0.112711 0 
43 -0.686371 -0.0769957 0 
44 -0.685811 -0.0414823 0 
45 -0.685201 -0.00552379 0 
46 -0.6848 0.0304527 0 
47 -0.684526 0.0662671 0 
48 -0.684423 0.102047 0 
49 -0.684513 0.137632 0 
50 -0.684945 0.173116 0 
51 -0.685918 0.208968 0 
52 -0.685344 0.245899 0 
53 -0.682281 0.280782 0 
54 -0.647528 -0.64699 0 
55 -0.653337 -0.615645 0 
56 -0.654916 -0.582777 0 
57 -0.655068 -0.546528 0 
58 -0.654647 -0.510047 0 
59 -0.654096 -0.473495 0 
60 -0.653627 -0.436966 0 
61 -0.653197 -0.400613 0 
62 -0.65291 -0.364445 0 
63 -0.652747 -0.328448 0 
64 -0.652737 -0.292584 0 
65 -0.652775 -0.256746 0 
66 -0.652864 -0.220955 0 
67 -0.652852 -0.185089 0 
68 -0.652755 -0.149212 0 
69 -0.652421 -0.113326 0 
70 -0.651944 -0.0775336 0 
71 -0.651365 -0.0418391 0 
72 -0.650774 -0.00595133 0 
73 -0.650309 0.0299898 0 
74 -0.649977 0.0658081 0 
75 -0.649777 0.101578 0 
76 -0.649817 0.137209 0 
77 -0.650157 0.172797 0 
78 -0.650685 0.208569 0 
79 -0.650535 0.244702 0 
80 -0.647715 0.280756 0 
81 -0.611538 -0.646759 0 
82 -0.618124 -0.615873 0 
83 -0.620243 -0.582611 0 
84 -0.620564 -0.547385 0 
85 -0.620199 -0.511065 0 
86 -0.619652 -0.474498 0 
87 -0.619102 -0.437952 0 
88 -0.618602 -0.401517 0 
89 -0.618232 -0.365261 0 
90 -0.617961 -0.329139 0 
91 -0.617806 -0.293198 0 
92 -0.617749 -0.257328 0 
93 -0.617702 -0.221411 0 
94 -0.617596 -0.185523 0 
95 -0.617408 -0.14964 0 
96 -0.617113 -0.113787 0 
97 -0.616712 -0.0779591 0 
98 -0.616242 -0.042159 0 
99 -0.615765 -0.00633286 0 
100 -0.615368 0.0295685 0 
101 -0.615081 0.0653628 0 
102 -0.614877 0.101122 0 
103 -0.614874 0.136808 0 
104 -0.615054 0.172517 0 
105 -0.615227 0.208384 0 
106 -0.614738 0.244537 0 
107 -0.611621 0.280635 0 
108 -0.575973 -0.646738 0 
109 -0.582221 -0.616035 0 
110 -0.584454 -0.58272 0 
111 -0.584957 -0.54759 0 
112 -0.584749 -0.511477 0 
113 -0.584294 -0.474988 0 
114 -0.583764 -0.438489 0 
115 -0.583278 -0.402034 0 
116 -0.582856 -0.365765 0 
117 -0.582532 -0.329621 0 
118 -0.582334 -0.293599 0 
119 -0.582176 -0.257652 0 
120 -0.582065 -0.221754 0 
121 -0.581896 -0.185847 0 
122 -0.581719 -0.150016 0 
123 -0.581452 -0.114152 0 
124 -0.581148 -0.0782826 0 
125 -0.580819 -0.0425075 0 
126 -0.580438 -0.00666341 0 
127 -0.580161 0.0291353 0 
128 -0.579929 0.0649391 0 
129 -0.579804 0.100691 0 
130 -0.579761 0.136472 0 
131 -0.579794 0.172261 0 
132 -0.579701 0.208314 0 
133 -0.578942 0.244546 0 
134 -0.576004 0.280614 0 
135 -0.540281 -0.646698 0 
136 -0.546037 -0.616327 0 
137 -0.548144 -0.582839 0 
138 -0.548742 -0.547634 0 
139 -0.548672 -0.511563 0 
140 -0.548331 -0.475171 0 
141 -0.547914 -0.438749 0 
142 -0.547472 -0.402341 0 
143 -0.547075 -0.366062 0 
144 -0.546785 -0.329901 0 
145 -0.546551 -0.293871 0 
146 -0.54637 -0.257945 0 
147 -0.546204 -0.222002 0 
148 -0.546045 -0.186107 0 
149 -0.545884 -0.150284 0 
150 -0.545673 -0.11444 0 
151 -0.545444 -0.0786003 0 
152 -0.545193 -0.0428025 0 
153 -0.544969 -0.00701471 0 
154 -0.544771 0.0287794 0 
155 -0.544644 0.0645191 0 
156 -0.544567 0.100269 0 
157 -0.544507 0.136056 0 
158 -0.544456 0.17198 0 
159 -0.544144 0.20819 0 
160 -0.543109 0.244624 0 
161 -0.540319 0.280604 0 
162 -0.504629 -0.646679 0 
163 -0.509655 -0.616663 0 
164 -0.511567 -0.582953 0 
165 -0.512195 -0.547571 0 
166 -0.51224 -0.511484 0 
167 -0.512044 -0.47515 0 
168 -0.511735 -0.438818 0 
169 -0.511407 -0.402445 0 
170 -0.511091 -0.366229 0 
171 -0.510811 -0.33009 0 
172 -0.510585 -0.29406 0 
173 -0.510409 -0.258139 0 
174 -0.510253 -0.222215 0 
175 -0.510126 -0.18634 0 
176 -0.509987 -0.150518 0 
177 -0.509816 -0.114666 0 
178 -0.509654 -0.078872 0 
179 -0.509508 -0.0430592 0 
180 -0.509371 -0.0073139 0 
181 -0.509275 0.0284116 0 
182 -0.509202 0.0641314 0 
183 -0.509178 0.099827 0 
184 -0.509178 0.135635 0 
185 -0.509082 0.171511 0 
186 -0.508671 0.20784 0 
187 -0.507524 0.244531 0 
188 -0.504648 0.280591 0 
189 -0.46898 -0.646691 0 
190 -0.473248 -0.617169 0 
191 -0.47481 -0.582959 0 
192 -0.475437 -0.547347 0 
193 -0.475653 -0.511251 0 
194 -0.475603 -0.475024 0 
195 -0.475424 -0.438729 0 
196 -0.475178 -0.402469 0 
197 -0.474947 -0.366289 0 
198 -0.474735 -0.330176 0 
199 -0.47455 -0.294156 0 
200 -0.474397 -0.258254 0 
201 -0.474282 -0.222355 0 
202 -0.474146 -0.186517 0 
203 -0.474041 -0.150675 0 
204 -0.473919 -0.114889 0 
205 -0.473845 -0.0790897 0 
206 -0.47376 -0.0433324 0 
207 -0.473708 -0.00761106 0 
208 -0.473678 0.0280781 0 
209 -0.473704 0.0637365 0 
210 -0.473751 0.0993497 0 
211 -0.473812 0.13504 0 
212 -0.473803 0.170857 0 
213 -0.47338 0.207177 0 
214 -0.472142 0.244479 0 
215 -0.468997 0.280609 0 
216 -0.433325 -0.646663 0 
217 -0.436264 -0.616813 0 
218 -0.437883 -0.582522 0 
219 -0.438637 -0.546939 0 
220 -0.438982 -0.510923 0 
221 -0.439074 -0.474756 0 
222 -0.43903 -0.438589 0 
223 -0.438903 -0.402382 0 
224 -0.438752 -0.366272 0 
225 -0.438608 -0.330197 0 
226 -0.438472 -0.294223 0 
227 -0.438351 -0.258338 0 
228 -0.438262 -0.222446 0 
229 -0.438159 -0.186608 0 
230 -0.438096 -0.150812 0 
231 -0.43804 -0.115027 0 
232 -0.43799 -0.0792682 0 
233 -0.437958 -0.0435801 0 
234 -0.437976 -0.00783294 0 
235 -0.438025 0.027794 0 
236 -0.438097 0.0633792 0 
237 -0.438243 0.0988884 0 
238 -0.438438 0.134363 0 
239 -0.43861 0.169875 0 
240 -0.438535 0.205794 0 
241 -0.437011 0.244062 0 
242 -0.433339 0.280694 0 
243 -0.397668 -0.646683 0 
244 -0.399817 -0.616191 0 
245 -0.401086 -0.581763 0 
246 -0.401906 -0.546285 0 
247 -0.402344 -0.510417 0 
248 -0.402573 -0.474412 0 
249 -0.40265 -0.438305 0 
250 -0.402627 -0.402239 0 
251 -0.402545 -0.366192 0 
252 -0.40246 -0.33021 0 
253 -0.402373 -0.294271 0 
254 -0.402291 -0.258357 0 
255 -0.402219 -0.222513 0 
256 -0.402165 -0.186697 0 
257 -0.402143 -0.150892 0 
258 -0.402107 -0.115145 0 
259 -0.40211 -0.0794016 0 
260 -0.402127 -0.0437328 0 
261 -0.402182 -0.00805808 0 
262 -0.402291 0.0275395 0 
263 -0.40244 0.0630536 0 
264 -0.402649 0.0984777 0 
265 -0.402949 0.133767 0 
266 -0.403345 0.168865 0 
267 -0.403758 0.203614 0 
268 -0.403382 0.238306 0 
269 -0.398076 0.280389 0 
270 -0.39751 0.315984 0 
271 -0.397654 0.351858 0 
272 -0.397676 0.387512 0 
273 -0.397675 0.423165 0 
274 -0.397682 0.458816 0 
275 -0.397678 0.494471 0 
276 -0.397685 0.53012 0 
277 -0.397675 0.565776 0 
278 -0.39769 0.601421 0 
279 -0.397676 0.637069 0 
280 -0.397677 0.672715 0 
281 -0.397696 0.708363 0 
282 -0.397674 0.743987 0 
283 -0.397684 0.779641 0 
284 -0.397736 0.815265 0 
285 -0.397826 0.850801 0 
286 -0.398574 0.887433 0 
287 -0.397771 0.920448 0 
288 -0.394143 0.955961 0 
289 -0.362031 -0.646668 0 
290 -0.363187 -0.615169 0 
291 -0.364434 -0.580764 0 
292 -0.36532 -0.545506 0 
293 -0.365875 -0.509834 0 
294 -0.36617 -0.473979 0 
295 -0.366302 -0.438017 0 
296 -0.366351 -0.402053 0 
297 -0.366325 -0.366061 0 
298 -0.366298 -0.330135 0 
299 -0.366255 -0.294245 0 
300 -0.366219 -0.25837 0 
301 -0.36619 -0.222531 0 
302 -0.366155 -0.186733 0 
303 -0.366154 -0.15099 0 
304 -0.366158 -0.115226 0 
305 -0.366197 -0.0794975 0 
306 -0.366266 -0.0438185 0 
307 -0.366369 -0.00821033 0 
308 -0.366491 0.0273414 0 
309 -0.366698 0.0628431 0 
310 -0.366972 0.0981869 0 
311 -0.367315 0.133428 0 
312 -0.367811 0.168496 0 
313 -0.368516 0.203435 0 
314 -0.36961 0.238197 0 
315 -0.370759 0.272945 0 
316 -0.368501 0.308979 0 
317 -0.36548 0.348322 0 
318 -0.364723 0.384983 0 
319 -0.364675 0.42091 0 
320 -0.364895 0.456617 0 
321 -0.365271 0.492332 0 
322 -0.365656 0.528029 0 
323 -0.36607 0.563826 0 
324 -0.366457 0.599544 0 
325 -0.366874 0.635324 0 
326 -0.367266 0.671109 0 
327 -0.367785 0.70688 0 
328 -0.368395 0.742733 0 
329 -0.369139 0.778747 0 
330 -0.370132 0.815004 0 
331 -0.371371 0.851732 0 
332 -0.372186 0.889337 0 
333 -0.36978 0.925177 0 
334 -0.359208 0.959113 0 
335 -0.326393 -0.64663 0 
336 -0.327138 -0.614027 0 
337 -0.328177 -0.579761 0 
338 -0.329004 -0.544723 0 
339 -0.329557 -0.509266 0 
340 -0.329878 -0.473546 0 
341 -0.330054 -0.437744 0 
342 -0.330127 -0.401843 0 
343 -0.330162 -0.365933 0 
344 -0.330179 -0.330054 0 
345 -0.330166 -0.294182 0 
346 -0.330147 -0.258326 0 
347 -0.330126 -0.222495 0 
348 -0.330133 -0.186713 0 
349 -0.330145 -0.15098 0 
350 -0.330219 -0.115226 0 
351 -0.330256 -0.0795626 0 
352 -0.330356 -0.0439104 0 
353 -0.330485 -0.00827341 0 
354 -0.330662 0.0272293 0 
355 -0.330876 0.0627192 0 
356 -0.331175 0.0980758 0 
357 -0.331527 0.133319 0 
358 -0.331985 0.168506 0 
359 -0.332525 0.203549 0 
360 -0.333052 0.238621 0 
361 -0.333192 0.273927 0 
362 -0.332259 0.310038 0 
363 -0.331225 0.347139 0 
364 -0.330896 0.383458 0 
365 -0.33102 0.419396 0 
366 -0.331449 0.455135 0 
367 -0.332056 0.490879 0 
368 -0.332703 0.526587 0 
369 -0.333426 0.56239 0 
370 -0.334119 0.598182 0 
371 -0.334856 0.633997 0 
372 -0.335655 0.669849 0 
373 -0.336541 0.70572 0 
374 -0.337564 0.741737 0 
375 -0.338768 0.777911 0 
376 -0.340152 0.814327 0 
377 -0.341491 0.850918 0 
378 -0.341819 0.887296 0 
379 -0.339613 0.922673 0 
380 -0.328842 0.959675 0 
381 -0.290712 -0.646614 0 
382 -0.291405 -0.613266 0 
383 -0.292267 -0.578952 0 
384 -0.292918 -0.544108 0 
385 -0.293402 -0.508794 0 
386 -0.293693 -0.473197 0 
387 -0.293865 -0.437468 0 
388 -0.293968 -0.401618 0 
389 -0.294032 -0.365818 0 
390 -0.294053 -0.329954 0 
391 -0.29406 -0.294118 0 
392 -0.294071 -0.25826 0 
393 -0.294076 -0.222472 0 
394 -0.294112 -0.186702 0 
395 -0.294155 -0.150923 0 
396 -0.294219 -0.115248 0 
397 -0.294315 -0.0795452 0 
398 -0.29443 -0.0439079 0 
399 -0.294588 -0.00833102 0 
400 -0.294779 0.0272057 0 
401 -0.295 0.0626681 0 
402 -0.295318 0.0980414 0 
403 -0.295656 0.133363 0 
404 -0.296038 0.168637 0 
405 -0.296455 0.203837 0 
406 -0.296759 0.239113 0 
407 -0.296831 0.274594 0 
408 -0.296568 0.310478 0 
409 -0.296376 0.346666 0 
410 -0.296481 0.382657 0 
411 -0.296846 0.418479 0 
412 -0.297447 0.45419 0 
413 -0.29824 0.489923 0 
414 -0.299067 0.525657 0 
415 -0.299975 0.561401 0 
416 -0.300909 0.597164 0 
417 -0.301888 0.632999 0 
418 -0.302912 0.66891 0 
419 -0.304026 0.704873 0 
420 -0.305263 0.740949 0 
421 -0.306623 0.777187 0 
422 -0.308006 0.813587 0 
423 -0.309045 0.850039 0 
424 -0.308843 0.886349 0 
425 -0.305215 0.922613 0 
426 -0.290614 0.958759 0 
427 -0.25504 -0.646617 0 
428 -0.255811 -0.612877 0 
429 -0.256524 -0.578568 0 
430 -0.257042 -0.543723 0 
431 -0.257389 -0.508489 0 
432 -0.257618 -0.472929 0 
433 -0.257774 -0.437227 0 
434 -0.257857 -0.401438 0 
435 -0.257922 -0.365661 0 
436 -0.257956 -0.329815 0 
437 -0.257985 -0.293996 0 
438 -0.257998 -0.258155 0 
439 -0.258031 -0.222398 0 
440 -0.258083 -0.186639 0 
441 -0.258144 -0.150902 0 
442 -0.258218 -0.115166 0 
443 -0.258337 -0.0795042 0 
444 -0.258468 -0.0438785 0 
445 -0.258633 -0.00828683 0 
446 -0.258864 0.0272261 0 
447 -0.259108 0.0627211 0 
448 -0.259398 0.0981475 0 
449 -0.259734 0.133522 0 
450 -0.260103 0.168789 0 
451 -0.260475 0.204134 0 
452 -0.260764 0.239535 0 
453 -0.260954 0.275043 0 
454 -0.261095 0.310728 0 
455 -0.261322 0.346538 0 
456 -0.261692 0.382308 0 
457 -0.262273 0.418011 0 
458 -0.263011 0.453643 0 
459 -0.263917 0.489335 0 
460 -0.264879 0.52502 0 
461 -0.265877 0.560712 0 
462 -0.26696 0.596483 0 
463 -0.268047 0.632319 0 
464 -0.269197 0.668237 0 
465 -0.270392 0.704242 0 
466 -0.271661 0.740386 0 
467 -0.272944 0.776686 0 
468 -0.274097 0.813107 0 
469 -0.274737 0.849603 0 
470 -0.273963 0.886097 0 
471 -0.269575 0.92248 0 
472 -0.255287 0.95852 0 
473 -0.219346 -0.646601 0 
474 -0.220314 -0.612985 0 
475 -0.220904 -0.578623 0 
476 -0.221262 -0.543665 0 
477 -0.221471 -0.508343 0 
478 -0.22161 -0.472759 0 
479 -0.221716 -0.437026 0 
480 -0.221787 -0.401299 0 
481 -0.221838 -0.3655 0 
482 -0.221872 -0.329659 0 
483 -0.221902 -0.293855 0 
484 -0.221956 -0.258054 0 
485 -0.221985 -0.222306 0 
486 -0.222044 -0.186546 0 
487 -0.222121 -0.150805 0 
488 -0.222206 -0.115072 0 
489 -0.222331 -0.0794393 0 
490 -0.222469 -0.0438016 0 
491 -0.222671 -0.00817645 0 
492 -0.222877 0.0273495 0 
493 -0.223163 0.0628516 0 
494 -0.223473 0.0983278 0 
495 -0.223815 0.133704 0 
496 -0.224173 0.169052 0 
497 -0.224564 0.204506 0 
498 -0.224907 0.239912 0 
499 -0.225279 0.275407 0 
500 -0.22565 0.310958 0 
501 -0.226104 0.346552 0 
502 -0.226658 0.382169 0 
503 -0.227389 0.417771 0 
504 -0.228226 0.453385 0 
505 -0.229195 0.489005 0 
506 -0.230217 0.524612 0 
507 -0.231284 0.560292 0 
508 -0.232378 0.596059 0 
509 -0.233486 0.631865 0 
510 -0.234632 0.667778 0 
511 -0.235797 0.703834 0 
512 -0.236954 0.740065 0 
513 -0.238014 0.776422 0 
514 -0.238816 0.81292 0 
515 -0.23898 0.849553 0 
516 -0.237641 0.886227 0 
517 -0.232853 0.922707 0 
518 -0.219683 0.958396 0 
519 -0.183661 -0.64665 0 
520 -0.185048 -0.613807 0 
521 -0.185415 -0.57903 0 
522 -0.185523 -0.543795 0 
523 -0.185581 -0.508326 0 
524 -0.185638 -0.472659 0 
525 -0.185659 -0.436874 0 
526 -0.185736 -0.401138 0 
527 -0.185785 -0.365292 0 
528 -0.185806 -0.329489 0 
529 -0.185839 -0.293687 0 
530 -0.185877 -0.257932 0 
531 -0.185945 -0.222151 0 
532 -0.186005 -0.186429 0 
533 -0.186077 -0.150678 0 
534 -0.186161 -0.115 0 
535 -0.186315 -0.0793139 0 
536 -0.186477 -0.0436714 0 
537 -0.186666 -0.00805354 0 
538 -0.186905 0.0275158 0 
539 -0.187185 0.0630575 0 
540 -0.187522 0.0985328 0 
541 -0.187865 0.133982 0 
542 -0.188265 0.1694 0 
543 -0.188692 0.204814 0 
544 -0.18913 0.240259 0 
545 -0.189636 0.275734 0 
546 -0.190136 0.311193 0 
547 -0.190758 0.346717 0 
548 -0.19145 0.382232 0 
549 -0.192244 0.417752 0 
550 -0.19314 0.453286 0 
551 -0.194127 0.488822 0 
552 -0.195161 0.524425 0 
553 -0.196211 0.560075 0 
554 -0.197275 0.595784 0 
555 -0.198347 0.631599 0 
556 -0.199398 0.66754 0 
557 -0.200404 0.703616 0 
558 -0.20136 0.739891 0 
559 -0.20211 0.776305 0 
560 -0.202509 0.812926 0 
561 -0.202179 0.849705 0 
562 -0.200381 0.886448 0 
563 -0.195458 0.922707 0 
564 -0.18388 0.958235 0 
565 -0.148057 -0.646715 0 
566 -0.150063 -0.615003 0 
567 -0.149866 -0.57957 0 
568 -0.149708 -0.543986 0 
569 -0.149643 -0.508295 0 
570 -0.149653 -0.472548 0 
571 -0.14966 -0.43675 0 
572 -0.149699 -0.400939 0 
573 -0.149726 -0.3651 0 
574 -0.149743 -0.329318 0 
575 -0.149789 -0.293531 0 
576 -0.149825 -0.257757 0 
577 -0.149893 -0.222007 0 
578 -0.14995 -0.186286 0 
579 -0.150032 -0.150544 0 
580 -0.150122 -0.114826 0 
581 -0.150276 -0.0791517 0 
582 -0.150438 -0.0434903 0 
583 -0.150654 -0.00785038 0 
584 -0.150903 0.0277469 0 
585 -0.1512 0.0632826 0 
586 -0.151542 0.0988084 0 
587 -0.151918 0.134274 0 
588 -0.152361 0.169779 0 
589 -0.152846 0.20518 0 
590 -0.15337 0.240628 0 
591 -0.153941 0.276067 0 
592 -0.154571 0.311507 0 
593 -0.155271 0.346942 0 
594 -0.156054 0.382401 0 
595 -0.156896 0.417855 0 
596 -0.157807 0.453315 0 
597 -0.158774 0.488785 0 
598 -0.159742 0.524363 0 
599 -0.160751 0.559937 0 
600 -0.16174 0.595659 0 
601 -0.162693 0.631492 0 
602 -0.163603 0.667401 0 
603 -0.16442 0.703508 0 
604 -0.165085 0.739822 0 
605 -0.165507 0.776306 0 
606 -0.165487 0.813012 0 
607 -0.164715 0.849895 0 
608 -0.162627 0.886687 0 
609 -0.15799 0.922876 0 
610 -0.148175 0.958162 0 
611 -0.112439 -0.646679 0 
612 -0.113568 -0.614937 0 
613 -0.113733 -0.579654 0 
614 -0.113677 -0.543961 0 
615 -0.113658 -0.50819 0 
616 -0.113627 -0.472401 0 
617 -0.113633 -0.436539 0 
618 -0.113665 -0.400738 0 
619 -0.113692 -0.364931 0 
620 -0.113703 -0.329104 0 
621 -0.113733 -0.293326 0 
622 -0.113763 -0.257574 0 
623 -0.113815 -0.221809 0 
624 -0.113889 -0.186082 0 
625 -0.113965 -0.150375 0 
626 -0.114065 -0.114649 0 
627 -0.114209 -0.0789414 0 
628 -0.114373 -0.0432581 0 
629 -0.114618 -0.00763025 0 
630 -0.114879 0.0279867 0 
631 -0.115189 0.0635674 0 
632 -0.115564 0.0991323 0 
633 -0.115975 0.134621 0 
634 -0.116442 0.170129 0 
635 -0.116983 0.205608 0 
636 -0.117577 0.241008 0 
637 -0.11821 0.276412 0 
638 -0.118924 0.311833 0 
639 -0.119696 0.347214 0 
640 -0.12048 0.382633 0 
641 -0.12136 0.418029 0 
642 -0.122247 0.453448 0 
643 -0.123138 0.488857 0 
644 -0.124091 0.524358 0 
645 -0.124972 0.559962 0 
646 -0.12584 0.59563 0 
647 -0.126648 0.631425 0 
648 -0.127382 0.667375 0 
649 -0.127968 0.703482 0 
650 -0.128352 0.739797 0 
651 -0.128425 0.776348 0 
652 -0.128025 0.8131 0 
653 -0.126884 0.85003 0 
654 -0.124584 0.886938 0 
655 -0.120361 0.923355 0 
656 -0.112417 0.958177 0 
657 -0.0768467 -0.64658 0 
658 -0.0777914 -0.614218 0 
659 -0.0777397 -0.579275 0 
660 -0.0776442 -0.543713 0 
661 -0.077612 -0.507953 0 
662 -0.0775902 -0.472137 0 
663 -0.0776174 -0.43632 0 
664 -0.0776067 -0.400498 0 
665 -0.0776264 -0.364712 0 
666 -0.077657 -0.328934 0 
667 -0.077681 -0.29312 0 
668 -0.0777323 -0.257331 0 
669 -0.0777649 -0.221614 0 
670 -0.0778238 -0.18586 0 
671 -0.0779037 -0.15015 0 
672 -0.0780184 -0.114426 0 
673 -0.0781368 -0.0787192 0 
674 -0.078329 -0.0430036 0 
675 -0.078553 -0.007357 0 
676 -0.0788259 0.0282873 0 
677 -0.0791574 0.0638892 0 
678 -0.0795454 0.0994611 0 
679 -0.0799903 0.13505 0 
680 -0.0805233 0.17055 0 
681 -0.081112 0.206026 0 
682 -0.0817432 0.241489 0 
683 -0.0824629 0.276861 0 
684 -0.083198 0.312249 0 
685 -0.0840058 0.347555 0 
686 -0.0848072 0.382911 0 
687 -0.0856564 0.418261 0 
688 -0.0864961 0.453612 0 
689 -0.0873451 0.489 0 
690 -0.0881666 0.524444 0 
691 -0.0889537 0.560006 0 
692 -0.0896614 0.595635 0 
693 -0.0903171 0.631445 0 
694 -0.0908481 0.667403 0 
695 -0.0912072 0.703498 0 
696 -0.0913267 0.739803 0 
697 -0.0911116 0.776331 0 
698 -0.0903879 0.813098 0 
699 -0.0889828 0.849998 0 
700 -0.0865715 0.886931 0 
701 -0.0826807 0.923604 0 
702 -0.0767496 0.958214 0 
703 -0.0411356 -0.646591 0 
704 -0.0416673 -0.613601 0 
705 -0.0416108 -0.578776 0 
706 -0.0415457 -0.543311 0 
707 -0.0415178 -0.507607 0 
708 -0.0415557 -0.471872 0 
709 -0.0415548 -0.436034 0 
710 -0.0415805 -0.400243 0 
711 -0.0415841 -0.36444 0 
712 -0.0416279 -0.328692 0 
713 -0.0416432 -0.292887 0 
714 -0.0416694 -0.25714 0 
715 -0.0417052 -0.221369 0 
716 -0.0417657 -0.185637 0 
717 -0.0418443 -0.149913 0 
718 -0.04193 -0.114169 0 
719 -0.0420751 -0.0784514 0 
720 -0.042256 -0.0427523 0 
721 -0.0424834 -0.00707693 0 
722 -0.0427426 0.0286233 0 
723 -0.0430951 0.0642653 0 
724 -0.0434976 0.0998779 0 
725 -0.0439906 0.135458 0 
726 -0.0445579 0.171018 0 
727 -0.0451839 0.2065 0 
728 -0.045897 0.24198 0 
729 -0.0466458 0.277344 0 
730 -0.0474157 0.312649 0 
731 -0.0482392 0.347959 0 
732 -0.0490264 0.383233 0 
733 -0.0498128 0.41849 0 
734 -0.0506 0.453788 0 
735 -0.0513633 0.489128 0 
736 -0.0520583 0.524576 0 
737 -0.0527082 0.560089 0 
738 -0.0532884 0.595691 0 
739 -0.0537651 0.6315 0 
740 -0.0541099 0.667428 0 
741 -0.0542563 0.703528 0 
742 -0.0541697 0.739827 0 
743 -0.0537222 0.776275 0 
744 -0.0527903 0.812983 0 
745 -0.0512479 0.84977 0 
746 -0.0489006 0.886558 0 
747 -0.0455585 0.923022 0 
748 -0.0411443 0.958161 0 
749 -0.00546679 -0.64638 0 
750 -0.0053702 -0.61318 0 
751 -0.00527919 -0.578281 0 
752 -0.00533873 -0.542859 0 
753 -0.00541472 -0.507235 0 
754 -0.00550221 -0.47154 0 
755 -0.00552471 -0.43575 0 
756 -0.00555778 -0.399972 0 
757 -0.00557663 -0.364218 0 
758 -0.00558605 -0.328435 0 
759 -0.00559387 -0.292663 0 
760 -0.0056075 -0.256878 0 
761 -0.00563827 -0.221114 0 
762 -0.00571944 -0.185388 0 
763 -0.00576203 -0.14964 0 
764 -0.00586895 -0.113885 0 
765 -0.00602734 -0.0781675 0 
766 -0.00618699 -0.0424694 0 
767 -0.00639095 -0.00676652 0 
768 -0.00668446 0.0289825 0 
769 -0.00700179 0.0646624 0 
770 -0.0074327 0.100325 0 
771 -0.00794399 0.135943 0 
772 -0.00856348 0.171529 0 
773 -0.00925905 0.207049 0 
774 -0.00996407 0.242477 0 
775 -0.0107988 0.277802 0 
776 -0.0115774 0.313093 0 
777 -0.012395 0.348342 0 
778 -0.0131571 0.383521 0 
779 -0.0138895 0.418771 0 
780 -0.0145704 0.454004 0 
781 -0.0152051 0.489309 0 
782 -0.015812 0.524677 0 
783 -0.0163075 0.560196 0 
784 -0.0167488 0.595805 0 
785 -0.0170836 0.631552 0 
786 -0.017249 0.667459 0 
787 -0.0172404 0.70355 0 
788 -0.0169839 0.739799 0 
789 -0.016384 0.776226 0 
790 -0.0153476 0.812807 0 
791 -0.0137841 0.849467 0 
792 -0.0116156 0.88611 0 
793 -0.00880397 0.922472 0 
794 -0.00547215 0.95813 0 
795 0.0302795 -0.646542 0 
796 0.0307454 -0.612376 0 
797 0.0307987 -0.577504 0 
798 0.0306966 -0.542274 0 
799 0.0305993 -0.506797 0 
800 0.0305123 -0.471205 0 
801 0.0304914 -0.435488 0 
802 0.0304589 -0.399722 0 
803 0.0304504 -0.363952 0 
804 0.0304608 -0.328195 0 
805 0.0304474 -0.292406 0 
806 0.0304376 -0.25664 0 
807 0.0303932 -0.220859 0 
808 0.0303531 -0.185122 0 
809 0.0302731 -0.14936 0 
810 0.0301714 -0.113629 0 
811 0.030032 -0.0778898 0 
812 0.0298926 -0.0421223 0 
813 0.0296857 -0.00639348 0 
814 0.0294167 0.0293444 0 
815 0.0290796 0.0650605 0 
816 0.0286658 0.100816 0 
817 0.0281329 0.136475 0 
818 0.0274746 0.172095 0 
819 0.0267294 0.207583 0 
820 0.0259469 0.243013 0 
821 0.0251197 0.278326 0 
822 0.0242858 0.313546 0 
823 0.0235295 0.348664 0 
824 0.0228015 0.383854 0 
825 0.0221544 0.419018 0 
826 0.0215729 0.454197 0 
827 0.0210542 0.489481 0 
828 0.0205817 0.524813 0 
829 0.0201943 0.560285 0 
830 0.0198993 0.59588 0 
831 0.0197097 0.631651 0 
832 0.0196633 0.66756 0 
833 0.0198006 0.703583 0 
834 0.0201652 0.739772 0 
835 0.0208492 0.776139 0 
836 0.0219064 0.812632 0 
837 0.0233903 0.849182 0 
838 0.0253257 0.8857 0 
839 0.0276628 0.922062 0 
840 0.0302244 0.958117 0 
841 0.068364 -1.00131 0 
842 0.0651827 -0.966842 0 
843 0.0654529 -0.932142 0 
844 0.0657921 -0.896091 0 
845 0.0658341 -0.860489 0 
846 0.0658303 -0.824883 0 
847 0.0658323 -0.789229 0 
848 0.0658998 -0.753642 0 
849 0.0660199 -0.717915 0 
850 0.066 -0.682086 0 
851 0.0658514 -0.646525 0 
852 0.0662781 -0.61152 0 
853 0.0663786 -0.576781 0 
854 0.0664001 -0.541783 0 
855 0.0664278 -0.506456 0 
856 0.0664435 -0.470914 0 
857 0.066458 -0.435226 0 
858 0.0664665 -0.39948 0 
859 0.0664668 -0.363703 0 
860 0.0664733 -0.327936 0 
861 0.0664742 -0.292151 0 
862 0.066472 -0.256377 0 
863 0.0664342 -0.220584 0 
864 0.066379 -0.184833 0 
865 0.066288 -0.14911 0 
866 0.0661933 -0.113346 0 
867 0.0660742 -0.0775965 0 
868 0.0659143 -0.0417978 0 
869 0.0657411 -0.0060449 0 
870 0.0655196 0.0297375 0 
871 0.065178 0.0654824 0 
872 0.0647678 0.10127 0 
873 0.0642296 0.137037 0 
874 0.0635404 0.17265 0 
875 0.0627579 0.208172 0 
876 0.0619096 0.243584 0 
877 0.0610238 0.27884 0 
878 0.0602209 0.313967 0 
879 0.0594792 0.349037 0 
880 0.0588291 0.384127 0 
881 0.0582994 0.419251 0 
882 0.0578174 0.454373 0 
883 0.0574182 0.489621 0 
884 0.0570629 0.524949 0 
885 0.0567907 0.560402 0 
886 0.0566234 0.595996 0 
887 0.0565567 0.631749 0 
888 0.0565982 0.667585 0 
889 0.0567954 0.70363 0 
890 0.057226 0.739794 0 
891 0.057927 0.776085 0 
892 0.0589425 0.812517 0 
893 0.0602812 0.84898 0 
894 0.0619506 0.885427 0 
895 0.0638769 0.921846 0 
896 0.0658931 0.958119 0 
897 0.102313 -1.00428 0 
898 0.0941392 -0.970362 0 
899 0.0936881 -0.936055 0 
900 0.0936309 -0.89869 0 
901 0.0942692 -0.862422 0 
902 0.0948605 -0.826049 0 
903 0.096042 -0.789746 0 
904 0.0975785 -0.753795 0 
905 0.0984044 -0.718108 0 
906 0.0989174 -0.681596 0 
907 0.0980532 -0.644629 0 
908 0.100066 -0.61026 0 
909 0.101089 -0.576198 0 
910 0.10168 -0.541507 0 
911 0.102029 -0.506315 0 
912 0.102252 -0.470765 0 
913 0.102387 -0.435044 0 
914 0.102442 -0.399275 0 
915 0.102458 -0.363471 0 
916 0.102453 -0.327694 0 
917 0.102476 -0.291886 0 
918 0.102437 -0.256128 0 
919 0.102417 -0.220343 0 
920 0.102365 -0.184554 0 
921 0.102284 -0.148818 0 
922 0.102153 -0.113042 0 
923 0.102052 -0.07728 0 
924 0.101922 -0.0414863 0 
925 0.101765 -0.00570094 0 
926 0.101575 0.0300813 0 
927 0.101283 0.0659023 0 
928 0.100915 0.101747 0 
929 0.100368 0.137531 0 
930 0.099672 0.17325 0 
931 0.0988206 0.20881 0 
932 0.0978747 0.244153 0 
933 0.0969518 0.279298 0 
934 0.0961586 0.31438 0 
935 0.0954699 0.349345 0 
936 0.0949403 0.384362 0 
937 0.0944913 0.419436 0 
938 0.0941623 0.454528 0 
939 0.0938647 0.48978 0 
940 0.0936492 0.525088 0 
941 0.0934856 0.560537 0 
942 0.0933939 0.596107 0 
943 0.0933916 0.63182 0 
944 0.0935067 0.667695 0 
945 0.093763 0.703676 0 
946 0.0942038 0.739851 0 
947 0.0948561 0.776108 0 
948 0.095775 0.812454 0 
949 0.0969474 0.848851 0 
950 0.0983671 0.885248 0 
951 0.0999717 0.921714 0 
952 0.101574 0.95812 0 
953 0.136378 -1.00397 0 
954 0.128922 -0.969642 0 
955 0.125543 -0.935835 0 
956 0.125503 -0.899952 0 
957 0.126284 -0.863525 0 
958 0.127434 -0.827098 0 
959 0.128949 -0.790747 0 
960 0.130554 -0.754702 0 
961 0.131708 -0.718801 0 
962 0.132508 -0.682696 0 
963 0.133075 -0.646757 0 
964 0.134353 -0.611679 0 
965 0.135692 -0.576858 0 
966 0.136753 -0.54186 0 
967 0.137541 -0.506518 0 
968 0.138031 -0.470784 0 
969 0.138256 -0.434943 0 
970 0.138342 -0.399096 0 
971 0.13839 -0.36324 0 
972 0.138395 -0.327425 0 
973 0.138402 -0.291625 0 
974 0.138395 -0.255833 0 
975 0.138352 -0.220053 0 
976 0.138275 -0.184288 0 
977 0.138164 -0.148517 0 
978 0.138054 -0.112724 0 
979 0.137945 -0.0769786 0 
980 0.137845 -0.0412359 0 
981 0.137728 -0.00540817 0 
982 0.137574 0.0304152 0 
983 0.137366 0.0662641 0 
984 0.137066 0.102161 0 
985 0.136564 0.138047 0 
986 0.135859 0.173882 0 
987 0.134919 0.209444 0 
988 0.133849 0.244734 0 
989 0.132861 0.279712 0 
990 0.132108 0.314675 0 
991 0.131522 0.349592 0 
992 0.131113 0.384534 0 
993 0.130792 0.419592 0 
994 0.130558 0.45467 0 
995 0.130411 0.489909 0 
996 0.130285 0.525208 0 
997 0.130219 0.560669 0 
998 0.13022 0.596221 0 
999 0.130243 0.631933 0 
1000 0.130402 0.667829 0 
1001 0.130658 0.703792 0 
1002 0.13108 0.739918 0 
1003 0.131662 0.77614 0 
1004 0.132443 0.812439 0 
1005 0.133424 0.848824 0 
1006 0.134573 0.885192 0 
1007 0.135869 0.921612 0 
1008 0.13725 0.958083 0 
1009 0.172824 -1.00341 0 
1010 0.165333 -0.968921 0 
1011 0.161477 -0.934936 0 
1012 0.160314 -0.899924 0 
1013 0.160699 -0.864034 0 
1014 0.161743 -0.82784 0 
1015 0.163077 -0.791647 0 
1016 0.16448 -0.755566 0 
1017 0.165673 -0.719611 0 
1018 0.166647 -0.683705 0 
1019 0.167555 -0.64807 0 
1020 0.168781 -0.612804 0 
1021 0.170253 -0.577713 0 
1022 0.171746 -0.542489 0 
1023 0.173004 -0.506873 0 
1024 0.173731 -0.470914 0 
1025 0.174055 -0.434878 0 
1026 0.174186 -0.398877 0 
1027 0.174208 -0.362979 0 
1028 0.174217 -0.327127 0 
1029 0.17423 -0.291315 0 
1030 0.174232 -0.255541 0 
1031 0.174171 -0.219747 0 
1032 0.174076 -0.183976 0 
1033 0.173959 -0.148217 0 
1034 0.173826 -0.112473 0 
1035 0.173719 -0.0767085 0 
1036 0.173647 -0.0409471 0 
1037 0.173564 -0.00515801 0 
1038 0.173496 0.0306474 0 
1039 0.173381 0.0665476 0 
1040 0.173206 0.102491 0 
1041 0.17279 0.138509 0 
1042 0.172101 0.174498 0 
1043 0.171038 0.210109 0 
1044 0.169816 0.245188 0 
1045 0.168756 0.279994 0 
1046 0.168054 0.314852 0 
1047 0.167608 0.349725 0 
1048 0.167338 0.384623 0 
1049 0.167183 0.419677 0 
1050 0.167069 0.45479 0 
1051 0.167015 0.490028 0 
1052 0.166993 0.52536 0 
1053 0.167009 0.560811 0 
1054 0.167031 0.596375 0 
1055 0.167113 0.632083 0 
1056 0.167253 0.667967 0 
1057 0.167494 0.703925 0 
1058 0.167852 0.740042 0 
1059 0.168359 0.776253 0 
1060 0.169003 0.812571 0 
1061 0.169782 0.848892 0 
1062 0.170686 0.885232 0 
1063 0.171728 0.921669 0 
1064 0.172911 0.958132 0 
1065 0.208552 -1.00333 0 
1066 0.202208 -0.968923 0 
1067 0.198455 -0.93473 0 
1068 0.196835 -0.899878 0 
1069 0.196657 -0.864329 0 
1070 0.197269 -0.828373 0 
1071 0.198267 -0.792274 0 
1072 0.199347 -0.756217 0 
1073 0.200381 -0.720262 0 
1074 0.20127 -0.684415 0 
1075 0.202199 -0.648773 0 
1076 0.203297 -0.613407 0 
1077 0.204737 -0.578225 0 
1078 0.206619 -0.543025 0 
1079 0.208525 -0.507253 0 
1080 0.209441 -0.47089 0 
1081 0.209752 -0.434615 0 
1082 0.209815 -0.39855 0 
1083 0.209842 -0.362619 0 
1084 0.209839 -0.326775 0 
1085 0.20984 -0.291 0 
1086 0.209868 -0.255209 0 
1087 0.209823 -0.219434 0 
1088 0.209716 -0.183683 0 
1089 0.209547 -0.147935 0 
1090 0.20941 -0.112213 0 
1091 0.20931 -0.0764332 0 
1092 0.209261 -0.0407231 0 
1093 0.209252 -0.00494592 0 
1094 0.209236 0.0308363 0 
1095 0.209194 0.0666867 0 
1096 0.209236 0.102668 0 
1097 0.209016 0.138772 0 
1098 0.208412 0.175037 0 
1099 0.207247 0.210699 0 
1100 0.20569 0.245466 0 
1101 0.204598 0.28008 0 
1102 0.203993 0.314825 0 
1103 0.203712 0.349661 0 
1104 0.203645 0.384652 0 
1105 0.203642 0.419735 0 
1106 0.203685 0.454883 0 
1107 0.203722 0.490147 0 
1108 0.203771 0.525511 0 
1109 0.203793 0.560941 0 
1110 0.203859 0.596549 0 
1111 0.203937 0.632267 0 
1112 0.204081 0.668116 0 
1113 0.20429 0.704118 0 
1114 0.204581 0.740236 0 
1115 0.204973 0.776459 0 
1116 0.20547 0.812735 0 
1117 0.206086 0.84907 0 
1118 0.206782 0.885409 0 
1119 0.207596 0.921767 0 
1120 0.208575 0.958132 0 
1121 0.244176 -1.00328 0 
1122 0.238952 -0.969162 0 
1123 0.235627 -0.93493 0 
1124 0.233943 -0.900076 0 
1125 0.233431 -0.864621 0 
1126 0.233647 -0.82878 0 
1127 0.234267 -0.792748 0 
1128 0.235033 -0.756687 0 
1129 0.235809 -0.720682 0 
1130 0.236544 -0.684785 0 
1131 0.237263 -0.649006 0 
1132 0.238083 -0.613397 0 
1133 0.239254 -0.577974 0 
1134 0.241196 -0.542769 0 
1135 0.244359 -0.507296 0 
1136 0.24508 -0.470346 0 
1137 0.245176 -0.433909 0 
1138 0.245146 -0.397955 0 
1139 0.245118 -0.362087 0 
1140 0.245102 -0.326311 0 
1141 0.245131 -0.290579 0 
1142 0.245192 -0.254871 0 
1143 0.245133 -0.219083 0 
1144 0.245035 -0.183359 0 
1145 0.244879 -0.147644 0 
1146 0.244757 -0.111923 0 
1147 0.244684 -0.0762316 0 
1148 0.244666 -0.0405308 0 
1149 0.244725 -0.00483731 0 
1150 0.244723 0.0309293 0 
1151 0.244777 0.0666932 0 
1152 0.244957 0.102633 0 
1153 0.244951 0.138689 0 
1154 0.244665 0.175303 0 
1155 0.2437 0.210962 0 
1156 0.241467 0.24517 0 
1157 0.240326 0.279742 0 
1158 0.239929 0.314606 0 
1159 0.23992 0.349554 0 
1160 0.240033 0.38459 0 
1161 0.24019 0.419743 0 
1162 0.240353 0.454972 0 
1163 0.240488 0.490255 0 
1164 0.240555 0.525652 0 
1165 0.240631 0.561123 0 
1166 0.240672 0.59673 0 
1167 0.240748 0.63249 0 
1168 0.240835 0.668335 0 
1169 0.241007 0.704339 0 
1170 0.241237 0.740486 0 
1171 0.241533 0.776674 0 
1172 0.241928 0.812979 0 
1173 0.242379 0.849321 0 
1174 0.242889 0.885695 0 
1175 0.24347 0.921965 0 
1176 0.244216 0.958125 0 
1177 0.279893 -1.00325 0 
1178 0.275642 -0.969676 0 
1179 0.272781 -0.935436 0 
1180 0.2712 -0.900487 0 
1181 0.270558 -0.864997 0 
1182 0.270522 -0.829136 0 
1183 0.270841 -0.793113 0 
1184 0.27132 -0.75702 0 
1185 0.27187 -0.720956 0 
1186 0.272434 -0.684953 0 
1187 0.272964 -0.648942 0 
1188 0.2735 -0.612997 0 
1189 0.274235 -0.576961 0 
1190 0.275629 -0.540286 0 
1191 0.279903 -0.503953 0 
1192 0.279883 -0.468371 0 
1193 0.279885 -0.43269 0 
1194 0.279888 -0.397036 0 
1195 0.279886 -0.361371 0 
1196 0.279879 -0.32572 0 
1197 0.279873 -0.290059 0 
1198 0.279864 -0.254411 0 
1199 0.27976 -0.21874 0 
1200 0.279793 -0.182997 0 
1201 0.279863 -0.147342 0 
1202 0.279865 -0.111685 0 
1203 0.279873 -0.0760377 0 
1204 0.279865 -0.0403805 0 
1205 0.27984 -0.0047014 0 
1206 0.279879 0.0309573 0 
1207 0.27988 0.0666095 0 
1208 0.279833 0.10229 0 
1209 0.279897 0.137956 0 
1210 0.279879 0.173577 0 
1211 0.279953 0.209184 0 
1212 0.27705 0.243687 0 
1213 0.275988 0.279026 0 
1214 0.275947 0.314183 0 
1215 0.276218 0.349295 0 
1216 0.276561 0.38447 0 
1217 0.276857 0.419716 0 
1218 0.277108 0.455024 0 
1219 0.277283 0.490381 0 
1220 0.277392 0.525823 0 
1221 0.277443 0.561332 0 
1222 0.277472 0.596977 0 
1223 0.277515 0.632711 0 
1224 0.277569 0.668613 0 
1225 0.277661 0.704607 0 
1226 0.277815 0.74073 0 
1227 0.278046 0.77696 0 
1228 0.278349 0.813283 0 
1229 0.278686 0.849644 0 
1230 0.279044 0.886005 0 
1231 0.279441 0.922253 0 
1232 0.2799 0.958118 0 
1233 0.315575 -1.00325 0 
1234 0.312159 -0.970382 0 
1235 0.309812 -0.936147 0 
1236 0.30845 -0.901082 0 
1237 0.307794 -0.865459 0 
1238 0.307621 -0.829517 0 
1239 0.307712 -0.793402 0 
1240 0.308009 -0.757241 0 
1241 0.308395 -0.721116 0 
1242 0.308833 -0.684996 0 
1243 0.309294 -0.648862 0 
1244 0.309772 -0.612704 0 
1245 0.310372 -0.576533 0 
1246 0.311458 -0.540393 0 
1247 0.315424 -0.50403 0 
1248 0.315425 0.209259 0 
1249 0.312518 0.243611 0 
1250 0.311955 0.278665 0 
1251 0.312243 0.313737 0 
1252 0.312755 0.348969 0 
1253 0.313251 0.384267 0 
1254 0.313647 0.419637 0 
1255 0.313947 0.455062 0 
1256 0.314117 0.490511 0 
1257 0.314223 0.526016 0 
1258 0.314263 0.561581 0 
1259 0.314248 0.597243 0 
1260 0.314218 0.633024 0 
1261 0.314196 0.668942 0 
1262 0.31423 0.704917 0 
1263 0.314306 0.741002 0 
1264 0.314474 0.777232 0 
1265 0.314734 0.813603 0 
1266 0.315002 0.850018 0 
1267 0.315262 0.886406 0 
1268 0.315453 0.922612 0 
1269 0.315559 0.958117 0 
1270 0.351237 -1.00327 0 
1271 0.348527 -0.971263 0 
1272 0.346673 -0.93708 0 
1273 0.345607 -0.901778 0 
1274 0.344998 -0.865948 0 
1275 0.344739 -0.829839 0 
1276 0.34474 -0.793647 0 
1277 0.344918 -0.75743 0 
1278 0.345187 -0.721202 0 
1279 0.345556 -0.684991 0 
1280 0.346017 -0.648769 0 
1281 0.346596 -0.612528 0 
1282 0.347384 -0.576201 0 
1283 0.34869 -0.539891 0 
1284 0.351153 -0.504106 0 
1285 0.351186 0.20926 0 
1286 0.34832 0.243626 0 
1287 0.348286 0.278151 0 
1288 0.348899 0.313136 0 
1289 0.349559 0.348431 0 
1290 0.350124 0.383894 0 
1291 0.350569 0.419475 0 
1292 0.350865 0.455064 0 
1293 0.351015 0.490652 0 
1294 0.351054 0.526237 0 
1295 0.351023 0.561885 0 
1296 0.350932 0.597601 0 
1297 0.35081 0.633384 0 
1298 0.350728 0.669286 0 
1299 0.350667 0.705252 0 
1300 0.350679 0.741343 0 
1301 0.350808 0.777533 0 
1302 0.351043 0.813879 0 
1303 0.351331 0.85035 0 
1304 0.351571 0.886858 0 
1305 0.351595 0.923104 0 
1306 0.351269 0.958127 0 
1307 0.386885 -1.00326 0 
1308 0.384688 -0.972236 0 
1309 0.383411 -0.938116 0 
1310 0.382605 -0.902601 0 
1311 0.382107 -0.866482 0 
1312 0.38184 -0.83019 0 
1313 0.381776 -0.793866 0 
1314 0.381846 -0.757524 0 
1315 0.382065 -0.721248 0 
1316 0.382399 -0.684923 0 
1317 0.382851 -0.64869 0 
1318 0.38346 -0.612444 0 
1319 0.384264 -0.576189 0 
1320 0.385381 -0.540019 0 
1321 0.386867 -0.504044 0 
1322 0.386842 0.209252 0 
1323 0.385814 0.24273 0 
1324 0.385749 0.277148 0 
1325 0.386204 0.312211 0 
1326 0.386792 0.347682 0 
1327 0.387282 0.383409 0 
1328 0.38764 0.419244 0 
1329 0.387819 0.455048 0 
1330 0.387868 0.490796 0 
1331 0.387843 0.526504 0 
1332 0.387687 0.562233 0 
1333 0.387481 0.59801 0 
1334 0.38728 0.633825 0 
1335 0.387087 0.669704 0 
1336 0.386941 0.70566 0 
1337 0.386895 0.741714 0 
1338 0.386969 0.777841 0 
1339 0.387212 0.814147 0 
1340 0.387572 0.850624 0 
1341 0.387935 0.887287 0 
1342 0.38794 0.923754 0 
1343 0.386896 0.958171 0 
1344 0.422544 -1.00327 0 
1345 0.420864 -0.973753 0 
1346 0.420027 -0.93937 0 
1347 0.419513 -0.903455 0 
1348 0.419125 -0.86702 0 
1349 0.418842 -0.830516 0 
1350 0.41873 -0.794037 0 
1351 0.418743 -0.757601 0 
1352 0.418929 -0.721217 0 
1353 0.419209 -0.684855 0 
1354 0.41962 -0.648587 0 
1355 0.420205 -0.612367 0 
1356 0.420914 -0.576133 0 
1357 0.421769 -0.539975 0 
1358 0.422555 -0.504044 0 
1359 0.422498 0.209238 0 
1360 0.423033 0.242029 0 
1361 0.423317 0.276013 0 
1362 0.423806 0.311029 0 
1363 0.424327 0.346778 0 
1364 0.424664 0.382837 0 
1365 0.424788 0.418989 0 
1366 0.424789 0.45508 0 
1367 0.424668 0.490979 0 
1368 0.424491 0.52687 0 
1369 0.424192 0.562698 0 
1370 0.423858 0.598528 0 
1371 0.423531 0.634343 0 
1372 0.423256 0.670255 0 
1373 0.423031 0.7062 0 
1374 0.422879 0.742151 0 
1375 0.422905 0.778162 0 
1376 0.423143 0.814348 0 
1377 0.423572 0.850801 0 
1378 0.4241 0.887543 0 
1379 0.424413 0.924194 0 
1380 0.422546 0.958234 0 
1381 0.458182 -1.00327 0 
1382 0.457226 -0.975277 0 
1383 0.456792 -0.940667 0 
1384 0.456401 -0.904276 0 
1385 0.456019 -0.867526 0 
1386 0.455714 -0.830747 0 
1387 0.455584 -0.794133 0 
1388 0.455549 -0.757603 0 
1389 0.455691 -0.721121 0 
1390 0.455948 -0.684735 0 
1391 0.456321 -0.6484 0 
1392 0.456792 -0.612155 0 
1393 0.457347 -0.575989 0 
1394 0.457927 -0.539884 0 
1395 0.458229 -0.503993 0 
1396 0.458257 0.209136 0 
1397 0.460773 0.241234 0 
1398 0.461052 0.274721 0 
1399 0.461584 0.309789 0 
1400 0.461999 0.34599 0 
1401 0.46202 0.382437 0 
1402 0.461793 0.418953 0 
1403 0.461443 0.455302 0 
1404 0.461102 0.491392 0 
1405 0.460795 0.527401 0 
1406 0.460385 0.563337 0 
1407 0.459883 0.599241 0 
1408 0.459453 0.635014 0 
1409 0.459131 0.670903 0 
1410 0.458853 0.706833 0 
1411 0.458611 0.742689 0 
1412 0.458559 0.778566 0 
1413 0.458752 0.814561 0 
1414 0.459097 0.850836 0 
1415 0.459639 0.887533 0 
1416 0.460249 0.923947 0 
1417 0.458198 0.958236 0 
1418 0.493861 -1.00328 0 
1419 0.494052 -0.976699 0 
1420 0.493707 -0.941695 0 
1421 0.49327 -0.90491 0 
1422 0.492822 -0.867887 0 
1423 0.492476 -0.830906 0 
1424 0.492275 -0.794126 0 
1425 0.492249 -0.757502 0 
1426 0.492351 -0.720978 0 
1427 0.492597 -0.684518 0 
1428 0.492884 -0.64814 0 
1429 0.4933 -0.611836 0 
1430 0.493698 -0.575639 0 
1431 0.494026 -0.53963 0 
1432 0.493885 -0.503964 0 
1433 0.493814 0.209031 0 
1434 0.498818 0.241098 0 
1435 0.498138 0.274086 0 
1436 0.498805 0.30953 0 
1437 0.498997 0.346523 0 
1438 0.498302 0.382995 0 
1439 0.497861 0.419863 0 
1440 0.497006 0.456257 0 
1441 0.496546 0.492375 0 
1442 0.496303 0.528323 0 
1443 0.495888 0.564236 0 
1444 0.49524 0.600202 0 
1445 0.494858 0.635931 0 
1446 0.494583 0.671672 0 
1447 0.494343 0.70758 0 
1448 0.494099 0.743365 0 
1449 0.494002 0.779078 0 
1450 0.494083 0.814879 0 
1451 0.494194 0.850913 0 
1452 0.49443 0.887472 0 
1453 0.495826 0.923738 0 
1454 0.493824 0.958377 0 
1455 0.529478 -1.00332 0 
1456 0.530974 -0.977037 0 
1457 0.530645 -0.942054 0 
1458 0.530004 -0.905135 0 
1459 0.529451 -0.867954 0 
1460 0.52905 -0.830853 0 
1461 0.528835 -0.793986 0 
1462 0.528807 -0.757264 0 
1463 0.5289 -0.720703 0 
1464 0.529125 -0.684206 0 
1465 0.529423 -0.647748 0 
1466 0.529747 -0.611375 0 
1467 0.530069 -0.575113 0 
1468 0.530149 -0.539151 0 
1469 0.529573 -0.503954 0 
1470 0.528954 0.209694 0 
1471 0.529739 0.245385 0 
1472 0.529761 0.280245 0 
1473 0.529623 0.316173 0 
1474 0.5296 0.351859 0 
1475 0.529554 0.387468 0 
1476 0.52957 0.423164 0 
1477 0.529547 0.45879 0 
1478 0.529544 0.494453 0 
1479 0.529549 0.530105 0 
1480 0.529524 0.565727 0 
1481 0.529466 0.601377 0 
1482 0.529461 0.637056 0 
1483 0.529429 0.672714 0 
1484 0.529362 0.708406 0 
1485 0.529413 0.74411 0 
1486 0.529413 0.779775 0 
1487 0.529424 0.815458 0 
1488 0.529418 0.851111 0 
1489 0.529572 0.887115 0 
1490 0.529798 0.922095 0 
1491 0.528961 0.957713 0 
1492 0.565122 -1.00335 0 
1493 0.567935 -0.976525 0 
1494 0.567217 -0.941712 0 
1495 0.566367 -0.904872 0 
1496 0.565746 -0.867661 0 
1497 0.565373 -0.830519 0 
1498 0.565196 -0.793608 0 
1499 0.56517 -0.756876 0 
1500 0.565299 -0.720317 0 
1501 0.565549 -0.68379 0 
1502 0.565884 -0.647297 0 
1503 0.566245 -0.61082 0 
1504 0.566562 -0.574382 0 
1505 0.566531 -0.538326 0 
1506 0.565157 -0.503874 0 
1507 0.60095 -1.00356 0 
1508 0.604264 -0.975445 0 
1509 0.602925 -0.940777 0 
1510 0.602105 -0.904024 0 
1511 0.601639 -0.866784 0 
1512 0.601368 -0.829708 0 
1513 0.601274 -0.792847 0 
1514 0.601304 -0.756201 0 
1515 0.6015 -0.719719 0 
1516 0.601764 -0.683269 0 
1517 0.602135 -0.646873 0 
1518 0.602616 -0.610333 0 
1519 0.603 -0.573708 0 
1520 0.602966 -0.53788 0 
1521 0.600928 -0.503831 0 
1522 0.636182 -1.00353 0 
1523 0.639478 -0.973593 0 
1524 0.637746 -0.939102 0 
1525 0.637299 -0.902017 0 
1526 0.637059 -0.864784 0 
1527 0.636962 -0.828034 0 
1528 0.637 -0.791495 0 
1529 0.637016 -0.755156 0 
1530 0.637225 -0.718939 0 
1531 0.637552 -0.682706 0 
1532 0.637821 -0.646591 0 
1533 0.638419 -0.610313 0 
1534 0.638584 -0.573596 0 
1535 0.638385 -0.537166 0 
1536 0.636245 -0.503807 0 
1537 0.671046 -1.00233 0 
1538 0.672537 -0.96623 0 
1539 0.672656 -0.932823 0 
1540 0.67226 -0.896342 0 
1541 0.672201 -0.860567 0 
1542 0.672178 -0.824953 0 
1543 0.672188 -0.789253 0 
1544 0.672155 -0.753599 0 
1545 0.672168 -0.717926 0 
1546 0.672186 -0.68227 0 
1547 0.672176 -0.646602 0 
1548 0.672223 -0.610979 0 
1549 0.672249 -0.575284 0 
1550 0.672306 -0.53976 0 
1551 0.671826 -0.504325 0 
