0 -0.718592 -0.646612 0 
1 -0.718592 -0.610952 0 
2 -0.718592 -0.575292 0 
3 -0.718592 -0.539632 0 
4 -0.718592 -0.503972 0 
5 -0.718592 -0.468312 0 
6 -0.718592 -0.432652 0 
7 -0.718592 -0.396992 0 
8 -0.718592 -0.361332 0 
9 -0.718592 -0.325672 0 
10 -0.718592 -0.290012 0 
11 -0.718592 -0.254352 0 
12 -0.718592 -0.218692 0 
13 -0.718592 -0.183032 0 
14 -0.718592 -0.147372 0 
15 -0.718592 -0.111712 0 
16 -0.718592 -0.0760524 0 
17 -0.718592 -0.0403924 0 
18 -0.718592 -0.00473244 0 
19 -0.718592 0.0309276 0 
20 -0.718592 0.0665876 0 
21 -0.718592 0.102248 0 
22 -0.718592 0.137908 0 
23 -0.718592 0.173568 0 
24 -0.718592 0.209228 0 
25 -0.718592 0.244888 0 
26 -0.718592 0.280547 0 
27 -0.682932 -0.646612 0 
28 -0.653355 -0.631501 0 
29 -0.723559 -0.574014 0 
30 -0.642587 -0.556993 0 
31 -0.729386 -0.466025 0 
32 -0.688379 -0.352 0 
33 -0.661046 -0.464634 0 
34 -0.714336 -0.420944 0 
35 -0.751602 -0.411952 0 
36 -0.651338 -0.313326 0 
37 -0.787978 -0.328735 0 
38 -0.672011 -0.18707 0 
39 -0.688679 -0.187371 0 
40 -0.681616 -0.249098 0 
41 -0.675276 -0.190293 0 
42 -0.700719 -0.0794621 0 
43 -0.627129 -0.145728 0 
44 -0.719065 -0.0531208 0 
45 -0.669084 -0.0354962 0 
46 -0.728232 0.0477156 0 
47 -0.701601 0.0902005 0 
48 -0.691572 0.197143 0 
49 -0.672687 0.200633 0 
50 -0.630957 0.186902 0 
51 -0.713718 0.240492 0 
52 -0.63947 0.271104 0 
53 -0.682932 0.280547 0 
54 -0.647272 -0.646612 0 
55 -0.64625 -0.601715 0 
56 -0.623923 -0.570807 0 
57 -0.604392 -0.510079 0 
58 -0.671799 -0.480466 0 
59 -0.670438 -0.495064 0 
60 -0.67941 -0.429627 0 
61 -0.672008 -0.450022 0 
62 -0.669516 -0.351249 0 
63 -0.635268 -0.296727 0 
64 -0.701984 -0.321317 0 
65 -0.640258 -0.310328 0 
66 -0.634322 -0.110817 0 
67 -0.652626 -0.198613 0 
68 -0.632492 -0.190854 0 
69 -0.644958 -0.0684899 0 
70 -0.653341 -0.100464 0 
71 -0.570216 -0.0294773 0 
72 -0.657104 -0.0503889 0 
73 -0.616588 0.0404548 0 
74 -0.648278 0.0363077 0 
75 -0.603285 0.123016 0 
76 -0.652865 0.105098 0 
77 -0.623965 0.22467 0 
78 -0.67615 0.131206 0 
79 -0.610692 0.247758 0 
80 -0.647272 0.280547 0 
81 -0.611612 -0.646612 0 
82 -0.58379 -0.667764 0 
83 -0.637268 -0.578771 0 
84 -0.575293 -0.577797 0 
85 -0.588735 -0.561868 0 
86 -0.637614 -0.404937 0 
87 -0.669323 -0.419148 0 
88 -0.557049 -0.375465 0 
89 -0.596218 -0.38226 0 
90 -0.574143 -0.299492 0 
91 -0.637942 -0.292802 0 
92 -0.637162 -0.221771 0 
93 -0.631727 -0.267449 0 
94 -0.636888 -0.197127 0 
95 -0.664616 -0.136448 0 
96 -0.68381 -0.0947585 0 
97 -0.610272 -0.121005 0 
98 -0.615702 -0.0352811 0 
99 -0.561692 0.0411315 0 
100 -0.615937 0.00427546 0 
101 -0.567339 0.0606272 0 
102 -0.640942 0.11432 0 
103 -0.494979 0.0776074 0 
104 -0.66824 0.161072 0 
105 -0.607538 0.226468 0 
106 -0.630876 0.291398 0 
107 -0.611612 0.280547 0 
108 -0.575952 -0.646612 0 
109 -0.578432 -0.594158 0 
110 -0.546807 -0.687377 0 
111 -0.587873 -0.492757 0 
112 -0.521971 -0.529093 0 
113 -0.60256 -0.466349 0 
114 -0.596376 -0.469165 0 
115 -0.562661 -0.470776 0 
116 -0.609657 -0.368957 0 
117 -0.594414 -0.295437 0 
118 -0.538493 -0.317972 0 
119 -0.643962 -0.260942 0 
120 -0.570886 -0.202022 0 
121 -0.626875 -0.16329 0 
122 -0.532076 -0.161671 0 
123 -0.542063 -0.1482 0 
124 -0.58563 -0.0205877 0 
125 -0.621823 -0.0542209 0 
126 -0.504699 0.000731326 0 
127 -0.556885 0.0623995 0 
128 -0.575267 0.0360129 0 
129 -0.632051 0.11489 0 
130 -0.548747 0.202788 0 
131 -0.491297 0.162179 0 
132 -0.612796 0.190637 0 
133 -0.55955 0.172624 0 
134 -0.575952 0.280547 0 
135 -0.540292 -0.646612 0 
136 -0.558785 -0.604965 0 
137 -0.580908 -0.589666 0 
138 -0.605468 -0.545165 0 
139 -0.555088 -0.504227 0 
140 -0.597071 -0.523948 0 
141 -0.522483 -0.352039 0 
142 -0.568862 -0.348627 0 
143 -0.609599 -0.309252 0 
144 -0.569999 -0.291296 0 
145 -0.540361 -0.358157 0 
146 -0.53092 -0.292438 0 
147 -0.576379 -0.157289 0 
148 -0.598252 -0.130679 0 
149 -0.55313 -0.134764 0 
150 -0.510128 -0.139441 0 
151 -0.554989 -0.145023 0 
152 -0.543116 0.030904 0 
153 -0.576525 -0.00657464 0 
154 -0.555012 0.0384822 0 
155 -0.576022 -0.0267017 0 
156 -0.55863 0.10334 0 
157 -0.476267 0.0630892 0 
158 -0.539917 0.175707 0 
159 -0.505729 0.208673 0 
160 -0.582213 0.201088 0 
161 -0.540292 0.280547 0 
162 -0.504632 -0.646612 0 
163 -0.476474 -0.58896 0 
164 -0.490256 -0.581537 0 
165 -0.500878 -0.54116 0 
166 -0.489698 -0.459553 0 
167 -0.527433 -0.525494 0 
168 -0.484613 -0.406588 0 
169 -0.475303 -0.439669 0 
170 -0.507382 -0.353801 0 
171 -0.491411 -0.363299 0 
172 -0.532692 -0.261259 0 
173 -0.534762 -0.26575 0 
174 -0.565538 -0.217931 0 
175 -0.483133 -0.158632 0 
176 -0.518088 -0.162105 0 
177 -0.475618 -0.162085 0 
178 -0.500392 -0.055569 0 
179 -0.529809 -0.030783 0 
180 -0.432972 -0.0471273 0 
181 -0.522754 0.0240877 0 
182 -0.5331 0.0564036 0 
183 -0.469476 0.03039 0 
184 -0.43526 0.0921248 0 
185 -0.551023 0.198313 0 
186 -0.483722 0.27622 0 
187 -0.487906 0.269642 0 
188 -0.504632 0.280547 0 
189 -0.468972 -0.646612 0 
190 -0.440425 -0.583992 0 
191 -0.406212 -0.576416 0 
192 -0.540252 -0.496072 0 
193 -0.455257 -0.556195 0 
194 -0.369193 -0.516427 0 
195 -0.409082 -0.419576 0 
196 -0.44232 -0.360857 0 
197 -0.468142 -0.33734 0 
198 -0.433374 -0.342307 0 
199 -0.391661 -0.304442 0 
200 -0.478302 -0.268825 0 
201 -0.495797 -0.187252 0 
202 -0.46582 -0.264769 0 
203 -0.471805 -0.130881 0 
204 -0.511455 -0.139295 0 
205 -0.471593 -0.118168 0 
206 -0.473996 0.017736 0 
207 -0.462173 0.0288327 0 
208 -0.438896 0.0625192 0 
209 -0.458738 0.0833981 0 
210 -0.521141 0.0764504 0 
211 -0.502598 0.222661 0 
212 -0.434606 0.259555 0 
213 -0.434512 0.210539 0 
214 -0.474194 0.246951 0 
215 -0.468972 0.280547 0 
216 -0.433312 -0.646612 0 
217 -0.457489 -0.569959 0 
218 -0.459273 -0.558106 0 
219 -0.419164 -0.579335 0 
220 -0.466572 -0.495014 0 
221 -0.438029 -0.475585 0 
222 -0.469426 -0.390933 0 
223 -0.420692 -0.435044 0 
224 -0.405507 -0.331033 0 
225 -0.404583 -0.359799 0 
226 -0.457862 -0.338033 0 
227 -0.425643 -0.244211 0 
228 -0.492255 -0.270701 0 
229 -0.418469 -0.225024 0 
230 -0.443962 -0.147219 0 
231 -0.455642 -0.11557 0 
232 -0.452954 0.0449538 0 
233 -0.448364 -0.0464568 0 
234 -0.532298 0.0056981 0 
235 -0.379126 -0.00614271 0 
236 -0.430046 0.0895107 0 
237 -0.42523 0.0987341 0 
238 -0.428055 0.0836299 0 
239 -0.456922 0.224575 0 
240 -0.415366 0.185077 0 
241 -0.41453 0.178014 0 
242 -0.433312 0.280547 0 
243 -0.397652 -0.646612 0 
244 -0.454283 -0.56426 0 
245 -0.417751 -0.557871 0 
246 -0.38611 -0.540894 0 
247 -0.410582 -0.489343 0 
248 -0.46986 -0.565235 0 
249 -0.389407 -0.463882 0 
250 -0.369855 -0.391081 0 
251 -0.416434 -0.375601 0 
252 -0.408264 -0.291846 0 
253 -0.323657 -0.307838 0 
254 -0.404172 -0.286969 0 
255 -0.40697 -0.216985 0 
256 -0.403138 -0.170159 0 
257 -0.362105 -0.143074 0 
258 -0.420829 -0.0574163 0 
259 -0.395944 -0.0869834 0 
260 -0.404983 -0.0217597 0 
261 -0.416763 -0.0292216 0 
262 -0.405572 0.0223936 0 
263 -0.472432 0.0990677 0 
264 -0.464218 0.0361124 0 
265 -0.350983 0.166525 0 
266 -0.373706 0.206423 0 
267 -0.418263 0.238099 0 
268 -0.452088 0.215944 0 
269 -0.397652 0.280547 0 
270 -0.397652 0.316207 0 
271 -0.397652 0.351867 0 
272 -0.397652 0.387527 0 
273 -0.397652 0.423187 0 
274 -0.397652 0.458847 0 
275 -0.397652 0.494507 0 
276 -0.397652 0.530168 0 
277 -0.397652 0.565827 0 
278 -0.397652 0.601488 0 
279 -0.397652 0.637147 0 
280 -0.397652 0.672808 0 
281 -0.397652 0.708467 0 
282 -0.397652 0.744128 0 
283 -0.397652 0.779787 0 
284 -0.397652 0.815448 0 
285 -0.397652 0.851107 0 
286 -0.397652 0.886768 0 
287 -0.397652 0.922427 0 
288 -0.397652 0.958088 0 
289 -0.361992 -0.646612 0 
290 -0.404547 -0.571963 0 
291 -0.378775 -0.593191 0 
292 -0.382786 -0.605284 0 
293 -0.433757 -0.534385 0 
294 -0.451269 -0.454813 0 
295 -0.382566 -0.406536 0 
296 -0.32636 -0.398698 0 
297 -0.445924 -0.302664 0 
298 -0.305458 -0.285907 0 
299 -0.435117 -0.321204 0 
300 -0.415562 -0.27965 0 
301 -0.337596 -0.265347 0 
302 -0.345126 -0.180321 0 
303 -0.36094 -0.0880174 0 
304 -0.330211 -0.0659372 0 
305 -0.357778 -0.0368476 0 
306 -0.341175 0.00178055 0 
307 -0.350288 -0.0751439 0 
308 -0.378819 -0.00638086 0 
309 -0.384007 0.0294297 0 
310 -0.37711 0.0835671 0 
311 -0.278812 0.161902 0 
312 -0.363432 0.132775 0 
313 -0.383696 0.152128 0 
314 -0.37733 0.196793 0 
315 -0.347211 0.2954 0 
316 -0.352242 0.324272 0 
317 -0.399828 0.402472 0 
318 -0.427473 0.366663 0 
319 -0.330177 0.323655 0 
320 -0.304992 0.466785 0 
321 -0.348489 0.494191 0 
322 -0.274734 0.523155 0 
323 -0.387556 0.53864 0 
324 -0.410322 0.528403 0 
325 -0.367786 0.604379 0 
326 -0.342497 0.645059 0 
327 -0.378441 0.699 0 
328 -0.352404 0.718896 0 
329 -0.294368 0.803423 0 
330 -0.294628 0.78765 0 
331 -0.358591 0.847761 0 
332 -0.32812 0.990986 0 
333 -0.327064 0.938223 0 
334 -0.361992 0.958088 0 
335 -0.326332 -0.646612 0 
336 -0.391054 -0.632787 0 
337 -0.266417 -0.497324 0 
338 -0.370584 -0.568548 0 
339 -0.330618 -0.474296 0 
340 -0.280528 -0.404443 0 
341 -0.369041 -0.47554 0 
342 -0.330124 -0.372063 0 
343 -0.350686 -0.272412 0 
344 -0.350583 -0.306656 0 
345 -0.348994 -0.308204 0 
346 -0.32303 -0.235831 0 
347 -0.350851 -0.168503 0 
348 -0.289238 -0.17487 0 
349 -0.356541 -0.150713 0 
350 -0.306829 -0.0105112 0 
351 -0.380259 -0.139077 0 
352 -0.324393 0.0182691 0 
353 -0.302344 -0.0609508 0 
354 -0.305668 0.0243514 0 
355 -0.311593 0.071393 0 
356 -0.378972 0.139984 0 
357 -0.291594 0.213191 0 
358 -0.32266 0.228233 0 
359 -0.327213 0.163292 0 
360 -0.331427 0.307243 0 
361 -0.288644 0.23562 0 
362 -0.368537 0.255391 0 
363 -0.307927 0.327315 0 
364 -0.342136 0.435844 0 
365 -0.323874 0.468761 0 
366 -0.258458 0.494695 0 
367 -0.34946 0.482541 0 
368 -0.351899 0.548899 0 
369 -0.309606 0.671988 0 
370 -0.307092 0.578105 0 
371 -0.348495 0.654884 0 
372 -0.337852 0.71752 0 
373 -0.336847 0.733774 0 
374 -0.353982 0.82021 0 
375 -0.309865 0.812657 0 
376 -0.341785 0.748365 0 
377 -0.3476 0.811884 0 
378 -0.347428 0.857514 0 
379 -0.403839 0.924487 0 
380 -0.326332 0.958088 0 
381 -0.290672 -0.646612 0 
382 -0.22689 -0.668688 0 
383 -0.300647 -0.635709 0 
384 -0.26122 -0.520944 0 
385 -0.187683 -0.525436 0 
386 -0.40596 -0.48344 0 
387 -0.204158 -0.435071 0 
388 -0.338535 -0.40498 0 
389 -0.293477 -0.422098 0 
390 -0.296733 -0.397023 0 
391 -0.243979 -0.308281 0 
392 -0.185163 -0.213554 0 
393 -0.243541 -0.295269 0 
394 -0.350346 -0.195906 0 
395 -0.295037 -0.199307 0 
396 -0.214787 -0.0334104 0 
397 -0.320666 -0.115871 0 
398 -0.261239 -0.040388 0 
399 -0.29577 -0.0209829 0 
400 -0.337868 -0.0218454 0 
401 -0.28435 0.0683439 0 
402 -0.170852 0.120496 0 
403 -0.279566 0.0773884 0 
404 -0.297309 0.169067 0 
405 -0.290325 0.211109 0 
406 -0.257526 0.255293 0 
407 -0.279638 0.280621 0 
408 -0.274587 0.292198 0 
409 -0.293335 0.376698 0 
410 -0.283722 0.415639 0 
411 -0.366081 0.429035 0 
412 -0.354312 0.451804 0 
413 -0.231263 0.491785 0 
414 -0.276525 0.500236 0 
415 -0.32286 0.606171 0 
416 -0.358117 0.558246 0 
417 -0.279747 0.74774 0 
418 -0.222987 0.697014 0 
419 -0.322759 0.692032 0 
420 -0.304456 0.706286 0 
421 -0.285846 0.798922 0 
422 -0.254264 0.804008 0 
423 -0.321086 0.884602 0 
424 -0.234866 0.924701 0 
425 -0.261821 0.959638 0 
426 -0.290672 0.958088 0 
427 -0.255012 -0.646612 0 
428 -0.230322 -0.686468 0 
429 -0.238979 -0.602363 0 
430 -0.262438 -0.549652 0 
431 -0.254044 -0.500307 0 
432 -0.198309 -0.446633 0 
433 -0.248749 -0.538651 0 
434 -0.258926 -0.397643 0 
435 -0.250658 -0.336633 0 
436 -0.26663 -0.331326 0 
437 -0.305367 -0.27433 0 
438 -0.231725 -0.293804 0 
439 -0.213936 -0.278443 0 
440 -0.264069 -0.190907 0 
441 -0.206838 -0.102905 0 
442 -0.273287 -0.149993 0 
443 -0.261162 -0.0258572 0 
444 -0.239028 -0.0759182 0 
445 -0.225397 0.0477265 0 
446 -0.273038 0.017791 0 
447 -0.270352 0.0684382 0 
448 -0.300119 0.0678796 0 
449 -0.168374 0.165352 0 
450 -0.177347 0.160167 0 
451 -0.21244 0.172237 0 
452 -0.328612 0.253439 0 
453 -0.265912 0.268272 0 
454 -0.340231 0.312659 0 
455 -0.281025 0.407471 0 
456 -0.315771 0.425718 0 
457 -0.252548 0.411183 0 
458 -0.216665 0.514736 0 
459 -0.181814 0.561038 0 
460 -0.168916 0.558038 0 
461 -0.322894 0.62749 0 
462 -0.200214 0.553234 0 
463 -0.276515 0.658705 0 
464 -0.252293 0.690519 0 
465 -0.272765 0.713768 0 
466 -0.214436 0.752376 0 
467 -0.285246 0.732303 0 
468 -0.233753 0.889277 0 
469 -0.330286 0.786417 0 
470 -0.295724 0.882296 0 
471 -0.28318 0.896526 0 
472 -0.255012 0.958088 0 
473 -0.219352 -0.646612 0 
474 -0.223619 -0.614442 0 
475 -0.236125 -0.583798 0 
476 -0.191701 -0.558297 0 
477 -0.254548 -0.463758 0 
478 -0.263696 -0.432362 0 
479 -0.217767 -0.470544 0 
480 -0.178979 -0.4136 0 
481 -0.242264 -0.35236 0 
482 -0.207205 -0.322048 0 
483 -0.27189 -0.227025 0 
484 -0.207296 -0.259562 0 
485 -0.238349 -0.20289 0 
486 -0.302109 -0.199132 0 
487 -0.151504 -0.0736799 0 
488 -0.207725 -0.124451 0 
489 -0.262515 -0.0801657 0 
490 -0.28578 -0.0427285 0 
491 -0.228038 0.0354397 0 
492 -0.24738 0.0351244 0 
493 -0.248498 0.0987475 0 
494 -0.244804 0.102524 0 
495 -0.127997 0.183931 0 
496 -0.276748 0.161341 0 
497 -0.18016 0.138847 0 
498 -0.238732 0.170223 0 
499 -0.210563 0.350666 0 
500 -0.176726 0.326986 0 
501 -0.207816 0.414528 0 
502 -0.186574 0.451765 0 
503 -0.243822 0.477188 0 
504 -0.190706 0.559668 0 
505 -0.161285 0.406226 0 
506 -0.227428 0.514589 0 
507 -0.193676 0.541643 0 
508 -0.24958 0.540797 0 
509 -0.211436 0.604713 0 
510 -0.186898 0.680492 0 
511 -0.21535 0.683879 0 
512 -0.257387 0.697419 0 
513 -0.200835 0.760159 0 
514 -0.251123 0.870988 0 
515 -0.183976 0.921903 0 
516 -0.200873 0.823604 0 
517 -0.198983 1.00454 0 
518 -0.219352 0.958088 0 
519 -0.183692 -0.646612 0 
520 -0.201952 -0.590046 0 
521 -0.267905 -0.550125 0 
522 -0.160709 -0.449404 0 
523 -0.223872 -0.453979 0 
524 -0.117575 -0.433847 0 
525 -0.260118 -0.465758 0 
526 -0.17746 -0.475413 0 
527 -0.18161 -0.331761 0 
528 -0.189725 -0.435021 0 
529 -0.204761 -0.26825 0 
530 -0.206928 -0.26267 0 
531 -0.253839 -0.268178 0 
532 -0.234044 -0.250694 0 
533 -0.168116 -0.185761 0 
534 -0.184465 -0.0687264 0 
535 -0.133882 -0.118376 0 
536 -0.209541 -0.0482608 0 
537 -0.232389 -0.0154503 0 
538 -0.198916 0.0440944 0 
539 -0.224439 0.0644947 0 
540 -0.223018 0.0790462 0 
541 -0.218403 0.153375 0 
542 -0.117472 0.173427 0 
543 -0.154597 0.284888 0 
544 -0.175709 0.182296 0 
545 -0.141468 0.313257 0 
546 -0.221812 0.287402 0 
547 -0.143818 0.365288 0 
548 -0.179786 0.402837 0 
549 -0.198588 0.402905 0 
550 -0.171679 0.474098 0 
551 -0.180554 0.491278 0 
552 -0.218429 0.566873 0 
553 -0.121534 0.533695 0 
554 -0.229859 0.588521 0 
555 -0.183335 0.645763 0 
556 -0.11746 0.633413 0 
557 -0.191776 0.69786 0 
558 -0.182957 0.766932 0 
559 -0.197618 0.751657 0 
560 -0.245645 0.851564 0 
561 -0.19701 0.802921 0 
562 -0.185836 0.850591 0 
563 -0.213396 0.941443 0 
564 -0.183692 0.958088 0 
565 -0.148032 -0.646612 0 
566 -0.115646 -0.612026 0 
567 -0.267192 -0.553579 0 
568 -0.101744 -0.506964 0 
569 -0.148803 -0.558986 0 
570 -0.181267 -0.515108 0 
571 -0.119602 -0.44138 0 
572 -0.131932 -0.417852 0 
573 -0.131344 -0.460354 0 
574 -0.113493 -0.346099 0 
575 -0.158757 -0.294408 0 
576 -0.123167 -0.227291 0 
577 -0.0592104 -0.173354 0 
578 -0.181965 -0.146495 0 
579 -0.187956 -0.162986 0 
580 -0.105317 -0.137693 0 
581 -0.201461 0.037286 0 
582 -0.0915646 0.0162254 0 
583 -0.139631 0.0119814 0 
584 -0.0911794 0.0944352 0 
585 -0.176367 -0.0319557 0 
586 -0.138001 0.151315 0 
587 -0.043791 0.178898 0 
588 -0.173249 0.190013 0 
589 -0.0940039 0.210715 0 
590 -0.168347 0.280328 0 
591 -0.146728 0.295016 0 
592 -0.191514 0.348605 0 
593 -0.157005 0.350043 0 
594 -0.123103 0.427064 0 
595 -0.19086 0.446625 0 
596 -0.115389 0.450958 0 
597 -0.0996231 0.551264 0 
598 -0.145413 0.530722 0 
599 -0.149585 0.547396 0 
600 -0.203576 0.568908 0 
601 -0.116577 0.692193 0 
602 -0.186888 0.709772 0 
603 -0.148367 0.725111 0 
604 -0.195626 0.778627 0 
605 -0.130093 0.746329 0 
606 -0.138351 0.76906 0 
607 -0.173154 0.863625 0 
608 -0.120324 0.918948 0 
609 -0.114277 0.95758 0 
610 -0.148032 0.958088 0 
611 -0.112372 -0.646612 0 
612 -0.116279 -0.548841 0 
613 -0.181182 -0.522818 0 
614 -0.20656 -0.533143 0 
615 -0.0988468 -0.490643 0 
616 -0.11993 -0.491263 0 
617 -0.0946548 -0.468612 0 
618 -0.0260046 -0.388942 0 
619 -0.164394 -0.389128 0 
620 -0.0764207 -0.34333 0 
621 -0.118667 -0.224091 0 
622 -0.11221 -0.218474 0 
623 -0.144039 -0.272333 0 
624 -0.124682 -0.189186 0 
625 -0.117303 -0.198846 0 
626 -0.0619716 -0.133177 0 
627 -0.123032 -0.0304958 0 
628 -0.0812609 -0.0577145 0 
629 -0.113659 -0.0655311 0 
630 -0.12898 0.0284918 0 
631 -0.0646418 0.0940699 0 
632 -0.0526406 0.0867951 0 
633 -0.0355284 0.132008 0 
634 -0.135608 0.138328 0 
635 -0.113987 0.223635 0 
636 -0.0491565 0.210986 0 
637 -0.143743 0.312956 0 
638 -0.176586 0.285423 0 
639 -0.110314 0.435167 0 
640 -0.163214 0.389784 0 
641 -0.0770765 0.454013 0 
642 -0.0646391 0.444155 0 
643 -0.0364167 0.4454 0 
644 -0.124597 0.610221 0 
645 -0.0292368 0.560316 0 
646 -0.14411 0.618907 0 
647 -0.217803 0.677822 0 
648 -0.143287 0.680424 0 
649 -0.148693 0.676366 0 
650 -0.102348 0.760564 0 
651 -0.0424325 0.744683 0 
652 -0.0980642 0.841204 0 
653 -0.142678 0.855465 0 
654 -0.122052 0.842276 0 
655 -0.181029 1.0142 0 
656 -0.112372 0.958088 0 
657 -0.0767119 -0.646612 0 
658 -0.135837 -0.622901 0 
659 -0.121631 -0.60658 0 
660 -0.110678 -0.527111 0 
661 -0.119037 -0.515405 0 
662 -0.129805 -0.454345 0 
663 -0.0691975 -0.453781 0 
664 -0.0494012 -0.429512 0 
665 -0.00748307 -0.34633 0 
666 -0.0543957 -0.326429 0 
667 -0.0729171 -0.264687 0 
668 -0.0671569 -0.312591 0 
669 -0.0749951 -0.235146 0 
670 -0.0795949 -0.156993 0 
671 -0.0776671 -0.153301 0 
672 -0.0813574 -0.200054 0 
673 -0.0942488 -0.0787409 0 
674 -0.12245 -0.0259168 0 
675 -0.0750843 0.0190394 0 
676 -0.135926 0.0522891 0 
677 -0.0906814 0.0341493 0 
678 -0.0693148 0.1547 0 
679 -0.0978233 0.158059 0 
680 -0.0526057 0.209406 0 
681 -0.0979374 0.190254 0 
682 -0.0597411 0.291642 0 
683 -0.0540372 0.28802 0 
684 -0.046152 0.31645 0 
685 -0.0786676 0.363578 0 
686 -0.110626 0.313272 0 
687 -0.0616264 0.513731 0 
688 -0.0498646 0.453184 0 
689 -0.0658257 0.502339 0 
690 -0.0536874 0.49032 0 
691 -0.0871285 0.611093 0 
692 -0.0988791 0.660299 0 
693 -0.0730771 0.659036 0 
694 -0.0511047 0.703656 0 
695 -0.0681599 0.64939 0 
696 -0.0605613 0.71448 0 
697 -0.0680429 0.781325 0 
698 -0.0897572 0.819123 0 
699 -0.175021 0.866891 0 
700 -0.00765778 0.818795 0 
701 -0.089602 0.898716 0 
702 -0.0767119 0.958088 0 
703 -0.0410519 -0.646612 0 
704 -0.148532 -0.598996 0 
705 -0.0690851 -0.609233 0 
706 -0.0662617 -0.596369 0 
707 -0.00406072 -0.511284 0 
708 -0.0457754 -0.527058 0 
709 -0.0241135 -0.36067 0 
710 -0.0223297 -0.408618 0 
711 -0.0540509 -0.331978 0 
712 -0.100752 -0.304655 0 
713 -0.0329157 -0.29149 0 
714 -0.0772587 -0.293603 0 
715 -0.0422101 -0.157482 0 
716 -0.0650859 -0.169497 0 
717 -0.116746 -0.109249 0 
718 0.0270301 -0.0937284 0 
719 -0.0667311 -0.0455507 0 
720 -0.0968085 -0.0156548 0 
721 -0.00333929 0.0659155 0 
722 -0.0159699 -0.00928132 0 
723 -0.120632 0.10729 0 
724 -0.0609613 0.133438 0 
725 -0.0569207 0.123902 0 
726 -0.0462444 0.104226 0 
727 -0.0991074 0.217077 0 
728 -0.00966693 0.237308 0 
729 -0.0464522 0.305901 0 
730 -0.0553268 0.212694 0 
731 -0.133526 0.370741 0 
732 -0.00992119 0.363558 0 
733 -0.0436666 0.390539 0 
734 -0.0448201 0.420432 0 
735 -0.0740049 0.478114 0 
736 -0.0105907 0.571241 0 
737 -0.0536643 0.602346 0 
738 0.00479462 0.605706 0 
739 0.00627155 0.640226 0 
740 -0.0691259 0.657834 0 
741 0.0287898 0.702264 0 
742 -0.019267 0.652458 0 
743 -0.0650515 0.848766 0 
744 -0.0474197 0.857367 0 
745 -0.0828984 0.8868 0 
746 -0.0631912 0.889185 0 
747 -0.0470505 0.981237 0 
748 -0.0410519 0.958088 0 
749 -0.00539187 -0.646612 0 
750 0.00253663 -0.595605 0 
751 -0.0608169 -0.569631 0 
752 0.0280313 -0.484606 0 
753 0.0352151 -0.557671 0 
754 -0.0403965 -0.411769 0 
755 -0.0543082 -0.437595 0 
756 -0.0104653 -0.370446 0 
757 0.0736825 -0.35552 0 
758 0.055941 -0.291762 0 
759 0.0216373 -0.293337 0 
760 0.0449951 -0.200179 0 
761 -0.0212377 -0.118037 0 
762 -0.0130151 -0.164873 0 
763 0.0222013 -0.0990835 0 
764 -0.00177674 -0.110122 0 
765 0.0209449 -0.0739076 0 
766 -0.0136815 -0.0279302 0 
767 -0.0935657 0.0341127 0 
768 -0.0578861 -0.021121 0 
769 -0.0241554 0.0270248 0 
770 -0.0213442 0.0807912 0 
771 -0.0352583 0.224167 0 
772 0.112997 0.153187 0 
773 -0.0413128 0.166127 0 
774 0.0283077 0.27631 0 
775 -0.0486675 0.322338 0 
776 -0.0150797 0.330967 0 
777 -0.0126235 0.310337 0 
778 -0.0213528 0.463689 0 
779 -0.0233701 0.405312 0 
780 -0.0323329 0.466522 0 
781 0.0200332 0.477475 0 
782 0.047763 0.523925 0 
783 -0.00185817 0.573211 0 
784 0.00715918 0.534641 0 
785 -0.00304051 0.68339 0 
786 -0.043093 0.652367 0 
787 -0.0587443 0.658452 0 
788 0.101771 0.77725 0 
789 -0.0498515 0.706789 0 
790 -0.0886532 0.802896 0 
791 0.069481 0.764808 0 
792 0.0303231 0.885437 0 
793 0.0158856 0.899142 0 
794 -0.00539187 0.958088 0 
795 0.0302681 -0.646612 0 
796 0.0911601 -0.584071 0 
797 0.0468399 -0.587269 0 
798 -0.0241422 -0.51672 0 
799 0.0536454 -0.526071 0 
800 0.0567253 -0.473713 0 
801 0.0825845 -0.425672 0 
802 0.0900622 -0.428364 0 
803 0.0604735 -0.359897 0 
804 0.0505245 -0.383665 0 
805 0.0244969 -0.249299 0 
806 -0.0160224 -0.212623 0 
807 0.021055 -0.268664 0 
808 0.102361 -0.153064 0 
809 0.0944332 -0.0915871 0 
810 0.0645357 -0.115243 0 
811 -0.0601725 -0.0958953 0 
812 0.00564873 -0.0252976 0 
813 -0.00036292 0.0423546 0 
814 0.0431791 0.0312081 0 
815 0.00202556 0.0431547 0 
816 -0.0028512 0.110968 0 
817 0.040542 0.147392 0 
818 0.0396914 0.154537 0 
819 0.00970992 0.184726 0 
820 0.0386782 0.237594 0 
821 -0.00197674 0.250707 0 
822 0.0458712 0.300062 0 
823 0.0607621 0.373437 0 
824 -0.00787768 0.399058 0 
825 0.09387 0.38773 0 
826 0.0572323 0.353148 0 
827 -0.00937898 0.426278 0 
828 0.0639681 0.521638 0 
829 -0.0273785 0.541849 0 
830 -0.00130095 0.662275 0 
831 0.0859335 0.690001 0 
832 0.0675536 0.588699 0 
833 0.0545595 0.755218 0 
834 0.0674962 0.708623 0 
835 0.0616856 0.778458 0 
836 0.0378936 0.848683 0 
837 -0.0176025 0.853566 0 
838 -0.00385142 0.881701 0 
839 0.0880237 0.930044 0 
840 0.0302681 0.958088 0 
841 0.0659281 -1.00321 0 
842 0.0659281 -0.967552 0 
843 0.0659281 -0.931892 0 
844 0.0659281 -0.896232 0 
845 0.0659281 -0.860572 0 
846 0.0659281 -0.824912 0 
847 0.0659281 -0.789252 0 
848 0.0659281 -0.753592 0 
849 0.0659281 -0.717932 0 
850 0.0659281 -0.682272 0 
851 0.0659281 -0.646612 0 
852 0.0505248 -0.624274 0 
853 0.0516063 -0.487923 0 
854 0.106676 -0.580093 0 
855 0.000639018 -0.521239 0 
856 0.071016 -0.48739 0 
857 0.0278073 -0.402053 0 
858 0.0942644 -0.387484 0 
859 -0.0160868 -0.316075 0 
860 0.0808181 -0.366401 0 
861 -0.00149764 -0.309534 0 
862 0.0294515 -0.222829 0 
863 0.0732677 -0.224979 0 
864 0.0190624 -0.218064 0 
865 0.0858715 -0.131896 0 
866 0.112672 -0.109138 0 
867 -0.0407064 -0.0184172 0 
868 0.0876564 -0.0217364 0 
869 0.126612 -0.0659281 0 
870 0.0671098 0.0672207 0 
871 0.122512 0.0322394 0 
872 0.164853 0.100298 0 
873 0.0295605 0.122663 0 
874 0.0686105 0.177909 0 
875 0.113844 0.166661 0 
876 0.0333934 0.218919 0 
877 0.0363258 0.30114 0 
878 0.0495837 0.347932 0 
879 0.0803633 0.373192 0 
880 0.0765482 0.391194 0 
881 0.0724523 0.471724 0 
882 0.00469161 0.47628 0 
883 -0.00393613 0.507562 0 
884 0.150261 0.510964 0 
885 0.0999249 0.615193 0 
886 0.0345078 0.560777 0 
887 -0.051361 0.613314 0 
888 0.0496586 0.66994 0 
889 0.0803348 0.698837 0 
890 0.123018 0.699983 0 
891 0.170477 0.722606 0 
892 0.0719514 0.777055 0 
893 0.143458 0.946999 0 
894 0.0508946 0.991967 0 
895 0.0596314 0.892795 0 
896 0.0659281 0.958088 0 
897 0.101588 -1.00321 0 
898 0.108964 -0.93347 0 
899 0.219591 -0.890428 0 
900 0.0978731 -0.844018 0 
901 0.122841 -0.86034 0 
902 0.142875 -0.798322 0 
903 0.0323833 -0.84989 0 
904 0.0743567 -0.767162 0 
905 0.0341632 -0.690864 0 
906 0.101435 -0.692954 0 
907 0.122329 -0.691416 0 
908 0.103126 -0.674739 0 
909 0.158868 -0.620344 0 
910 0.034517 -0.469592 0 
911 0.148356 -0.491889 0 
912 0.092992 -0.492848 0 
913 0.0966056 -0.394351 0 
914 0.117494 -0.409475 0 
915 0.0981335 -0.319192 0 
916 0.0811478 -0.349104 0 
917 0.194563 -0.273922 0 
918 0.045405 -0.272419 0 
919 0.0566208 -0.154194 0 
920 0.178691 -0.169041 0 
921 0.149442 -0.192593 0 
922 0.017691 -0.0772744 0 
923 -0.0222255 -0.084524 0 
924 0.0577233 -0.0381871 0 
925 0.174007 -0.00243936 0 
926 0.0429471 0.0161194 0 
927 0.166189 0.0366148 0 
928 0.120571 0.124505 0 
929 0.127701 0.179011 0 
930 0.11864 0.107297 0 
931 0.0886397 0.220053 0 
932 0.0681076 0.228398 0 
933 -0.0121975 0.260895 0 
934 0.0921787 0.314743 0 
935 0.0360689 0.294697 0 
936 0.12485 0.334374 0 
937 0.145065 0.443742 0 
938 0.0928082 0.476189 0 
939 0.110964 0.512187 0 
940 0.158962 0.494144 0 
941 0.161239 0.547867 0 
942 0.0828161 0.507467 0 
943 0.0753065 0.693539 0 
944 0.137252 0.611342 0 
945 0.110558 0.718292 0 
946 0.132634 0.721803 0 
947 0.117967 0.747761 0 
948 0.0319768 0.759399 0 
949 0.104325 0.934149 0 
950 0.102489 0.781396 0 
951 0.106997 0.946404 0 
952 0.101588 0.958088 0 
953 0.137248 -1.00321 0 
954 0.0992465 -0.943813 0 
955 0.173651 -0.868919 0 
956 0.122881 -0.928649 0 
957 0.193782 -0.876749 0 
958 0.102113 -0.761003 0 
959 0.154944 -0.831222 0 
960 0.164575 -0.716013 0 
961 0.145103 -0.638727 0 
962 0.182676 -0.656427 0 
963 0.156608 -0.641726 0 
964 0.134592 -0.55927 0 
965 0.106968 -0.587592 0 
966 0.117489 -0.505952 0 
967 0.170419 -0.48727 0 
968 0.0903491 -0.448557 0 
969 0.132389 -0.384424 0 
970 0.180286 -0.412133 0 
971 0.114585 -0.395131 0 
972 0.157031 -0.292436 0 
973 0.156899 -0.382124 0 
974 0.10397 -0.238866 0 
975 0.236568 -0.19696 0 
976 0.158539 -0.176237 0 
977 0.221096 -0.0522299 0 
978 0.13494 -0.145213 0 
979 -0.00682082 -0.0482143 0 
980 0.153262 -0.0837924 0 
981 0.163244 0.0457401 0 
982 0.0974165 0.013771 0 
983 0.15709 0.0731072 0 
984 0.12652 0.0747222 0 
985 0.176098 0.159042 0 
986 0.122732 0.162811 0 
987 0.215928 0.254579 0 
988 0.150103 0.30538 0 
989 0.178451 0.348355 0 
990 0.197329 0.320238 0 
991 0.0876007 0.326505 0 
992 0.124375 0.37944 0 
993 0.171783 0.428804 0 
994 0.134483 0.472204 0 
995 0.109948 0.474109 0 
996 0.238755 0.555152 0 
997 0.171511 0.512737 0 
998 0.141809 0.541013 0 
999 0.119213 0.666553 0 
1000 0.119012 0.68886 0 
1001 0.167757 0.693347 0 
1002 0.100251 0.694539 0 
1003 0.183568 0.771085 0 
1004 0.0781405 0.835354 0 
1005 0.167182 0.932842 0 
1006 0.10476 0.900531 0 
1007 0.165716 0.877109 0 
1008 0.137248 0.958088 0 
1009 0.172908 -1.00321 0 
1010 0.0912083 -1.02411 0 
1011 0.23214 -0.93131 0 
1012 0.112741 -0.949013 0 
1013 0.176336 -0.917118 0 
1014 0.193684 -0.870728 0 
1015 0.206055 -0.775982 0 
1016 0.134675 -0.76978 0 
1017 0.123715 -0.712604 0 
1018 0.237325 -0.620764 0 
1019 0.240528 -0.689092 0 
1020 0.189597 -0.571164 0 
1021 0.16395 -0.468486 0 
1022 0.100166 -0.5355 0 
1023 0.142428 -0.48765 0 
1024 0.168285 -0.49054 0 
1025 0.195409 -0.413552 0 
1026 0.128475 -0.411577 0 
1027 0.212636 -0.378783 0 
1028 0.154399 -0.400139 0 
1029 0.168859 -0.342252 0 
1030 0.128242 -0.239804 0 
1031 0.211823 -0.271764 0 
1032 0.189498 -0.213681 0 
1033 0.170966 -0.153483 0 
1034 0.157207 -0.147185 0 
1035 0.167377 0.0365892 0 
1036 0.133369 -0.0912685 0 
1037 0.112422 -0.0251092 0 
1038 0.192079 0.031196 0 
1039 0.198442 0.0639535 0 
1040 0.149587 0.156738 0 
1041 0.165172 0.0748609 0 
1042 0.226135 0.114323 0 
1043 0.122165 0.261627 0 
1044 0.210529 0.366336 0 
1045 0.193731 0.234662 0 
1046 0.164126 0.389191 0 
1047 0.166814 0.264642 0 
1048 0.191197 0.31487 0 
1049 0.258114 0.476054 0 
1050 0.188244 0.404186 0 
1051 0.123804 0.433878 0 
1052 0.152648 0.580206 0 
1053 0.160933 0.563959 0 
1054 0.217366 0.595669 0 
1055 0.202719 0.62579 0 
1056 0.126008 0.662901 0 
1057 0.0648834 0.748884 0 
1058 0.271577 0.774983 0 
1059 0.165407 0.746605 0 
1060 0.253283 0.792075 0 
1061 0.197438 0.786502 0 
1062 0.218576 0.825418 0 
1063 0.229991 0.937818 0 
1064 0.172908 0.958088 0 
1065 0.208568 -1.00321 0 
1066 0.24228 -0.962515 0 
1067 0.250179 -1.04549 0 
1068 0.235183 -0.911626 0 
1069 0.209963 -0.849369 0 
1070 0.20271 -0.837299 0 
1071 0.250403 -0.740916 0 
1072 0.251782 -0.810038 0 
1073 0.211423 -0.788451 0 
1074 0.234843 -0.714095 0 
1075 0.202426 -0.704707 0 
1076 0.16442 -0.56279 0 
1077 0.262526 -0.605649 0 
1078 0.235002 -0.501828 0 
1079 0.23642 -0.453957 0 
1080 0.251972 -0.505239 0 
1081 0.183682 -0.441478 0 
1082 0.17118 -0.417878 0 
1083 0.140365 -0.351883 0 
1084 0.1294 -0.269578 0 
1085 0.246068 -0.286829 0 
1086 0.10906 -0.306623 0 
1087 0.220027 -0.203209 0 
1088 0.219261 -0.191157 0 
1089 0.218684 -0.101336 0 
1090 0.270516 -0.156906 0 
1091 0.160742 -0.0763249 0 
1092 0.272299 -0.0683834 0 
1093 0.267773 -0.00334616 0 
1094 0.132188 0.0488589 0 
1095 0.209846 0.0505807 0 
1096 0.215314 0.0985051 0 
1097 0.27336 0.0845143 0 
1098 0.268117 0.193109 0 
1099 0.211492 0.228282 0 
1100 0.16745 0.27908 0 
1101 0.189667 0.27693 0 
1102 0.208854 0.284319 0 
1103 0.262009 0.308258 0 
1104 0.247248 0.399339 0 
1105 0.129927 0.452762 0 
1106 0.190878 0.427571 0 
1107 0.258425 0.498432 0 
1108 0.267173 0.640875 0 
1109 0.221201 0.611116 0 
1110 0.231644 0.578098 0 
1111 0.168235 0.664183 0 
1112 0.176527 0.639935 0 
1113 0.231456 0.758987 0 
1114 0.242411 0.650616 0 
1115 0.166211 0.808233 0 
1116 0.198267 0.837283 0 
1117 0.240302 0.802559 0 
1118 0.135013 0.813911 0 
1119 0.254067 0.93992 0 
1120 0.208568 0.958088 0 
1121 0.244228 -1.00321 0 
1122 0.171307 -1.01078 0 
1123 0.269212 -0.953409 0 
1124 0.26812 -0.868044 0 
1125 0.2478 -0.81601 0 
1126 0.267948 -0.746891 0 
1127 0.278401 -0.819667 0 
1128 0.223539 -0.775695 0 
1129 0.289109 -0.764355 0 
1130 0.228807 -0.692855 0 
1131 0.300154 -0.621951 0 
1132 0.25333 -0.570525 0 
1133 0.191068 -0.594195 0 
1134 0.233003 -0.532873 0 
1135 0.213594 -0.560453 0 
1136 0.237023 -0.454159 0 
1137 0.260296 -0.529597 0 
1138 0.186915 -0.37095 0 
1139 0.2168 -0.327769 0 
1140 0.215773 -0.352069 0 
1141 0.292354 -0.361982 0 
1142 0.279648 -0.198873 0 
1143 0.277662 -0.184177 0 
1144 0.305816 -0.230514 0 
1145 0.243173 -0.195849 0 
1146 0.220732 -0.13232 0 
1147 0.270662 -0.076665 0 
1148 0.315184 -0.0304638 0 
1149 0.242107 -0.0973605 0 
1150 0.281159 -0.034694 0 
1151 0.264576 0.115972 0 
1152 0.250093 0.0790701 0 
1153 0.266386 0.0939672 0 
1154 0.331246 0.171471 0 
1155 0.189552 0.207281 0 
1156 0.203579 0.232447 0 
1157 0.281121 0.227564 0 
1158 0.230744 0.32297 0 
1159 0.287258 0.395667 0 
1160 0.276187 0.431765 0 
1161 0.191074 0.459774 0 
1162 0.270709 0.506351 0 
1163 0.286645 0.534853 0 
1164 0.252339 0.503896 0 
1165 0.24908 0.594918 0 
1166 0.3058 0.601742 0 
1167 0.220196 0.563725 0 
1168 0.255017 0.750241 0 
1169 0.226396 0.735134 0 
1170 0.300126 0.751636 0 
1171 0.27168 0.752278 0 
1172 0.254394 0.856388 0 
1173 0.254841 0.806584 0 
1174 0.160751 0.861921 0 
1175 0.240366 0.870288 0 
1176 0.244228 0.958088 0 
1177 0.279888 -1.00321 0 
1178 0.316243 -1.04518 0 
1179 0.332754 -0.877072 0 
1180 0.26529 -0.862964 0 
1181 0.275446 -0.871346 0 
1182 0.252728 -0.795714 0 
1183 0.32718 -0.754104 0 
1184 0.24099 -0.74158 0 
1185 0.317617 -0.690994 0 
1186 0.304422 -0.699078 0 
1187 0.336786 -0.657682 0 
1188 0.284223 -0.570726 0 
1189 0.247634 -0.631002 0 
1190 0.304164 -0.535236 0 
1191 0.279888 -0.503972 0 
1192 0.279888 -0.468312 0 
1193 0.279888 -0.432652 0 
1194 0.279888 -0.396992 0 
1195 0.279888 -0.361332 0 
1196 0.279888 -0.325672 0 
1197 0.279888 -0.290012 0 
1198 0.279888 -0.254352 0 
1199 0.279888 -0.218692 0 
1200 0.279888 -0.183032 0 
1201 0.279888 -0.147372 0 
1202 0.279888 -0.111712 0 
1203 0.279888 -0.0760524 0 
1204 0.279888 -0.0403924 0 
1205 0.279888 -0.00473244 0 
1206 0.279888 0.0309276 0 
1207 0.279888 0.0665876 0 
1208 0.279888 0.102248 0 
1209 0.279888 0.137908 0 
1210 0.279888 0.173568 0 
1211 0.279888 0.209228 0 
1212 0.317018 0.344019 0 
1213 0.285051 0.2965 0 
1214 0.315434 0.380361 0 
1215 0.264565 0.346015 0 
1216 0.311615 0.409334 0 
1217 0.216697 0.401313 0 
1218 0.349495 0.479442 0 
1219 0.248935 0.545485 0 
1220 0.288974 0.552947 0 
1221 0.335303 0.560615 0 
1222 0.263555 0.682995 0 
1223 0.230307 0.645484 0 
1224 0.257977 0.618999 0 
1225 0.266467 0.732622 0 
1226 0.257327 0.78038 0 
1227 0.333812 0.776301 0 
1228 0.295275 0.799703 0 
1229 0.249944 0.816571 0 
1230 0.289854 0.862886 0 
1231 0.238953 0.940143 0 
1232 0.279888 0.958088 0 
1233 0.315548 -1.00321 0 
1234 0.279908 -0.9865 0 
1235 0.258652 -0.830592 0 
1236 0.358755 -0.899362 0 
1237 0.270059 -0.963314 0 
1238 0.299535 -0.871972 0 
1239 0.320983 -0.753532 0 
1240 0.361243 -0.708763 0 
1241 0.360643 -0.716315 0 
1242 0.309866 -0.619151 0 
1243 0.307035 -0.668087 0 
1244 0.300774 -0.654798 0 
1245 0.341993 -0.591216 0 
1246 0.312538 -0.519148 0 
1247 0.315548 -0.503972 0 
1248 0.315548 0.209228 0 
1249 0.295005 0.179059 0 
1250 0.327494 0.294067 0 
1251 0.25573 0.288491 0 
1252 0.36261 0.379409 0 
1253 0.429776 0.376667 0 
1254 0.386999 0.399879 0 
1255 0.264992 0.429839 0 
1256 0.319228 0.467857 0 
1257 0.314719 0.552134 0 
1258 0.314194 0.49664 0 
1259 0.345505 0.608961 0 
1260 0.239802 0.699977 0 
1261 0.389238 0.682111 0 
1262 0.330342 0.647975 0 
1263 0.310351 0.741644 0 
1264 0.30369 0.787019 0 
1265 0.31704 0.798188 0 
1266 0.351977 0.858305 0 
1267 0.335549 0.875445 0 
1268 0.313545 0.973038 0 
1269 0.315548 0.958088 0 
1270 0.351208 -1.00321 0 
1271 0.289625 -0.97637 0 
1272 0.278613 -0.903913 0 
1273 0.42858 -0.810426 0 
1274 0.309805 -0.844879 0 
1275 0.280089 -0.86656 0 
1276 0.382823 -0.734975 0 
1277 0.420192 -0.726294 0 
1278 0.355347 -0.725509 0 
1279 0.41636 -0.721171 0 
1280 0.318717 -0.596649 0 
1281 0.386856 -0.627317 0 
1282 0.289521 -0.575502 0 
1283 0.413924 -0.539325 0 
1284 0.351208 -0.503972 0 
1285 0.351208 0.209228 0 
1286 0.385864 0.21364 0 
1287 0.337122 0.306249 0 
1288 0.336087 0.26069 0 
1289 0.386572 0.437232 0 
1290 0.309118 0.401092 0 
1291 0.321778 0.39841 0 
1292 0.33593 0.483872 0 
1293 0.31757 0.509428 0 
1294 0.330832 0.572078 0 
1295 0.342843 0.434773 0 
1296 0.30064 0.625793 0 
1297 0.380884 0.690894 0 
1298 0.386192 0.752932 0 
1299 0.296842 0.817686 0 
1300 0.336902 0.757889 0 
1301 0.413735 0.710154 0 
1302 0.359919 0.774391 0 
1303 0.379842 0.828022 0 
1304 0.277276 0.864509 0 
1305 0.355651 0.931817 0 
1306 0.351208 0.958088 0 
1307 0.386868 -1.00321 0 
1308 0.4284 -1.03864 0 
1309 0.380398 -0.861158 0 
1310 0.458167 -0.932102 0 
1311 0.342979 -0.806252 0 
1312 0.362378 -0.773111 0 
1313 0.449607 -0.801166 0 
1314 0.418875 -0.759829 0 
1315 0.358606 -0.720083 0 
1316 0.264128 -0.639634 0 
1317 0.432685 -0.632235 0 
1318 0.32938 -0.53755 0 
1319 0.392231 -0.564133 0 
1320 0.375424 -0.504035 0 
1321 0.386868 -0.503972 0 
1322 0.386868 0.209228 0 
1323 0.319626 0.218622 0 
1324 0.389528 0.286285 0 
1325 0.358171 0.275208 0 
1326 0.434604 0.333817 0 
1327 0.377445 0.320625 0 
1328 0.374633 0.422 0 
1329 0.32822 0.461689 0 
1330 0.398045 0.576793 0 
1331 0.392781 0.589636 0 
1332 0.371807 0.638582 0 
1333 0.387964 0.670365 0 
1334 0.423121 0.61369 0 
1335 0.359115 0.716329 0 
1336 0.371997 0.678548 0 
1337 0.328202 0.763131 0 
1338 0.370693 0.743468 0 
1339 0.376712 0.778297 0 
1340 0.382328 0.904899 0 
1341 0.429388 0.960142 0 
1342 0.415363 0.867128 0 
1343 0.386868 0.958088 0 
1344 0.422528 -1.00321 0 
1345 0.39989 -0.986303 0 
1346 0.44536 -0.908795 0 
1347 0.405491 -0.865529 0 
1348 0.42078 -0.845336 0 
1349 0.480279 -0.779887 0 
1350 0.448771 -0.679764 0 
1351 0.436888 -0.790762 0 
1352 0.42508 -0.731919 0 
1353 0.436149 -0.681538 0 
1354 0.465234 -0.691788 0 
1355 0.441304 -0.662251 0 
1356 0.445598 -0.610963 0 
1357 0.395726 -0.55442 0 
1358 0.422528 -0.503972 0 
1359 0.422528 0.209228 0 
1360 0.471062 0.270834 0 
1361 0.405682 0.241281 0 
1362 0.418544 0.335562 0 
1363 0.455874 0.404367 0 
1364 0.391021 0.436933 0 
1365 0.355787 0.466404 0 
1366 0.470016 0.535737 0 
1367 0.402365 0.476925 0 
1368 0.38434 0.500542 0 
1369 0.465498 0.563129 0 
1370 0.432085 0.58994 0 
1371 0.446417 0.63797 0 
1372 0.391654 0.630018 0 
1373 0.414831 0.709474 0 
1374 0.471272 0.83149 0 
1375 0.442583 0.73025 0 
1376 0.426222 0.780862 0 
1377 0.388504 0.820975 0 
1378 0.391606 0.891557 0 
1379 0.403868 0.948268 0 
1380 0.422528 0.958088 0 
1381 0.458188 -1.00321 0 
1382 0.490631 -0.965386 0 
1383 0.502169 -0.876364 0 
1384 0.370845 -0.941944 0 
1385 0.503997 -0.884691 0 
1386 0.453442 -0.78543 0 
1387 0.531245 -0.775338 0 
1388 0.411511 -0.783234 0 
1389 0.425897 -0.693657 0 
1390 0.492783 -0.693866 0 
1391 0.50227 -0.631289 0 
1392 0.472954 -0.557322 0 
1393 0.447589 -0.555567 0 
1394 0.451116 -0.525548 0 
1395 0.458188 -0.503972 0 
1396 0.458188 0.209228 0 
1397 0.479584 0.213671 0 
1398 0.456521 0.259792 0 
1399 0.437449 0.297726 0 
1400 0.418659 0.339013 0 
1401 0.449738 0.403959 0 
1402 0.45724 0.471996 0 
1403 0.404334 0.402289 0 
1404 0.425444 0.491692 0 
1405 0.4559 0.572389 0 
1406 0.419825 0.580318 0 
1407 0.45226 0.585407 0 
1408 0.43549 0.628966 0 
1409 0.547416 0.690355 0 
1410 0.468599 0.744968 0 
1411 0.496201 0.768017 0 
1412 0.532017 0.839012 0 
1413 0.463569 0.82309 0 
1414 0.442337 0.86349 0 
1415 0.448302 0.797522 0 
1416 0.508034 0.834371 0 
1417 0.458188 0.958088 0 
1418 0.493848 -1.00321 0 
1419 0.46633 -0.941794 0 
1420 0.478725 -0.977506 0 
1421 0.5297 -0.881465 0 
1422 0.452543 -0.909481 0 
1423 0.434933 -0.837719 0 
1424 0.5048 -0.80722 0 
1425 0.58196 -0.755795 0 
1426 0.562765 -0.691393 0 
1427 0.469716 -0.660862 0 
1428 0.566831 -0.633459 0 
1429 0.52585 -0.573307 0 
1430 0.484729 -0.553012 0 
1431 0.497133 -0.573422 0 
1432 0.493848 -0.503972 0 
1433 0.493848 0.209228 0 
1434 0.503002 0.234263 0 
1435 0.511407 0.331606 0 
1436 0.550741 0.278407 0 
1437 0.446778 0.37413 0 
1438 0.474986 0.351396 0 
1439 0.488562 0.448009 0 
1440 0.520808 0.406137 0 
1441 0.521066 0.424901 0 
1442 0.450704 0.433394 0 
1443 0.525767 0.572993 0 
1444 0.565953 0.558087 0 
1445 0.472881 0.643959 0 
1446 0.467048 0.679274 0 
1447 0.52578 0.788033 0 
1448 0.506995 0.790593 0 
1449 0.498391 0.76568 0 
1450 0.502944 0.773941 0 
1451 0.476712 0.80161 0 
1452 0.451422 0.982514 0 
1453 0.424944 0.981089 0 
1454 0.493848 0.958088 0 
1455 0.529508 -1.00321 0 
1456 0.454123 -1.03165 0 
1457 0.559458 -0.972116 0 
1458 0.519365 -0.933536 0 
1459 0.485118 -0.873635 0 
1460 0.530159 -0.798106 0 
1461 0.495942 -0.818027 0 
1462 0.567585 -0.74158 0 
1463 0.559639 -0.714858 0 
1464 0.506006 -0.578942 0 
1465 0.519194 -0.620813 0 
1466 0.468348 -0.697777 0 
1467 0.572262 -0.638704 0 
1468 0.452016 -0.548997 0 
1469 0.529508 -0.503972 0 
1470 0.529508 0.209228 0 
1471 0.529508 0.244888 0 
1472 0.529508 0.280547 0 
1473 0.529508 0.316207 0 
1474 0.529508 0.351867 0 
1475 0.529508 0.387527 0 
1476 0.529508 0.423187 0 
1477 0.529508 0.458847 0 
1478 0.529508 0.494507 0 
1479 0.529508 0.530168 0 
1480 0.529508 0.565827 0 
1481 0.529508 0.601488 0 
1482 0.529508 0.637147 0 
1483 0.529508 0.672808 0 
1484 0.529508 0.708467 0 
1485 0.529508 0.744128 0 
1486 0.529508 0.779787 0 
1487 0.529508 0.815448 0 
1488 0.529508 0.851107 0 
1489 0.529508 0.886768 0 
1490 0.529508 0.922427 0 
1491 0.529508 0.958088 0 
1492 0.565168 -1.00321 0 
1493 0.584695 -1.01087 0 
1494 0.613038 -0.93913 0 
1495 0.514187 -0.817618 0 
1496 0.537681 -0.822904 0 
1497 0.539703 -0.802518 0 
1498 0.599884 -0.808619 0 
1499 0.561154 -0.769671 0 
1500 0.591559 -0.718019 0 
1501 0.659928 -0.699995 0 
1502 0.546731 -0.721642 0 
1503 0.577495 -0.6215 0 
1504 0.591603 -0.552282 0 
1505 0.594496 -0.519015 0 
1506 0.565168 -0.503972 0 
1507 0.600828 -1.00321 0 
1508 0.614351 -0.968709 0 
1509 0.532406 -0.944173 0 
1510 0.592502 -0.904035 0 
1511 0.619409 -0.8548 0 
1512 0.609027 -0.762064 0 
1513 0.526008 -0.7698 0 
1514 0.585072 -0.781959 0 
1515 0.596959 -0.705019 0 
1516 0.720902 -0.635922 0 
1517 0.604632 -0.595117 0 
1518 0.606212 -0.655272 0 
1519 0.540571 -0.561037 0 
1520 0.629933 -0.578954 0 
1521 0.600828 -0.503972 0 
1522 0.636488 -1.00321 0 
1523 0.668214 -0.919978 0 
1524 0.589573 -0.960965 0 
1525 0.610947 -0.926986 0 
1526 0.555716 -0.874161 0 
1527 0.576886 -0.79514 0 
1528 0.706978 -0.777981 0 
1529 0.58456 -0.671743 0 
1530 0.698416 -0.758534 0 
1531 0.666285 -0.683834 0 
1532 0.638621 -0.61083 0 
1533 0.616615 -0.577137 0 
1534 0.596273 -0.552209 0 
1535 0.690271 -0.505763 0 
1536 0.636488 -0.503972 0 
1537 0.672148 -1.00321 0 
1538 0.672148 -0.967552 0 
1539 0.672148 -0.931892 0 
1540 0.672148 -0.896232 0 
1541 0.672148 -0.860572 0 
1542 0.672148 -0.824912 0 
1543 0.672148 -0.789252 0 
1544 0.672148 -0.753592 0 
1545 0.672148 -0.717932 0 
1546 0.672148 -0.682272 0 
1547 0.672148 -0.646612 0 
1548 0.672148 -0.610952 0 
1549 0.672148 -0.575292 0 
1550 0.672148 -0.539632 0 
1551 0.672148 -0.503972 0 
