0 -0.718592 -0.646612 0 
1 -0.718592 -0.610952 0 
2 -0.718592 -0.575292 0 
3 -0.718592 -0.539632 0 
4 -0.718592 -0.503972 0 
5 -0.718592 -0.468312 0 
6 -0.718592 -0.432652 0 
7 -0.718592 -0.396992 0 
8 -0.718592 -0.361332 0 
9 -0.718592 -0.325672 0 
10 -0.718592 -0.290012 0 
11 -0.718592 -0.254352 0 
12 -0.718592 -0.218692 0 
13 -0.718592 -0.183032 0 
14 -0.718592 -0.147372 0 
15 -0.718592 -0.111712 0 
16 -0.718592 -0.0760524 0 
17 -0.718592 -0.0403924 0 
18 -0.718592 -0.00473244 0 
19 -0.718592 0.0309276 0 
20 -0.718592 0.0665876 0 
21 -0.718592 0.102248 0 
22 -0.718592 0.137908 0 
23 -0.718592 0.173568 0 
24 -0.718592 0.209228 0 
25 -0.718592 0.244888 0 
26 -0.718592 0.280547 0 
27 -0.682932 -0.646612 0 
28 -0.023222 -0.022561 0 
29 -0.023222 -0.022561 0 
30 -0.023222 -0.022561 0 
31 -0.023222 -0.022561 0 
32 -0.023222 -0.022561 0 
33 -0.023222 -0.022561 0 
34 -0.023222 -0.022561 0 
35 -0.023222 -0.022561 0 
36 -0.023222 -0.022561 0 
37 -0.023222 -0.022561 0 
38 -0.023222 -0.022561 0 
39 -0.023222 -0.022561 0 
40 -0.023222 -0.022561 0 
41 -0.023222 -0.022561 0 
42 -0.023222 -0.022561 0 
43 -0.023222 -0.022561 0 
44 -0.023222 -0.022561 0 
45 -0.023222 -0.022561 0 
46 -0.023222 -0.022561 0 
47 -0.023222 -0.022561 0 
48 -0.023222 -0.022561 0 
49 -0.023222 -0.022561 0 
50 -0.023222 -0.022561 0 
51 -0.023222 -0.022561 0 
52 -0.023222 -0.022561 0 
53 -0.682932 0.280547 0 
54 -0.647272 -0.646612 0 
55 -0.023222 -0.022561 0 
56 -0.023222 -0.022561 0 
57 -0.023222 -0.022561 0 
58 -0.023222 -0.022561 0 
59 -0.023222 -0.022561 0 
60 -0.023222 -0.022561 0 
61 -0.023222 -0.022561 0 
62 -0.023222 -0.022561 0 
63 -0.023222 -0.022561 0 
64 -0.023222 -0.022561 0 
65 -0.023222 -0.022561 0 
66 -0.023222 -0.022561 0 
67 -0.023222 -0.022561 0 
68 -0.023222 -0.022561 0 
69 -0.023222 -0.022561 0 
70 -0.023222 -0.022561 0 
71 -0.023222 -0.022561 0 
72 -0.023222 -0.022561 0 
73 -0.023222 -0.022561 0 
74 -0.023222 -0.022561 0 
75 -0.023222 -0.022561 0 
76 -0.023222 -0.022561 0 
77 -0.023222 -0.022561 0 
78 -0.023222 -0.022561 0 
79 -0.023222 -0.022561 0 
80 -0.647272 0.280547 0 
81 -0.611612 -0.646612 0 
82 -0.023222 -0.022561 0 
83 -0.023222 -0.022561 0 
84 -0.023222 -0.022561 0 
85 -0.023222 -0.022561 0 
86 -0.023222 -0.022561 0 
87 -0.023222 -0.022561 0 
88 -0.023222 -0.022561 0 
89 -0.023222 -0.022561 0 
90 -0.023222 -0.022561 0 
91 -0.023222 -0.022561 0 
92 -0.023222 -0.022561 0 
93 -0.023222 -0.022561 0 
94 -0.023222 -0.022561 0 
95 -0.023222 -0.022561 0 
96 -0.023222 -0.022561 0 
97 -0.023222 -0.022561 0 
98 -0.023222 -0.022561 0 
99 -0.023222 -0.022561 0 
100 -0.023222 -0.022561 0 
101 -0.023222 -0.022561 0 
102 -0.023222 -0.022561 0 
103 -0.023222 -0.022561 0 
104 -0.023222 -0.022561 0 
105 -0.023222 -0.022561 0 
106 -0.023222 -0.022561 0 
107 -0.611612 0.280547 0 
108 -0.575952 -0.646612 0 
109 -0.023222 -0.022561 0 
110 -0.023222 -0.022561 0 
111 -0.023222 -0.022561 0 
112 -0.023222 -0.022561 0 
113 -0.023222 -0.022561 0 
114 -0.023222 -0.022561 0 
115 -0.023222 -0.022561 0 
116 -0.023222 -0.022561 0 
117 -0.023222 -0.022561 0 
118 -0.023222 -0.022561 0 
119 -0.023222 -0.022561 0 
120 -0.023222 -0.022561 0 
121 -0.023222 -0.022561 0 
122 -0.023222 -0.022561 0 
123 -0.023222 -0.022561 0 
124 -0.023222 -0.022561 0 
125 -0.023222 -0.022561 0 
126 -0.023222 -0.022561 0 
127 -0.023222 -0.022561 0 
128 -0.023222 -0.022561 0 
129 -0.023222 -0.022561 0 
130 -0.023222 -0.022561 0 
131 -0.023222 -0.022561 0 
132 -0.023222 -0.022561 0 
133 -0.023222 -0.022561 0 
134 -0.575952 0.280547 0 
135 -0.540292 -0.646612 0 
136 -0.023222 -0.022561 0 
137 -0.023222 -0.022561 0 
138 -0.023222 -0.022561 0 
139 -0.023222 -0.022561 0 
140 -0.023222 -0.022561 0 
141 -0.023222 -0.022561 0 
142 -0.023222 -0.022561 0 
143 -0.023222 -0.022561 0 
144 -0.023222 -0.022561 0 
145 -0.023222 -0.022561 0 
146 -0.023222 -0.022561 0 
147 -0.023222 -0.022561 0 
148 -0.023222 -0.022561 0 
149 -0.023222 -0.022561 0 
150 -0.023222 -0.022561 0 
151 -0.023222 -0.022561 0 
152 -0.023222 -0.022561 0 
153 -0.023222 -0.022561 0 
154 -0.023222 -0.022561 0 
155 -0.023222 -0.022561 0 
156 -0.023222 -0.022561 0 
157 -0.023222 -0.022561 0 
158 -0.023222 -0.022561 0 
159 -0.023222 -0.022561 0 
160 -0.023222 -0.022561 0 
161 -0.540292 0.280547 0 
162 -0.504632 -0.646612 0 
163 -0.023222 -0.022561 0 
164 -0.023222 -0.022561 0 
165 -0.023222 -0.022561 0 
166 -0.023222 -0.022561 0 
167 -0.023222 -0.022561 0 
168 -0.023222 -0.022561 0 
169 -0.023222 -0.022561 0 
170 -0.023222 -0.022561 0 
171 -0.023222 -0.022561 0 
172 -0.023222 -0.022561 0 
173 -0.023222 -0.022561 0 
174 -0.023222 -0.022561 0 
175 -0.023222 -0.022561 0 
176 -0.023222 -0.022561 0 
177 -0.023222 -0.022561 0 
178 -0.023222 -0.022561 0 
179 -0.023222 -0.022561 0 
180 -0.023222 -0.022561 0 
181 -0.023222 -0.022561 0 
182 -0.023222 -0.022561 0 
183 -0.023222 -0.022561 0 
184 -0.023222 -0.022561 0 
185 -0.023222 -0.022561 0 
186 -0.023222 -0.022561 0 
187 -0.023222 -0.022561 0 
188 -0.504632 0.280547 0 
189 -0.468972 -0.646612 0 
190 -0.023222 -0.022561 0 
191 -0.023222 -0.022561 0 
192 -0.023222 -0.022561 0 
193 -0.023222 -0.022561 0 
194 -0.023222 -0.022561 0 
195 -0.023222 -0.022561 0 
196 -0.023222 -0.022561 0 
197 -0.023222 -0.022561 0 
198 -0.023222 -0.022561 0 
199 -0.023222 -0.022561 0 
200 -0.023222 -0.022561 0 
201 -0.023222 -0.022561 0 
202 -0.023222 -0.022561 0 
203 -0.023222 -0.022561 0 
204 -0.023222 -0.022561 0 
205 -0.023222 -0.022561 0 
206 -0.023222 -0.022561 0 
207 -0.023222 -0.022561 0 
208 -0.023222 -0.022561 0 
209 -0.023222 -0.022561 0 
210 -0.023222 -0.022561 0 
211 -0.023222 -0.022561 0 
212 -0.023222 -0.022561 0 
213 -0.023222 -0.022561 0 
214 -0.023222 -0.022561 0 
215 -0.468972 0.280547 0 
216 -0.433312 -0.646612 0 
217 -0.023222 -0.022561 0 
218 -0.023222 -0.022561 0 
219 -0.023222 -0.022561 0 
220 -0.023222 -0.022561 0 
221 -0.023222 -0.022561 0 
222 -0.023222 -0.022561 0 
223 -0.023222 -0.022561 0 
224 -0.023222 -0.022561 0 
225 -0.023222 -0.022561 0 
226 -0.023222 -0.022561 0 
227 -0.023222 -0.022561 0 
228 -0.023222 -0.022561 0 
229 -0.023222 -0.022561 0 
230 -0.023222 -0.022561 0 
231 -0.023222 -0.022561 0 
232 -0.023222 -0.022561 0 
233 -0.023222 -0.022561 0 
234 -0.023222 -0.022561 0 
235 -0.023222 -0.022561 0 
236 -0.023222 -0.022561 0 
237 -0.023222 -0.022561 0 
238 -0.023222 -0.022561 0 
239 -0.023222 -0.022561 0 
240 -0.023222 -0.022561 0 
241 -0.023222 -0.022561 0 
242 -0.433312 0.280547 0 
243 -0.397652 -0.646612 0 
244 -0.023222 -0.022561 0 
245 -0.023222 -0.022561 0 
246 -0.023222 -0.022561 0 
247 -0.023222 -0.022561 0 
248 -0.023222 -0.022561 0 
249 -0.023222 -0.022561 0 
250 -0.023222 -0.022561 0 
251 -0.023222 -0.022561 0 
252 -0.023222 -0.022561 0 
253 -0.023222 -0.022561 0 
254 -0.023222 -0.022561 0 
255 -0.023222 -0.022561 0 
256 -0.023222 -0.022561 0 
257 -0.023222 -0.022561 0 
258 -0.023222 -0.022561 0 
259 -0.023222 -0.022561 0 
260 -0.023222 -0.022561 0 
261 -0.023222 -0.022561 0 
262 -0.023222 -0.022561 0 
263 -0.023222 -0.022561 0 
264 -0.023222 -0.022561 0 
265 -0.023222 -0.022561 0 
266 -0.023222 -0.022561 0 
267 -0.023222 -0.022561 0 
268 -0.023222 -0.022561 0 
269 -0.397652 0.280547 0 
270 -0.397652 0.316207 0 
271 -0.397652 0.351867 0 
272 -0.397652 0.387527 0 
273 -0.397652 0.423187 0 
274 -0.397652 0.458847 0 
275 -0.397652 0.494507 0 
276 -0.397652 0.530168 0 
277 -0.397652 0.565827 0 
278 -0.397652 0.601488 0 
279 -0.397652 0.637147 0 
280 -0.397652 0.672808 0 
281 -0.397652 0.708467 0 
282 -0.397652 0.744128 0 
283 -0.397652 0.779787 0 
284 -0.397652 0.815448 0 
285 -0.397652 0.851107 0 
286 -0.397652 0.886768 0 
287 -0.397652 0.922427 0 
288 -0.397652 0.958088 0 
289 -0.361992 -0.646612 0 
290 -0.023222 -0.022561 0 
291 -0.023222 -0.022561 0 
292 -0.023222 -0.022561 0 
293 -0.023222 -0.022561 0 
294 -0.023222 -0.022561 0 
295 -0.023222 -0.022561 0 
296 -0.023222 -0.022561 0 
297 -0.023222 -0.022561 0 
298 -0.023222 -0.022561 0 
299 -0.023222 -0.022561 0 
300 -0.023222 -0.022561 0 
301 -0.023222 -0.022561 0 
302 -0.023222 -0.022561 0 
303 -0.023222 -0.022561 0 
304 -0.023222 -0.022561 0 
305 -0.023222 -0.022561 0 
306 -0.023222 -0.022561 0 
307 -0.023222 -0.022561 0 
308 -0.023222 -0.022561 0 
309 -0.023222 -0.022561 0 
310 -0.023222 -0.022561 0 
311 -0.023222 -0.022561 0 
312 -0.023222 -0.022561 0 
313 -0.023222 -0.022561 0 
314 -0.023222 -0.022561 0 
315 -0.023222 -0.022561 0 
316 -0.023222 -0.022561 0 
317 -0.023222 -0.022561 0 
318 -0.023222 -0.022561 0 
319 -0.023222 -0.022561 0 
320 -0.023222 -0.022561 0 
321 -0.023222 -0.022561 0 
322 -0.023222 -0.022561 0 
323 -0.023222 -0.022561 0 
324 -0.023222 -0.022561 0 
325 -0.023222 -0.022561 0 
326 -0.023222 -0.022561 0 
327 -0.023222 -0.022561 0 
328 -0.023222 -0.022561 0 
329 -0.023222 -0.022561 0 
330 -0.023222 -0.022561 0 
331 -0.023222 -0.022561 0 
332 -0.023222 -0.022561 0 
333 -0.023222 -0.022561 0 
334 -0.361992 0.958088 0 
335 -0.326332 -0.646612 0 
336 -0.023222 -0.022561 0 
337 -0.023222 -0.022561 0 
338 -0.023222 -0.022561 0 
339 -0.023222 -0.022561 0 
340 -0.023222 -0.022561 0 
341 -0.023222 -0.022561 0 
342 -0.023222 -0.022561 0 
343 -0.023222 -0.022561 0 
344 -0.023222 -0.022561 0 
345 -0.023222 -0.022561 0 
346 -0.023222 -0.022561 0 
347 -0.023222 -0.022561 0 
348 -0.023222 -0.022561 0 
349 -0.023222 -0.022561 0 
350 -0.023222 -0.022561 0 
351 -0.023222 -0.022561 0 
352 -0.023222 -0.022561 0 
353 -0.023222 -0.022561 0 
354 -0.023222 -0.022561 0 
355 -0.023222 -0.022561 0 
356 -0.023222 -0.022561 0 
357 -0.023222 -0.022561 0 
358 -0.023222 -0.022561 0 
359 -0.023222 -0.022561 0 
360 -0.023222 -0.022561 0 
361 -0.023222 -0.022561 0 
362 -0.023222 -0.022561 0 
363 -0.023222 -0.022561 0 
364 -0.023222 -0.022561 0 
365 -0.023222 -0.022561 0 
366 -0.023222 -0.022561 0 
367 -0.023222 -0.022561 0 
368 -0.023222 -0.022561 0 
369 -0.023222 -0.022561 0 
370 -0.023222 -0.022561 0 
371 -0.023222 -0.022561 0 
372 -0.023222 -0.022561 0 
373 -0.023222 -0.022561 0 
374 -0.023222 -0.022561 0 
375 -0.023222 -0.022561 0 
376 -0.023222 -0.022561 0 
377 -0.023222 -0.022561 0 
378 -0.023222 -0.022561 0 
379 -0.023222 -0.022561 0 
380 -0.326332 0.958088 0 
381 -0.290672 -0.646612 0 
382 -0.023222 -0.022561 0 
383 -0.023222 -0.022561 0 
384 -0.023222 -0.022561 0 
385 -0.023222 -0.022561 0 
386 -0.023222 -0.022561 0 
387 -0.023222 -0.022561 0 
388 -0.023222 -0.022561 0 
389 -0.023222 -0.022561 0 
390 -0.023222 -0.022561 0 
391 -0.023222 -0.022561 0 
392 -0.023222 -0.022561 0 
393 -0.023222 -0.022561 0 
394 -0.023222 -0.022561 0 
395 -0.023222 -0.022561 0 
396 -0.023222 -0.022561 0 
397 -0.023222 -0.022561 0 
398 -0.023222 -0.022561 0 
399 -0.023222 -0.022561 0 
400 -0.023222 -0.022561 0 
401 -0.023222 -0.022561 0 
402 -0.023222 -0.022561 0 
403 -0.023222 -0.022561 0 
404 -0.023222 -0.022561 0 
405 -0.023222 -0.022561 0 
406 -0.023222 -0.022561 0 
407 -0.023222 -0.022561 0 
408 -0.023222 -0.022561 0 
409 -0.023222 -0.022561 0 
410 -0.023222 -0.022561 0 
411 -0.023222 -0.022561 0 
412 -0.023222 -0.022561 0 
413 -0.023222 -0.022561 0 
414 -0.023222 -0.022561 0 
415 -0.023222 -0.022561 0 
416 -0.023222 -0.022561 0 
417 -0.023222 -0.022561 0 
418 -0.023222 -0.022561 0 
419 -0.023222 -0.022561 0 
420 -0.023222 -0.022561 0 
421 -0.023222 -0.022561 0 
422 -0.023222 -0.022561 0 
423 -0.023222 -0.022561 0 
424 -0.023222 -0.022561 0 
425 -0.023222 -0.022561 0 
426 -0.290672 0.958088 0 
427 -0.255012 -0.646612 0 
428 -0.023222 -0.022561 0 
429 -0.023222 -0.022561 0 
430 -0.023222 -0.022561 0 
431 -0.023222 -0.022561 0 
432 -0.023222 -0.022561 0 
433 -0.023222 -0.022561 0 
434 -0.023222 -0.022561 0 
435 -0.023222 -0.022561 0 
436 -0.023222 -0.022561 0 
437 -0.023222 -0.022561 0 
438 -0.023222 -0.022561 0 
439 -0.023222 -0.022561 0 
440 -0.023222 -0.022561 0 
441 -0.023222 -0.022561 0 
442 -0.023222 -0.022561 0 
443 -0.023222 -0.022561 0 
444 -0.023222 -0.022561 0 
445 -0.023222 -0.022561 0 
446 -0.023222 -0.022561 0 
447 -0.023222 -0.022561 0 
448 -0.023222 -0.022561 0 
449 -0.023222 -0.022561 0 
450 -0.023222 -0.022561 0 
451 -0.023222 -0.022561 0 
452 -0.023222 -0.022561 0 
453 -0.023222 -0.022561 0 
454 -0.023222 -0.022561 0 
455 -0.023222 -0.022561 0 
456 -0.023222 -0.022561 0 
457 -0.023222 -0.022561 0 
458 -0.023222 -0.022561 0 
459 -0.023222 -0.022561 0 
460 -0.023222 -0.022561 0 
461 -0.023222 -0.022561 0 
462 -0.023222 -0.022561 0 
463 -0.023222 -0.022561 0 
464 -0.023222 -0.022561 0 
465 -0.023222 -0.022561 0 
466 -0.023222 -0.022561 0 
467 -0.023222 -0.022561 0 
468 -0.023222 -0.022561 0 
469 -0.023222 -0.022561 0 
470 -0.023222 -0.022561 0 
471 -0.023222 -0.022561 0 
472 -0.255012 0.958088 0 
473 -0.219352 -0.646612 0 
474 -0.023222 -0.022561 0 
475 -0.023222 -0.022561 0 
476 -0.023222 -0.022561 0 
477 -0.023222 -0.022561 0 
478 -0.023222 -0.022561 0 
479 -0.023222 -0.022561 0 
480 -0.023222 -0.022561 0 
481 -0.023222 -0.022561 0 
482 -0.023222 -0.022561 0 
483 -0.023222 -0.022561 0 
484 -0.023222 -0.022561 0 
485 -0.023222 -0.022561 0 
486 -0.023222 -0.022561 0 
487 -0.023222 -0.022561 0 
488 -0.023222 -0.022561 0 
489 -0.023222 -0.022561 0 
490 -0.023222 -0.022561 0 
491 -0.023222 -0.022561 0 
492 -0.023222 -0.022561 0 
493 -0.023222 -0.022561 0 
494 -0.023222 -0.022561 0 
495 -0.023222 -0.022561 0 
496 -0.023222 -0.022561 0 
497 -0.023222 -0.022561 0 
498 -0.023222 -0.022561 0 
499 -0.023222 -0.022561 0 
500 -0.023222 -0.022561 0 
501 -0.023222 -0.022561 0 
502 -0.023222 -0.022561 0 
503 -0.023222 -0.022561 0 
504 -0.023222 -0.022561 0 
505 -0.023222 -0.022561 0 
506 -0.023222 -0.022561 0 
507 -0.023222 -0.022561 0 
508 -0.023222 -0.022561 0 
509 -0.023222 -0.022561 0 
510 -0.023222 -0.022561 0 
511 -0.023222 -0.022561 0 
512 -0.023222 -0.022561 0 
513 -0.023222 -0.022561 0 
514 -0.023222 -0.022561 0 
515 -0.023222 -0.022561 0 
516 -0.023222 -0.022561 0 
517 -0.023222 -0.022561 0 
518 -0.219352 0.958088 0 
519 -0.183692 -0.646612 0 
520 -0.023222 -0.022561 0 
521 -0.023222 -0.022561 0 
522 -0.023222 -0.022561 0 
523 -0.023222 -0.022561 0 
524 -0.023222 -0.022561 0 
525 -0.023222 -0.022561 0 
526 -0.023222 -0.022561 0 
527 -0.023222 -0.022561 0 
528 -0.023222 -0.022561 0 
529 -0.023222 -0.022561 0 
530 -0.023222 -0.022561 0 
531 -0.023222 -0.022561 0 
532 -0.023222 -0.022561 0 
533 -0.023222 -0.022561 0 
534 -0.023222 -0.022561 0 
535 -0.023222 -0.022561 0 
536 -0.023222 -0.022561 0 
537 -0.023222 -0.022561 0 
538 -0.023222 -0.022561 0 
539 -0.023222 -0.022561 0 
540 -0.023222 -0.022561 0 
541 -0.023222 -0.022561 0 
542 -0.023222 -0.022561 0 
543 -0.023222 -0.022561 0 
544 -0.023222 -0.022561 0 
545 -0.023222 -0.022561 0 
546 -0.023222 -0.022561 0 
547 -0.023222 -0.022561 0 
548 -0.023222 -0.022561 0 
549 -0.023222 -0.022561 0 
550 -0.023222 -0.022561 0 
551 -0.023222 -0.022561 0 
552 -0.023222 -0.022561 0 
553 -0.023222 -0.022561 0 
554 -0.023222 -0.022561 0 
555 -0.023222 -0.022561 0 
556 -0.023222 -0.022561 0 
557 -0.023222 -0.022561 0 
558 -0.023222 -0.022561 0 
559 -0.023222 -0.022561 0 
560 -0.023222 -0.022561 0 
561 -0.023222 -0.022561 0 
562 -0.023222 -0.022561 0 
563 -0.023222 -0.022561 0 
564 -0.183692 0.958088 0 
565 -0.148032 -0.646612 0 
566 -0.023222 -0.022561 0 
567 -0.023222 -0.022561 0 
568 -0.023222 -0.022561 0 
569 -0.023222 -0.022561 0 
570 -0.023222 -0.022561 0 
571 -0.023222 -0.022561 0 
572 -0.023222 -0.022561 0 
573 -0.023222 -0.022561 0 
574 -0.023222 -0.022561 0 
575 -0.023222 -0.022561 0 
576 -0.023222 -0.022561 0 
577 -0.023222 -0.022561 0 
578 -0.023222 -0.022561 0 
579 -0.023222 -0.022561 0 
580 -0.023222 -0.022561 0 
581 -0.023222 -0.022561 0 
582 -0.023222 -0.022561 0 
583 -0.023222 -0.022561 0 
584 -0.023222 -0.022561 0 
585 -0.023222 -0.022561 0 
586 -0.023222 -0.022561 0 
587 -0.023222 -0.022561 0 
588 -0.023222 -0.022561 0 
589 -0.023222 -0.022561 0 
590 -0.023222 -0.022561 0 
591 -0.023222 -0.022561 0 
592 -0.023222 -0.022561 0 
593 -0.023222 -0.022561 0 
594 -0.023222 -0.022561 0 
595 -0.023222 -0.022561 0 
596 -0.023222 -0.022561 0 
597 -0.023222 -0.022561 0 
598 -0.023222 -0.022561 0 
599 -0.023222 -0.022561 0 
600 -0.023222 -0.022561 0 
601 -0.023222 -0.022561 0 
602 -0.023222 -0.022561 0 
603 -0.023222 -0.022561 0 
604 -0.023222 -0.022561 0 
605 -0.023222 -0.022561 0 
606 -0.023222 -0.022561 0 
607 -0.023222 -0.022561 0 
608 -0.023222 -0.022561 0 
609 -0.023222 -0.022561 0 
610 -0.148032 0.958088 0 
611 -0.112372 -0.646612 0 
612 -0.023222 -0.022561 0 
613 -0.023222 -0.022561 0 
614 -0.023222 -0.022561 0 
615 -0.023222 -0.022561 0 
616 -0.023222 -0.022561 0 
617 -0.023222 -0.022561 0 
618 -0.023222 -0.022561 0 
619 -0.023222 -0.022561 0 
620 -0.023222 -0.022561 0 
621 -0.023222 -0.022561 0 
622 -0.023222 -0.022561 0 
623 -0.023222 -0.022561 0 
624 -0.023222 -0.022561 0 
625 -0.023222 -0.022561 0 
626 -0.023222 -0.022561 0 
627 -0.023222 -0.022561 0 
628 -0.023222 -0.022561 0 
629 -0.023222 -0.022561 0 
630 -0.023222 -0.022561 0 
631 -0.023222 -0.022561 0 
632 -0.023222 -0.022561 0 
633 -0.023222 -0.022561 0 
634 -0.023222 -0.022561 0 
635 -0.023222 -0.022561 0 
636 -0.023222 -0.022561 0 
637 -0.023222 -0.022561 0 
638 -0.023222 -0.022561 0 
639 -0.023222 -0.022561 0 
640 -0.023222 -0.022561 0 
641 -0.023222 -0.022561 0 
642 -0.023222 -0.022561 0 
643 -0.023222 -0.022561 0 
644 -0.023222 -0.022561 0 
645 -0.023222 -0.022561 0 
646 -0.023222 -0.022561 0 
647 -0.023222 -0.022561 0 
648 -0.023222 -0.022561 0 
649 -0.023222 -0.022561 0 
650 -0.023222 -0.022561 0 
651 -0.023222 -0.022561 0 
652 -0.023222 -0.022561 0 
653 -0.023222 -0.022561 0 
654 -0.023222 -0.022561 0 
655 -0.023222 -0.022561 0 
656 -0.112372 0.958088 0 
657 -0.0767119 -0.646612 0 
658 -0.023222 -0.022561 0 
659 -0.023222 -0.022561 0 
660 -0.023222 -0.022561 0 
661 -0.023222 -0.022561 0 
662 -0.023222 -0.022561 0 
663 -0.023222 -0.022561 0 
664 -0.023222 -0.022561 0 
665 -0.023222 -0.022561 0 
666 -0.023222 -0.022561 0 
667 -0.023222 -0.022561 0 
668 -0.023222 -0.022561 0 
669 -0.023222 -0.022561 0 
670 -0.023222 -0.022561 0 
671 -0.023222 -0.022561 0 
672 -0.023222 -0.022561 0 
673 -0.023222 -0.022561 0 
674 -0.023222 -0.022561 0 
675 -0.023222 -0.022561 0 
676 -0.023222 -0.022561 0 
677 -0.023222 -0.022561 0 
678 -0.023222 -0.022561 0 
679 -0.023222 -0.022561 0 
680 -0.023222 -0.022561 0 
681 -0.023222 -0.022561 0 
682 -0.023222 -0.022561 0 
683 -0.023222 -0.022561 0 
684 -0.023222 -0.022561 0 
685 -0.023222 -0.022561 0 
686 -0.023222 -0.022561 0 
687 -0.023222 -0.022561 0 
688 -0.023222 -0.022561 0 
689 -0.023222 -0.022561 0 
690 -0.023222 -0.022561 0 
691 -0.023222 -0.022561 0 
692 -0.023222 -0.022561 0 
693 -0.023222 -0.022561 0 
694 -0.023222 -0.022561 0 
695 -0.023222 -0.022561 0 
696 -0.023222 -0.022561 0 
697 -0.023222 -0.022561 0 
698 -0.023222 -0.022561 0 
699 -0.023222 -0.022561 0 
700 -0.023222 -0.022561 0 
701 -0.023222 -0.022561 0 
702 -0.0767119 0.958088 0 
703 -0.0410519 -0.646612 0 
704 -0.023222 -0.022561 0 
705 -0.023222 -0.022561 0 
706 -0.023222 -0.022561 0 
707 -0.023222 -0.022561 0 
708 -0.023222 -0.022561 0 
709 -0.023222 -0.022561 0 
710 -0.023222 -0.022561 0 
711 -0.023222 -0.022561 0 
712 -0.023222 -0.022561 0 
713 -0.023222 -0.022561 0 
714 -0.023222 -0.022561 0 
715 -0.023222 -0.022561 0 
716 -0.023222 -0.022561 0 
717 -0.023222 -0.022561 0 
718 -0.023222 -0.022561 0 
719 -0.023222 -0.022561 0 
720 -0.023222 -0.022561 0 
721 -0.023222 -0.022561 0 
722 -0.023222 -0.022561 0 
723 -0.023222 -0.022561 0 
724 -0.023222 -0.022561 0 
725 -0.023222 -0.022561 0 
726 -0.023222 -0.022561 0 
727 -0.023222 -0.022561 0 
728 -0.023222 -0.022561 0 
729 -0.023222 -0.022561 0 
730 -0.023222 -0.022561 0 
731 -0.023222 -0.022561 0 
732 -0.023222 -0.022561 0 
733 -0.023222 -0.022561 0 
734 -0.023222 -0.022561 0 
735 -0.023222 -0.022561 0 
736 -0.023222 -0.022561 0 
737 -0.023222 -0.022561 0 
738 -0.023222 -0.022561 0 
739 -0.023222 -0.022561 0 
740 -0.023222 -0.022561 0 
741 -0.023222 -0.022561 0 
742 -0.023222 -0.022561 0 
743 -0.023222 -0.022561 0 
744 -0.023222 -0.022561 0 
745 -0.023222 -0.022561 0 
746 -0.023222 -0.022561 0 
747 -0.023222 -0.022561 0 
748 -0.0410519 0.958088 0 
749 -0.00539187 -0.646612 0 
750 -0.023222 -0.022561 0 
751 -0.023222 -0.022561 0 
752 -0.023222 -0.022561 0 
753 -0.023222 -0.022561 0 
754 -0.023222 -0.022561 0 
755 -0.023222 -0.022561 0 
756 -0.023222 -0.022561 0 
757 -0.023222 -0.022561 0 
758 -0.023222 -0.022561 0 
759 -0.023222 -0.022561 0 
760 -0.023222 -0.022561 0 
761 -0.023222 -0.022561 0 
762 -0.023222 -0.022561 0 
763 -0.023222 -0.022561 0 
764 -0.023222 -0.022561 0 
765 -0.023222 -0.022561 0 
766 -0.023222 -0.022561 0 
767 -0.023222 -0.022561 0 
768 -0.023222 -0.022561 0 
769 -0.023222 -0.022561 0 
770 -0.023222 -0.022561 0 
771 -0.023222 -0.022561 0 
772 -0.023222 -0.022561 0 
773 -0.023222 -0.022561 0 
774 -0.023222 -0.022561 0 
775 -0.023222 -0.022561 0 
776 -0.023222 -0.022561 0 
777 -0.023222 -0.022561 0 
778 -0.023222 -0.022561 0 
779 -0.023222 -0.022561 0 
780 -0.023222 -0.022561 0 
781 -0.023222 -0.022561 0 
782 -0.023222 -0.022561 0 
783 -0.023222 -0.022561 0 
784 -0.023222 -0.022561 0 
785 -0.023222 -0.022561 0 
786 -0.023222 -0.022561 0 
787 -0.023222 -0.022561 0 
788 -0.023222 -0.022561 0 
789 -0.023222 -0.022561 0 
790 -0.023222 -0.022561 0 
791 -0.023222 -0.022561 0 
792 -0.023222 -0.022561 0 
793 -0.023222 -0.022561 0 
794 -0.00539187 0.958088 0 
795 0.0302681 -0.646612 0 
796 -0.023222 -0.022561 0 
797 -0.023222 -0.022561 0 
798 -0.023222 -0.022561 0 
799 -0.023222 -0.022561 0 
800 -0.023222 -0.022561 0 
801 -0.023222 -0.022561 0 
802 -0.023222 -0.022561 0 
803 -0.023222 -0.022561 0 
804 -0.023222 -0.022561 0 
805 -0.023222 -0.022561 0 
806 -0.023222 -0.022561 0 
807 -0.023222 -0.022561 0 
808 -0.023222 -0.022561 0 
809 -0.023222 -0.022561 0 
810 -0.023222 -0.022561 0 
811 -0.023222 -0.022561 0 
812 -0.023222 -0.022561 0 
813 -0.023222 -0.022561 0 
814 -0.023222 -0.022561 0 
815 -0.023222 -0.022561 0 
816 -0.023222 -0.022561 0 
817 -0.023222 -0.022561 0 
818 -0.023222 -0.022561 0 
819 -0.023222 -0.022561 0 
820 -0.023222 -0.022561 0 
821 -0.023222 -0.022561 0 
822 -0.023222 -0.022561 0 
823 -0.023222 -0.022561 0 
824 -0.023222 -0.022561 0 
825 -0.023222 -0.022561 0 
826 -0.023222 -0.022561 0 
827 -0.023222 -0.022561 0 
828 -0.023222 -0.022561 0 
829 -0.023222 -0.022561 0 
830 -0.023222 -0.022561 0 
831 -0.023222 -0.022561 0 
832 -0.023222 -0.022561 0 
833 -0.023222 -0.022561 0 
834 -0.023222 -0.022561 0 
835 -0.023222 -0.022561 0 
836 -0.023222 -0.022561 0 
837 -0.023222 -0.022561 0 
838 -0.023222 -0.022561 0 
839 -0.023222 -0.022561 0 
840 0.0302681 0.958088 0 
841 0.0659281 -1.00321 0 
842 0.0659281 -0.967552 0 
843 0.0659281 -0.931892 0 
844 0.0659281 -0.896232 0 
845 0.0659281 -0.860572 0 
846 0.0659281 -0.824912 0 
847 0.0659281 -0.789252 0 
848 0.0659281 -0.753592 0 
849 0.0659281 -0.717932 0 
850 0.0659281 -0.682272 0 
851 0.0659281 -0.646612 0 
852 -0.023222 -0.022561 0 
853 -0.023222 -0.022561 0 
854 -0.023222 -0.022561 0 
855 -0.023222 -0.022561 0 
856 -0.023222 -0.022561 0 
857 -0.023222 -0.022561 0 
858 -0.023222 -0.022561 0 
859 -0.023222 -0.022561 0 
860 -0.023222 -0.022561 0 
861 -0.023222 -0.022561 0 
862 -0.023222 -0.022561 0 
863 -0.023222 -0.022561 0 
864 -0.023222 -0.022561 0 
865 -0.023222 -0.022561 0 
866 -0.023222 -0.022561 0 
867 -0.023222 -0.022561 0 
868 -0.023222 -0.022561 0 
869 -0.023222 -0.022561 0 
870 -0.023222 -0.022561 0 
871 -0.023222 -0.022561 0 
872 -0.023222 -0.022561 0 
873 -0.023222 -0.022561 0 
874 -0.023222 -0.022561 0 
875 -0.023222 -0.022561 0 
876 -0.023222 -0.022561 0 
877 -0.023222 -0.022561 0 
878 -0.023222 -0.022561 0 
879 -0.023222 -0.022561 0 
880 -0.023222 -0.022561 0 
881 -0.023222 -0.022561 0 
882 -0.023222 -0.022561 0 
883 -0.023222 -0.022561 0 
884 -0.023222 -0.022561 0 
885 -0.023222 -0.022561 0 
886 -0.023222 -0.022561 0 
887 -0.023222 -0.022561 0 
888 -0.023222 -0.022561 0 
889 -0.023222 -0.022561 0 
890 -0.023222 -0.022561 0 
891 -0.023222 -0.022561 0 
892 -0.023222 -0.022561 0 
893 -0.023222 -0.022561 0 
894 -0.023222 -0.022561 0 
895 -0.023222 -0.022561 0 
896 0.0659281 0.958088 0 
897 0.101588 -1.00321 0 
898 -0.023222 -0.022561 0 
899 -0.023222 -0.022561 0 
900 -0.023222 -0.022561 0 
901 -0.023222 -0.022561 0 
902 -0.023222 -0.022561 0 
903 -0.023222 -0.022561 0 
904 -0.023222 -0.022561 0 
905 -0.023222 -0.022561 0 
906 -0.023222 -0.022561 0 
907 -0.023222 -0.022561 0 
908 -0.023222 -0.022561 0 
909 -0.023222 -0.022561 0 
910 -0.023222 -0.022561 0 
911 -0.023222 -0.022561 0 
912 -0.023222 -0.022561 0 
913 -0.023222 -0.022561 0 
914 -0.023222 -0.022561 0 
915 -0.023222 -0.022561 0 
916 -0.023222 -0.022561 0 
917 -0.023222 -0.022561 0 
918 -0.023222 -0.022561 0 
919 -0.023222 -0.022561 0 
920 -0.023222 -0.022561 0 
921 -0.023222 -0.022561 0 
922 -0.023222 -0.022561 0 
923 -0.023222 -0.022561 0 
924 -0.023222 -0.022561 0 
925 -0.023222 -0.022561 0 
926 -0.023222 -0.022561 0 
927 -0.023222 -0.022561 0 
928 -0.023222 -0.022561 0 
929 -0.023222 -0.022561 0 
930 -0.023222 -0.022561 0 
931 -0.023222 -0.022561 0 
932 -0.023222 -0.022561 0 
933 -0.023222 -0.022561 0 
934 -0.023222 -0.022561 0 
935 -0.023222 -0.022561 0 
936 -0.023222 -0.022561 0 
937 -0.023222 -0.022561 0 
938 -0.023222 -0.022561 0 
939 -0.023222 -0.022561 0 
940 -0.023222 -0.022561 0 
941 -0.023222 -0.022561 0 
942 -0.023222 -0.022561 0 
943 -0.023222 -0.022561 0 
944 -0.023222 -0.022561 0 
945 -0.023222 -0.022561 0 
946 -0.023222 -0.022561 0 
947 -0.023222 -0.022561 0 
948 -0.023222 -0.022561 0 
949 -0.023222 -0.022561 0 
950 -0.023222 -0.022561 0 
951 -0.023222 -0.022561 0 
952 0.101588 0.958088 0 
953 0.137248 -1.00321 0 
954 -0.023222 -0.022561 0 
955 -0.023222 -0.022561 0 
956 -0.023222 -0.022561 0 
957 -0.023222 -0.022561 0 
958 -0.023222 -0.022561 0 
959 -0.023222 -0.022561 0 
960 -0.023222 -0.022561 0 
961 -0.023222 -0.022561 0 
962 -0.023222 -0.022561 0 
963 -0.023222 -0.022561 0 
964 -0.023222 -0.022561 0 
965 -0.023222 -0.022561 0 
966 -0.023222 -0.022561 0 
967 -0.023222 -0.022561 0 
968 -0.023222 -0.022561 0 
969 -0.023222 -0.022561 0 
970 -0.023222 -0.022561 0 
971 -0.023222 -0.022561 0 
972 -0.023222 -0.022561 0 
973 -0.023222 -0.022561 0 
974 -0.023222 -0.022561 0 
975 -0.023222 -0.022561 0 
976 -0.023222 -0.022561 0 
977 -0.023222 -0.022561 0 
978 -0.023222 -0.022561 0 
979 -0.023222 -0.022561 0 
980 -0.023222 -0.022561 0 
981 -0.023222 -0.022561 0 
982 -0.023222 -0.022561 0 
983 -0.023222 -0.022561 0 
984 -0.023222 -0.022561 0 
985 -0.023222 -0.022561 0 
986 -0.023222 -0.022561 0 
987 -0.023222 -0.022561 0 
988 -0.023222 -0.022561 0 
989 -0.023222 -0.022561 0 
990 -0.023222 -0.022561 0 
991 -0.023222 -0.022561 0 
992 -0.023222 -0.022561 0 
993 -0.023222 -0.022561 0 
994 -0.023222 -0.022561 0 
995 -0.023222 -0.022561 0 
996 -0.023222 -0.022561 0 
997 -0.023222 -0.022561 0 
998 -0.023222 -0.022561 0 
999 -0.023222 -0.022561 0 
1000 -0.023222 -0.022561 0 
1001 -0.023222 -0.022561 0 
1002 -0.023222 -0.022561 0 
1003 -0.023222 -0.022561 0 
1004 -0.023222 -0.022561 0 
1005 -0.023222 -0.022561 0 
1006 -0.023222 -0.022561 0 
1007 -0.023222 -0.022561 0 
1008 0.137248 0.958088 0 
1009 0.172908 -1.00321 0 
1010 -0.023222 -0.022561 0 
1011 -0.023222 -0.022561 0 
1012 -0.023222 -0.022561 0 
1013 -0.023222 -0.022561 0 
1014 -0.023222 -0.022561 0 
1015 -0.023222 -0.022561 0 
1016 -0.023222 -0.022561 0 
1017 -0.023222 -0.022561 0 
1018 -0.023222 -0.022561 0 
1019 -0.023222 -0.022561 0 
1020 -0.023222 -0.022561 0 
1021 -0.023222 -0.022561 0 
1022 -0.023222 -0.022561 0 
1023 -0.023222 -0.022561 0 
1024 -0.023222 -0.022561 0 
1025 -0.023222 -0.022561 0 
1026 -0.023222 -0.022561 0 
1027 -0.023222 -0.022561 0 
1028 -0.023222 -0.022561 0 
1029 -0.023222 -0.022561 0 
1030 -0.023222 -0.022561 0 
1031 -0.023222 -0.022561 0 
1032 -0.023222 -0.022561 0 
1033 -0.023222 -0.022561 0 
1034 -0.023222 -0.022561 0 
1035 -0.023222 -0.022561 0 
1036 -0.023222 -0.022561 0 
1037 -0.023222 -0.022561 0 
1038 -0.023222 -0.022561 0 
1039 -0.023222 -0.022561 0 
1040 -0.023222 -0.022561 0 
1041 -0.023222 -0.022561 0 
1042 -0.023222 -0.022561 0 
1043 -0.023222 -0.022561 0 
1044 -0.023222 -0.022561 0 
1045 -0.023222 -0.022561 0 
1046 -0.023222 -0.022561 0 
1047 -0.023222 -0.022561 0 
1048 -0.023222 -0.022561 0 
1049 -0.023222 -0.022561 0 
1050 -0.023222 -0.022561 0 
1051 -0.023222 -0.022561 0 
1052 -0.023222 -0.022561 0 
1053 -0.023222 -0.022561 0 
1054 -0.023222 -0.022561 0 
1055 -0.023222 -0.022561 0 
1056 -0.023222 -0.022561 0 
1057 -0.023222 -0.022561 0 
1058 -0.023222 -0.022561 0 
1059 -0.023222 -0.022561 0 
1060 -0.023222 -0.022561 0 
1061 -0.023222 -0.022561 0 
1062 -0.023222 -0.022561 0 
1063 -0.023222 -0.022561 0 
1064 0.172908 0.958088 0 
1065 0.208568 -1.00321 0 
1066 -0.023222 -0.022561 0 
1067 -0.023222 -0.022561 0 
1068 -0.023222 -0.022561 0 
1069 -0.023222 -0.022561 0 
1070 -0.023222 -0.022561 0 
1071 -0.023222 -0.022561 0 
1072 -0.023222 -0.022561 0 
1073 -0.023222 -0.022561 0 
1074 -0.023222 -0.022561 0 
1075 -0.023222 -0.022561 0 
1076 -0.023222 -0.022561 0 
1077 -0.023222 -0.022561 0 
1078 -0.023222 -0.022561 0 
1079 -0.023222 -0.022561 0 
1080 -0.023222 -0.022561 0 
1081 -0.023222 -0.022561 0 
1082 -0.023222 -0.022561 0 
1083 -0.023222 -0.022561 0 
1084 -0.023222 -0.022561 0 
1085 -0.023222 -0.022561 0 
1086 -0.023222 -0.022561 0 
1087 -0.023222 -0.022561 0 
1088 -0.023222 -0.022561 0 
1089 -0.023222 -0.022561 0 
1090 -0.023222 -0.022561 0 
1091 -0.023222 -0.022561 0 
1092 -0.023222 -0.022561 0 
1093 -0.023222 -0.022561 0 
1094 -0.023222 -0.022561 0 
1095 -0.023222 -0.022561 0 
1096 -0.023222 -0.022561 0 
1097 -0.023222 -0.022561 0 
1098 -0.023222 -0.022561 0 
1099 -0.023222 -0.022561 0 
1100 -0.023222 -0.022561 0 
1101 -0.023222 -0.022561 0 
1102 -0.023222 -0.022561 0 
1103 -0.023222 -0.022561 0 
1104 -0.023222 -0.022561 0 
1105 -0.023222 -0.022561 0 
1106 -0.023222 -0.022561 0 
1107 -0.023222 -0.022561 0 
1108 -0.023222 -0.022561 0 
1109 -0.023222 -0.022561 0 
1110 -0.023222 -0.022561 0 
1111 -0.023222 -0.022561 0 
1112 -0.023222 -0.022561 0 
1113 -0.023222 -0.022561 0 
1114 -0.023222 -0.022561 0 
1115 -0.023222 -0.022561 0 
1116 -0.023222 -0.022561 0 
1117 -0.023222 -0.022561 0 
1118 -0.023222 -0.022561 0 
1119 -0.023222 -0.022561 0 
1120 0.208568 0.958088 0 
1121 0.244228 -1.00321 0 
1122 -0.023222 -0.022561 0 
1123 -0.023222 -0.022561 0 
1124 -0.023222 -0.022561 0 
1125 -0.023222 -0.022561 0 
1126 -0.023222 -0.022561 0 
1127 -0.023222 -0.022561 0 
1128 -0.023222 -0.022561 0 
1129 -0.023222 -0.022561 0 
1130 -0.023222 -0.022561 0 
1131 -0.023222 -0.022561 0 
1132 -0.023222 -0.022561 0 
1133 -0.023222 -0.022561 0 
1134 -0.023222 -0.022561 0 
1135 -0.023222 -0.022561 0 
1136 -0.023222 -0.022561 0 
1137 -0.023222 -0.022561 0 
1138 -0.023222 -0.022561 0 
1139 -0.023222 -0.022561 0 
1140 -0.023222 -0.022561 0 
1141 -0.023222 -0.022561 0 
1142 -0.023222 -0.022561 0 
1143 -0.023222 -0.022561 0 
1144 -0.023222 -0.022561 0 
1145 -0.023222 -0.022561 0 
1146 -0.023222 -0.022561 0 
1147 -0.023222 -0.022561 0 
1148 -0.023222 -0.022561 0 
1149 -0.023222 -0.022561 0 
1150 -0.023222 -0.022561 0 
1151 -0.023222 -0.022561 0 
1152 -0.023222 -0.022561 0 
1153 -0.023222 -0.022561 0 
1154 -0.023222 -0.022561 0 
1155 -0.023222 -0.022561 0 
1156 -0.023222 -0.022561 0 
1157 -0.023222 -0.022561 0 
1158 -0.023222 -0.022561 0 
1159 -0.023222 -0.022561 0 
1160 -0.023222 -0.022561 0 
1161 -0.023222 -0.022561 0 
1162 -0.023222 -0.022561 0 
1163 -0.023222 -0.022561 0 
1164 -0.023222 -0.022561 0 
1165 -0.023222 -0.022561 0 
1166 -0.023222 -0.022561 0 
1167 -0.023222 -0.022561 0 
1168 -0.023222 -0.022561 0 
1169 -0.023222 -0.022561 0 
1170 -0.023222 -0.022561 0 
1171 -0.023222 -0.022561 0 
1172 -0.023222 -0.022561 0 
1173 -0.023222 -0.022561 0 
1174 -0.023222 -0.022561 0 
1175 -0.023222 -0.022561 0 
1176 0.244228 0.958088 0 
1177 0.279888 -1.00321 0 
1178 -0.023222 -0.022561 0 
1179 -0.023222 -0.022561 0 
1180 -0.023222 -0.022561 0 
1181 -0.023222 -0.022561 0 
1182 -0.023222 -0.022561 0 
1183 -0.023222 -0.022561 0 
1184 -0.023222 -0.022561 0 
1185 -0.023222 -0.022561 0 
1186 -0.023222 -0.022561 0 
1187 -0.023222 -0.022561 0 
1188 -0.023222 -0.022561 0 
1189 -0.023222 -0.022561 0 
1190 -0.023222 -0.022561 0 
1191 0.279888 -0.503972 0 
1192 0.279888 -0.468312 0 
1193 0.279888 -0.432652 0 
1194 0.279888 -0.396992 0 
1195 0.279888 -0.361332 0 
1196 0.279888 -0.325672 0 
1197 0.279888 -0.290012 0 
1198 0.279888 -0.254352 0 
1199 0.279888 -0.218692 0 
1200 0.279888 -0.183032 0 
1201 0.279888 -0.147372 0 
1202 0.279888 -0.111712 0 
1203 0.279888 -0.0760524 0 
1204 0.279888 -0.0403924 0 
1205 0.279888 -0.00473244 0 
1206 0.279888 0.0309276 0 
1207 0.279888 0.0665876 0 
1208 0.279888 0.102248 0 
1209 0.279888 0.137908 0 
1210 0.279888 0.173568 0 
1211 0.279888 0.209228 0 
1212 -0.023222 -0.022561 0 
1213 -0.023222 -0.022561 0 
1214 -0.023222 -0.022561 0 
1215 -0.023222 -0.022561 0 
1216 -0.023222 -0.022561 0 
1217 -0.023222 -0.022561 0 
1218 -0.023222 -0.022561 0 
1219 -0.023222 -0.022561 0 
1220 -0.023222 -0.022561 0 
1221 -0.023222 -0.022561 0 
1222 -0.023222 -0.022561 0 
1223 -0.023222 -0.022561 0 
1224 -0.023222 -0.022561 0 
1225 -0.023222 -0.022561 0 
1226 -0.023222 -0.022561 0 
1227 -0.023222 -0.022561 0 
1228 -0.023222 -0.022561 0 
1229 -0.023222 -0.022561 0 
1230 -0.023222 -0.022561 0 
1231 -0.023222 -0.022561 0 
1232 0.279888 0.958088 0 
1233 0.315548 -1.00321 0 
1234 -0.023222 -0.022561 0 
1235 -0.023222 -0.022561 0 
1236 -0.023222 -0.022561 0 
1237 -0.023222 -0.022561 0 
1238 -0.023222 -0.022561 0 
1239 -0.023222 -0.022561 0 
1240 -0.023222 -0.022561 0 
1241 -0.023222 -0.022561 0 
1242 -0.023222 -0.022561 0 
1243 -0.023222 -0.022561 0 
1244 -0.023222 -0.022561 0 
1245 -0.023222 -0.022561 0 
1246 -0.023222 -0.022561 0 
1247 0.315548 -0.503972 0 
1248 0.315548 0.209228 0 
1249 -0.023222 -0.022561 0 
1250 -0.023222 -0.022561 0 
1251 -0.023222 -0.022561 0 
1252 -0.023222 -0.022561 0 
1253 -0.023222 -0.022561 0 
1254 -0.023222 -0.022561 0 
1255 -0.023222 -0.022561 0 
1256 -0.023222 -0.022561 0 
1257 -0.023222 -0.022561 0 
1258 -0.023222 -0.022561 0 
1259 -0.023222 -0.022561 0 
1260 -0.023222 -0.022561 0 
1261 -0.023222 -0.022561 0 
1262 -0.023222 -0.022561 0 
1263 -0.023222 -0.022561 0 
1264 -0.023222 -0.022561 0 
1265 -0.023222 -0.022561 0 
1266 -0.023222 -0.022561 0 
1267 -0.023222 -0.022561 0 
1268 -0.023222 -0.022561 0 
1269 0.315548 0.958088 0 
1270 0.351208 -1.00321 0 
1271 -0.023222 -0.022561 0 
1272 -0.023222 -0.022561 0 
1273 -0.023222 -0.022561 0 
1274 -0.023222 -0.022561 0 
1275 -0.023222 -0.022561 0 
1276 -0.023222 -0.022561 0 
1277 -0.023222 -0.022561 0 
1278 -0.023222 -0.022561 0 
1279 -0.023222 -0.022561 0 
1280 -0.023222 -0.022561 0 
1281 -0.023222 -0.022561 0 
1282 -0.023222 -0.022561 0 
1283 -0.023222 -0.022561 0 
1284 0.351208 -0.503972 0 
1285 0.351208 0.209228 0 
1286 -0.023222 -0.022561 0 
1287 -0.023222 -0.022561 0 
1288 -0.023222 -0.022561 0 
1289 -0.023222 -0.022561 0 
1290 -0.023222 -0.022561 0 
1291 -0.023222 -0.022561 0 
1292 -0.023222 -0.022561 0 
1293 -0.023222 -0.022561 0 
1294 -0.023222 -0.022561 0 
1295 -0.023222 -0.022561 0 
1296 -0.023222 -0.022561 0 
1297 -0.023222 -0.022561 0 
1298 -0.023222 -0.022561 0 
1299 -0.023222 -0.022561 0 
1300 -0.023222 -0.022561 0 
1301 -0.023222 -0.022561 0 
1302 -0.023222 -0.022561 0 
1303 -0.023222 -0.022561 0 
1304 -0.023222 -0.022561 0 
1305 -0.023222 -0.022561 0 
1306 0.351208 0.958088 0 
1307 0.386868 -1.00321 0 
1308 -0.023222 -0.022561 0 
1309 -0.023222 -0.022561 0 
1310 -0.023222 -0.022561 0 
1311 -0.023222 -0.022561 0 
1312 -0.023222 -0.022561 0 
1313 -0.023222 -0.022561 0 
1314 -0.023222 -0.022561 0 
1315 -0.023222 -0.022561 0 
1316 -0.023222 -0.022561 0 
1317 -0.023222 -0.022561 0 
1318 -0.023222 -0.022561 0 
1319 -0.023222 -0.022561 0 
1320 -0.023222 -0.022561 0 
1321 0.386868 -0.503972 0 
1322 0.386868 0.209228 0 
1323 -0.023222 -0.022561 0 
1324 -0.023222 -0.022561 0 
1325 -0.023222 -0.022561 0 
1326 -0.023222 -0.022561 0 
1327 -0.023222 -0.022561 0 
1328 -0.023222 -0.022561 0 
1329 -0.023222 -0.022561 0 
1330 -0.023222 -0.022561 0 
1331 -0.023222 -0.022561 0 
1332 -0.023222 -0.022561 0 
1333 -0.023222 -0.022561 0 
1334 -0.023222 -0.022561 0 
1335 -0.023222 -0.022561 0 
1336 -0.023222 -0.022561 0 
1337 -0.023222 -0.022561 0 
1338 -0.023222 -0.022561 0 
1339 -0.023222 -0.022561 0 
1340 -0.023222 -0.022561 0 
1341 -0.023222 -0.022561 0 
1342 -0.023222 -0.022561 0 
1343 0.386868 0.958088 0 
1344 0.422528 -1.00321 0 
1345 -0.023222 -0.022561 0 
1346 -0.023222 -0.022561 0 
1347 -0.023222 -0.022561 0 
1348 -0.023222 -0.022561 0 
1349 -0.023222 -0.022561 0 
1350 -0.023222 -0.022561 0 
1351 -0.023222 -0.022561 0 
1352 -0.023222 -0.022561 0 
1353 -0.023222 -0.022561 0 
1354 -0.023222 -0.022561 0 
1355 -0.023222 -0.022561 0 
1356 -0.023222 -0.022561 0 
1357 -0.023222 -0.022561 0 
1358 0.422528 -0.503972 0 
1359 0.422528 0.209228 0 
1360 -0.023222 -0.022561 0 
1361 -0.023222 -0.022561 0 
1362 -0.023222 -0.022561 0 
1363 -0.023222 -0.022561 0 
1364 -0.023222 -0.022561 0 
1365 -0.023222 -0.022561 0 
1366 -0.023222 -0.022561 0 
1367 -0.023222 -0.022561 0 
1368 -0.023222 -0.022561 0 
1369 -0.023222 -0.022561 0 
1370 -0.023222 -0.022561 0 
1371 -0.023222 -0.022561 0 
1372 -0.023222 -0.022561 0 
1373 -0.023222 -0.022561 0 
1374 -0.023222 -0.022561 0 
1375 -0.023222 -0.022561 0 
1376 -0.023222 -0.022561 0 
1377 -0.023222 -0.022561 0 
1378 -0.023222 -0.022561 0 
1379 -0.023222 -0.022561 0 
1380 0.422528 0.958088 0 
1381 0.458188 -1.00321 0 
1382 -0.023222 -0.022561 0 
1383 -0.023222 -0.022561 0 
1384 -0.023222 -0.022561 0 
1385 -0.023222 -0.022561 0 
1386 -0.023222 -0.022561 0 
1387 -0.023222 -0.022561 0 
1388 -0.023222 -0.022561 0 
1389 -0.023222 -0.022561 0 
1390 -0.023222 -0.022561 0 
1391 -0.023222 -0.022561 0 
1392 -0.023222 -0.022561 0 
1393 -0.023222 -0.022561 0 
1394 -0.023222 -0.022561 0 
1395 0.458188 -0.503972 0 
1396 0.458188 0.209228 0 
1397 -0.023222 -0.022561 0 
1398 -0.023222 -0.022561 0 
1399 -0.023222 -0.022561 0 
1400 -0.023222 -0.022561 0 
1401 -0.023222 -0.022561 0 
1402 -0.023222 -0.022561 0 
1403 -0.023222 -0.022561 0 
1404 -0.023222 -0.022561 0 
1405 -0.023222 -0.022561 0 
1406 -0.023222 -0.022561 0 
1407 -0.023222 -0.022561 0 
1408 -0.023222 -0.022561 0 
1409 -0.023222 -0.022561 0 
1410 -0.023222 -0.022561 0 
1411 -0.023222 -0.022561 0 
1412 -0.023222 -0.022561 0 
1413 -0.023222 -0.022561 0 
1414 -0.023222 -0.022561 0 
1415 -0.023222 -0.022561 0 
1416 -0.023222 -0.022561 0 
1417 0.458188 0.958088 0 
1418 0.493848 -1.00321 0 
1419 -0.023222 -0.022561 0 
1420 -0.023222 -0.022561 0 
1421 -0.023222 -0.022561 0 
1422 -0.023222 -0.022561 0 
1423 -0.023222 -0.022561 0 
1424 -0.023222 -0.022561 0 
1425 -0.023222 -0.022561 0 
1426 -0.023222 -0.022561 0 
1427 -0.023222 -0.022561 0 
1428 -0.023222 -0.022561 0 
1429 -0.023222 -0.022561 0 
1430 -0.023222 -0.022561 0 
1431 -0.023222 -0.022561 0 
1432 0.493848 -0.503972 0 
1433 0.493848 0.209228 0 
1434 -0.023222 -0.022561 0 
1435 -0.023222 -0.022561 0 
1436 -0.023222 -0.022561 0 
1437 -0.023222 -0.022561 0 
1438 -0.023222 -0.022561 0 
1439 -0.023222 -0.022561 0 
1440 -0.023222 -0.022561 0 
1441 -0.023222 -0.022561 0 
1442 -0.023222 -0.022561 0 
1443 -0.023222 -0.022561 0 
1444 -0.023222 -0.022561 0 
1445 -0.023222 -0.022561 0 
1446 -0.023222 -0.022561 0 
1447 -0.023222 -0.022561 0 
1448 -0.023222 -0.022561 0 
1449 -0.023222 -0.022561 0 
1450 -0.023222 -0.022561 0 
1451 -0.023222 -0.022561 0 
1452 -0.023222 -0.022561 0 
1453 -0.023222 -0.022561 0 
1454 0.493848 0.958088 0 
1455 0.529508 -1.00321 0 
1456 -0.023222 -0.022561 0 
1457 -0.023222 -0.022561 0 
1458 -0.023222 -0.022561 0 
1459 -0.023222 -0.022561 0 
1460 -0.023222 -0.022561 0 
1461 -0.023222 -0.022561 0 
1462 -0.023222 -0.022561 0 
1463 -0.023222 -0.022561 0 
1464 -0.023222 -0.022561 0 
1465 -0.023222 -0.022561 0 
1466 -0.023222 -0.022561 0 
1467 -0.023222 -0.022561 0 
1468 -0.023222 -0.022561 0 
1469 0.529508 -0.503972 0 
1470 0.529508 0.209228 0 
1471 0.529508 0.244888 0 
1472 0.529508 0.280547 0 
1473 0.529508 0.316207 0 
1474 0.529508 0.351867 0 
1475 0.529508 0.387527 0 
1476 0.529508 0.423187 0 
1477 0.529508 0.458847 0 
1478 0.529508 0.494507 0 
1479 0.529508 0.530168 0 
1480 0.529508 0.565827 0 
1481 0.529508 0.601488 0 
1482 0.529508 0.637147 0 
1483 0.529508 0.672808 0 
1484 0.529508 0.708467 0 
1485 0.529508 0.744128 0 
1486 0.529508 0.779787 0 
1487 0.529508 0.815448 0 
1488 0.529508 0.851107 0 
1489 0.529508 0.886768 0 
1490 0.529508 0.922427 0 
1491 0.529508 0.958088 0 
1492 0.565168 -1.00321 0 
1493 -0.023222 -0.022561 0 
1494 -0.023222 -0.022561 0 
1495 -0.023222 -0.022561 0 
1496 -0.023222 -0.022561 0 
1497 -0.023222 -0.022561 0 
1498 -0.023222 -0.022561 0 
1499 -0.023222 -0.022561 0 
1500 -0.023222 -0.022561 0 
1501 -0.023222 -0.022561 0 
1502 -0.023222 -0.022561 0 
1503 -0.023222 -0.022561 0 
1504 -0.023222 -0.022561 0 
1505 -0.023222 -0.022561 0 
1506 0.565168 -0.503972 0 
1507 0.600828 -1.00321 0 
1508 -0.023222 -0.022561 0 
1509 -0.023222 -0.022561 0 
1510 -0.023222 -0.022561 0 
1511 -0.023222 -0.022561 0 
1512 -0.023222 -0.022561 0 
1513 -0.023222 -0.022561 0 
1514 -0.023222 -0.022561 0 
1515 -0.023222 -0.022561 0 
1516 -0.023222 -0.022561 0 
1517 -0.023222 -0.022561 0 
1518 -0.023222 -0.022561 0 
1519 -0.023222 -0.022561 0 
1520 -0.023222 -0.022561 0 
1521 0.600828 -0.503972 0 
1522 0.636488 -1.00321 0 
1523 -0.023222 -0.022561 0 
1524 -0.023222 -0.022561 0 
1525 -0.023222 -0.022561 0 
1526 -0.023222 -0.022561 0 
1527 -0.023222 -0.022561 0 
1528 -0.023222 -0.022561 0 
1529 -0.023222 -0.022561 0 
1530 -0.023222 -0.022561 0 
1531 -0.023222 -0.022561 0 
1532 -0.023222 -0.022561 0 
1533 -0.023222 -0.022561 0 
1534 -0.023222 -0.022561 0 
1535 -0.023222 -0.022561 0 
1536 0.636488 -0.503972 0 
1537 0.672148 -1.00321 0 
1538 0.672148 -0.967552 0 
1539 0.672148 -0.931892 0 
1540 0.672148 -0.896232 0 
1541 0.672148 -0.860572 0 
1542 0.672148 -0.824912 0 
1543 0.672148 -0.789252 0 
1544 0.672148 -0.753592 0 
1545 0.672148 -0.717932 0 
1546 0.672148 -0.682272 0 
1547 0.672148 -0.646612 0 
1548 0.672148 -0.610952 0 
1549 0.672148 -0.575292 0 
1550 0.672148 -0.539632 0 
1551 0.672148 -0.503972 0 
