0 -0.740007 0.464435 0 
1 -0.740007 0.499559 0 
2 -0.740007 0.534682 0 
3 -0.740007 0.569806 0 
4 -0.740007 0.604929 0 
5 -0.740007 0.640052 0 
6 -0.740007 0.675176 0 
7 -0.740007 0.710299 0 
8 -0.740007 0.745423 0 
9 -0.740007 0.780546 0 
10 -0.740007 0.815669 0 
11 -0.740007 0.850793 0 
12 -0.740007 0.885916 0 
13 -0.740007 0.92104 0 
14 -0.740007 0.956163 0 
15 -0.704884 0.464435 0 
16 -0.712005 0.518406 0 
17 -0.696314 0.56147 0 
18 -0.722647 0.578575 0 
19 -0.710381 0.621239 0 
20 -0.69119 0.652254 0 
21 -0.723633 0.664268 0 
22 -0.70846 0.723824 0 
23 -0.679587 0.762014 0 
24 -0.6974 0.779301 0 
25 -0.729422 0.822976 0 
26 -0.722368 0.841304 0 
27 -0.70467 0.904619 0 
28 -0.690204 0.927213 0 
29 -0.704884 0.956163 0 
30 -0.669761 0.464435 0 
31 -0.677772 0.477769 0 
32 -0.692193 0.527703 0 
33 -0.667232 0.576157 0 
34 -0.695731 0.611456 0 
35 -0.690293 0.627965 0 
36 -0.647642 0.678744 0 
37 -0.693005 0.692029 0 
38 -0.685489 0.713356 0 
39 -0.627333 0.780039 0 
40 -0.63888 0.796501 0 
41 -0.652399 0.8247 0 
42 -0.688704 0.89645 0 
43 -0.648123 0.937368 0 
44 -0.669761 0.956163 0 
45 -0.634637 0.464435 0 
46 -0.664191 0.500035 0 
47 -0.677546 0.525476 0 
48 -0.658056 0.561946 0 
49 -0.599998 0.596865 0 
50 -0.64142 0.65144 0 
51 -0.627647 0.674702 0 
52 -0.641248 0.709182 0 
53 -0.612557 0.739436 0 
54 -0.602896 0.774266 0 
55 -0.615325 0.815672 0 
56 -0.63147 0.85064 0 
57 -0.63102 0.868854 0 
58 -0.640331 0.911876 0 
59 -0.634637 0.956163 0 
60 -0.599514 0.464435 0 
61 -0.599727 0.483168 0 
62 -0.580732 0.538767 0 
63 -0.591964 0.562999 0 
64 -0.579997 0.588375 0 
65 -0.59894 0.642625 0 
66 -0.57233 0.674896 0 
67 -0.571527 0.696526 0 
68 -0.575976 0.717424 0 
69 -0.58698 0.790308 0 
70 -0.600428 0.808504 0 
71 -0.574139 0.843853 0 
72 -0.592031 0.865413 0 
73 -0.564945 0.929589 0 
74 -0.599514 0.956163 0 
75 -0.56439 0.464435 0 
76 -0.577214 0.500318 0 
77 -0.567344 0.532265 0 
78 -0.543044 0.559017 0 
79 -0.568194 0.576952 0 
80 -0.521575 0.624233 0 
81 -0.556649 0.673644 0 
82 -0.545195 0.730344 0 
83 -0.539807 0.766156 0 
84 -0.547116 0.781884 0 
85 -0.551222 0.818866 0 
86 -0.559068 0.844891 0 
87 -0.569824 0.873658 0 
88 -0.541732 0.94414 0 
89 -0.56439 0.956163 0 
90 -0.529267 0.464435 0 
91 -0.561712 0.499362 0 
92 -0.553015 0.509708 0 
93 -0.481853 0.577738 0 
94 -0.486384 0.591507 0 
95 -0.491381 0.627688 0 
96 -0.53883 0.675871 0 
97 -0.530133 0.695629 0 
98 -0.49885 0.73222 0 
99 -0.514718 0.809074 0 
100 -0.509491 0.882693 0 
101 -0.523279 0.896531 0 
102 -0.532071 0.912091 0 
103 -0.524483 0.945515 0 
104 -0.529267 0.956163 0 
105 -0.494143 0.464435 0 
106 -0.522867 0.488929 0 
107 -0.51368 0.513237 0 
108 -0.465387 0.559429 0 
109 -0.450021 0.62014 0 
110 -0.479336 0.613621 0 
111 -0.46698 0.66261 0 
112 -0.500055 0.692963 0 
113 -0.477063 0.736676 0 
114 -0.476307 0.810086 0 
115 -0.477141 0.835621 0 
116 -0.482949 0.893816 0 
117 -0.492464 0.92007 0 
118 -0.496293 0.946712 0 
119 -0.494143 0.956163 0 
120 -0.45902 -0.729761 0 
121 -0.45902 -0.694637 0 
122 -0.45902 -0.659514 0 
123 -0.45902 -0.624391 0 
124 -0.45902 -0.589267 0 
125 -0.45902 -0.554144 0 
126 -0.45902 -0.51902 0 
127 -0.45902 -0.483897 0 
128 -0.45902 -0.448774 0 
129 -0.45902 -0.41365 0 
130 -0.45902 -0.378527 0 
131 -0.45902 -0.343403 0 
132 -0.45902 0.464435 0 
133 -0.439596 0.497924 0 
134 -0.439121 0.54343 0 
135 -0.417055 0.573648 0 
136 -0.429364 0.600338 0 
137 -0.437977 0.663925 0 
138 -0.441901 0.685511 0 
139 -0.445282 0.735154 0 
140 -0.447695 0.754478 0 
141 -0.441075 0.786633 0 
142 -0.463851 0.838505 0 
143 -0.445417 0.860906 0 
144 -0.446846 0.898259 0 
145 -0.443544 0.913948 0 
146 -0.45902 0.956163 0 
147 -0.423897 -0.729761 0 
148 -0.44899 -0.716686 0 
149 -0.415786 -0.64795 0 
150 -0.437632 -0.623969 0 
151 -0.416755 -0.607277 0 
152 -0.415417 -0.596399 0 
153 -0.437051 -0.534623 0 
154 -0.443134 -0.491844 0 
155 -0.418002 -0.476742 0 
156 -0.434312 -0.42178 0 
157 -0.433535 -0.366011 0 
158 -0.423897 -0.343403 0 
159 -0.423897 0.464435 0 
160 -0.417793 0.48708 0 
161 -0.421496 0.549046 0 
162 -0.410143 0.566862 0 
163 -0.388886 0.593251 0 
164 -0.384574 0.602143 0 
165 -0.398521 0.654074 0 
166 -0.403977 0.673261 0 
167 -0.412837 0.773859 0 
168 -0.415192 0.78354 0 
169 -0.446468 0.832727 0 
170 -0.40936 0.863657 0 
171 -0.433337 0.887604 0 
172 -0.43322 0.903352 0 
173 -0.423897 0.956163 0 
174 -0.388773 -0.729761 0 
175 -0.370344 -0.694697 0 
176 -0.366109 -0.659804 0 
177 -0.347014 -0.646508 0 
178 -0.380122 -0.613031 0 
179 -0.398979 -0.594406 0 
180 -0.408878 -0.547716 0 
181 -0.413936 -0.504865 0 
182 -0.399909 -0.480385 0 
183 -0.383116 -0.449659 0 
184 -0.397419 -0.354943 0 
185 -0.388773 -0.343403 0 
186 -0.388773 0.464435 0 
187 -0.407682 0.475129 0 
188 -0.370436 0.507427 0 
189 -0.395505 0.56289 0 
190 -0.365552 0.600609 0 
191 -0.361708 0.611894 0 
192 -0.378134 0.679144 0 
193 -0.373191 0.712071 0 
194 -0.378954 0.72256 0 
195 -0.381775 0.775997 0 
196 -0.375187 0.79325 0 
197 -0.412887 0.844922 0 
198 -0.372827 0.874965 0 
199 -0.407428 0.91107 0 
200 -0.388773 0.956163 0 
201 -0.35365 -0.729761 0 
202 -0.366554 -0.711349 0 
203 -0.325413 -0.677772 0 
204 -0.330155 -0.649915 0 
205 -0.357072 -0.615435 0 
206 -0.374953 -0.602633 0 
207 -0.343473 -0.530862 0 
208 -0.384594 -0.51688 0 
209 -0.3138 -0.445859 0 
210 -0.35204 -0.419541 0 
211 -0.343957 -0.38093 0 
212 -0.35365 -0.343403 0 
213 -0.35365 -0.30828 0 
214 -0.35365 -0.273156 0 
215 -0.35365 -0.238033 0 
216 -0.35365 -0.20291 0 
217 -0.35365 -0.167786 0 
218 -0.35365 -0.132663 0 
219 -0.35365 -0.0975394 0 
220 -0.35365 -0.062416 0 
221 -0.35365 -0.0272926 0 
222 -0.35365 0.00783085 0 
223 -0.35365 0.0429543 0 
224 -0.35365 0.0780777 0 
225 -0.35365 0.113201 0 
226 -0.35365 0.148325 0 
227 -0.35365 0.183448 0 
228 -0.35365 0.218571 0 
229 -0.35365 0.253695 0 
230 -0.35365 0.288818 0 
231 -0.35365 0.323942 0 
232 -0.35365 0.359065 0 
233 -0.35365 0.394188 0 
234 -0.35365 0.429312 0 
235 -0.35365 0.464435 0 
236 -0.356137 0.484732 0 
237 -0.347019 0.502567 0 
238 -0.337 0.550907 0 
239 -0.368348 0.572808 0 
240 -0.332495 0.604274 0 
241 -0.332899 0.647376 0 
242 -0.365039 0.708068 0 
243 -0.344275 0.733504 0 
244 -0.364041 0.746455 0 
245 -0.331714 0.808592 0 
246 -0.394271 0.84294 0 
247 -0.361293 0.868499 0 
248 -0.35475 0.89367 0 
249 -0.35365 0.956163 0 
250 -0.318526 -0.975625 0 
251 -0.318526 -0.940501 0 
252 -0.318526 -0.905378 0 
253 -0.318526 -0.870255 0 
254 -0.318526 -0.835131 0 
255 -0.318526 -0.800008 0 
256 -0.318526 -0.764884 0 
257 -0.318526 -0.729761 0 
258 -0.298947 -0.700163 0 
259 -0.301591 -0.678113 0 
260 -0.265564 -0.640168 0 
261 -0.338949 -0.61897 0 
262 -0.294763 -0.573831 0 
263 -0.330089 -0.562888 0 
264 -0.282773 -0.478271 0 
265 -0.277593 -0.450008 0 
266 -0.297894 -0.421877 0 
267 -0.329206 -0.372183 0 
268 -0.340093 -0.362002 0 
269 -0.309844 -0.321688 0 
270 -0.316907 -0.306725 0 
271 -0.286766 -0.239764 0 
272 -0.305747 -0.205172 0 
273 -0.319756 -0.161287 0 
274 -0.333306 -0.141262 0 
275 -0.328712 -0.118753 0 
276 -0.337146 -0.0482163 0 
277 -0.328446 -0.0235832 0 
278 -0.335495 -0.0131079 0 
279 -0.322372 0.0571985 0 
280 -0.312391 0.0987756 0 
281 -0.301055 0.124334 0 
282 -0.289742 0.144282 0 
283 -0.291056 0.164074 0 
284 -0.314952 0.235 0 
285 -0.319781 0.251978 0 
286 -0.344665 0.281645 0 
287 -0.330103 0.314289 0 
288 -0.33732 0.334548 0 
289 -0.312085 0.436088 0 
290 -0.322348 0.454714 0 
291 -0.32551 0.471467 0 
292 -0.308546 0.500526 0 
293 -0.328817 0.51251 0 
294 -0.325606 0.531197 0 
295 -0.311363 0.583839 0 
296 -0.303577 0.605201 0 
297 -0.317656 0.636386 0 
298 -0.314613 0.696126 0 
299 -0.331778 0.714977 0 
300 -0.289037 0.781683 0 
301 -0.308287 0.811614 0 
302 -0.310418 0.843574 0 
303 -0.31204 0.871625 0 
304 -0.336807 0.897482 0 
305 -0.318526 0.956163 0 
306 -0.283403 -0.975625 0 
307 -0.29288 -0.933273 0 
308 -0.307395 -0.915552 0 
309 -0.300054 -0.858398 0 
310 -0.294962 -0.825259 0 
311 -0.266721 -0.773209 0 
312 -0.26561 -0.751429 0 
313 -0.288727 -0.73397 0 
314 -0.235981 -0.686693 0 
315 -0.24059 -0.667981 0 
316 -0.253252 -0.644544 0 
317 -0.269748 -0.602264 0 
318 -0.275292 -0.583696 0 
319 -0.270417 -0.525333 0 
320 -0.262454 -0.49831 0 
321 -0.26624 -0.434351 0 
322 -0.264742 -0.390236 0 
323 -0.309041 -0.367288 0 
324 -0.300096 -0.340851 0 
325 -0.284311 -0.317189 0 
326 -0.284717 -0.302707 0 
327 -0.259005 -0.23785 0 
328 -0.252849 -0.221614 0 
329 -0.257626 -0.199433 0 
330 -0.301184 -0.120503 0 
331 -0.287888 -0.0931441 0 
332 -0.294803 -0.0797729 0 
333 -0.301081 -0.051353 0 
334 -0.31435 0.00929577 0 
335 -0.309269 0.0372968 0 
336 -0.280602 0.0777278 0 
337 -0.296022 0.107593 0 
338 -0.273914 0.155286 0 
339 -0.272372 0.19174 0 
340 -0.277508 0.204734 0 
341 -0.306263 0.26775 0 
342 -0.310007 0.295292 0 
343 -0.274877 0.344034 0 
344 -0.279856 0.382383 0 
345 -0.280517 0.411838 0 
346 -0.281615 0.435774 0 
347 -0.287244 0.45055 0 
348 -0.278538 0.511907 0 
349 -0.308834 0.511505 0 
350 -0.289874 0.557896 0 
351 -0.273779 0.614614 0 
352 -0.283531 0.619101 0 
353 -0.273362 0.655735 0 
354 -0.239352 0.725602 0 
355 -0.28606 0.733622 0 
356 -0.277206 0.75572 0 
357 -0.257286 0.783892 0 
358 -0.301318 0.842775 0 
359 -0.295373 0.866557 0 
360 -0.278523 0.936579 0 
361 -0.283403 0.956163 0 
362 -0.248279 -0.975625 0 
363 -0.232558 -0.928208 0 
364 -0.242852 -0.900819 0 
365 -0.236032 -0.866925 0 
366 -0.263091 -0.843635 0 
367 -0.267431 -0.817433 0 
368 -0.241248 -0.765764 0 
369 -0.235281 -0.739819 0 
370 -0.206668 -0.686349 0 
371 -0.207184 -0.675377 0 
372 -0.21252 -0.665106 0 
373 -0.256875 -0.594337 0 
374 -0.258664 -0.582692 0 
375 -0.255076 -0.513952 0 
376 -0.240616 -0.472715 0 
377 -0.240094 -0.45694 0 
378 -0.251584 -0.394087 0 
379 -0.248708 -0.363666 0 
380 -0.239528 -0.340844 0 
381 -0.245845 -0.321429 0 
382 -0.24446 -0.28785 0 
383 -0.222853 -0.261995 0 
384 -0.228204 -0.243498 0 
385 -0.235227 -0.163687 0 
386 -0.244246 -0.154237 0 
387 -0.279594 -0.0915007 0 
388 -0.276106 -0.0820197 0 
389 -0.264901 -0.0577817 0 
390 -0.296878 -0.000248364 0 
391 -0.27325 0.0335424 0 
392 -0.250187 0.0821838 0 
393 -0.235354 0.111698 0 
394 -0.269048 0.134001 0 
395 -0.225528 0.166691 0 
396 -0.254671 0.212982 0 
397 -0.241545 0.228341 0 
398 -0.235646 0.255302 0 
399 -0.277192 0.313871 0 
400 -0.245323 0.33881 0 
401 -0.26198 0.412955 0 
402 -0.273059 0.420218 0 
403 -0.268156 0.44551 0 
404 -0.261303 0.509092 0 
405 -0.255251 0.538611 0 
406 -0.254385 0.579954 0 
407 -0.252295 0.595964 0 
408 -0.246768 0.641477 0 
409 -0.229143 0.687147 0 
410 -0.230691 0.701314 0 
411 -0.206925 0.756554 0 
412 -0.214545 0.773707 0 
413 -0.236466 0.790125 0 
414 -0.229688 0.85845 0 
415 -0.226995 0.878947 0 
416 -0.270887 0.891342 0 
417 -0.248279 0.956163 0 
418 -0.213156 -0.975625 0 
419 -0.198746 -0.956669 0 
420 -0.208001 -0.928543 0 
421 -0.227361 -0.864142 0 
422 -0.242533 -0.843607 0 
423 -0.208905 -0.775001 0 
424 -0.192619 -0.736123 0 
425 -0.191607 -0.7158 0 
426 -0.200108 -0.704831 0 
427 -0.186681 -0.651115 0 
428 -0.185457 -0.631921 0 
429 -0.200166 -0.630867 0 
430 -0.228724 -0.560465 0 
431 -0.222268 -0.542794 0 
432 -0.231018 -0.506338 0 
433 -0.193818 -0.43236 0 
434 -0.221895 -0.423519 0 
435 -0.218109 -0.406752 0 
436 -0.214116 -0.383172 0 
437 -0.206589 -0.338714 0 
438 -0.214307 -0.294512 0 
439 -0.208531 -0.256426 0 
440 -0.211459 -0.204784 0 
441 -0.217586 -0.165464 0 
442 -0.232321 -0.151212 0 
443 -0.219366 -0.112981 0 
444 -0.247638 -0.0775701 0 
445 -0.205205 -0.0380025 0 
446 -0.250036 -0.0283114 0 
447 -0.25046 -0.00872213 0 
448 -0.246654 0.0273171 0 
449 -0.179 0.138553 0 
450 -0.199416 0.148034 0 
451 -0.175934 0.175245 0 
452 -0.183518 0.187825 0 
453 -0.207382 0.223002 0 
454 -0.220261 0.271813 0 
455 -0.22791 0.319088 0 
456 -0.224557 0.333632 0 
457 -0.230106 0.371888 0 
458 -0.242886 0.444145 0 
459 -0.240468 0.470693 0 
460 -0.232127 0.520713 0 
461 -0.209653 0.567218 0 
462 -0.241956 0.561562 0 
463 -0.215216 0.625141 0 
464 -0.222888 0.659494 0 
465 -0.216969 0.682079 0 
466 -0.193154 0.714528 0 
467 -0.180678 0.768278 0 
468 -0.180193 0.788312 0 
469 -0.198918 0.788381 0 
470 -0.213165 0.799527 0 
471 -0.200865 0.885503 0 
472 -0.231344 0.913574 0 
473 -0.213156 0.956163 0 
474 -0.178033 -0.975625 0 
475 -0.160266 -0.949313 0 
476 -0.159702 -0.923673 0 
477 -0.210516 -0.868894 0 
478 -0.16516 -0.844166 0 
479 -0.172999 -0.818556 0 
480 -0.18825 -0.752386 0 
481 -0.159497 -0.712549 0 
482 -0.179828 -0.680739 0 
483 -0.175565 -0.656568 0 
484 -0.129819 -0.625749 0 
485 -0.188832 -0.598962 0 
486 -0.198022 -0.581268 0 
487 -0.203063 -0.543643 0 
488 -0.210562 -0.514061 0 
489 -0.173383 -0.432509 0 
490 -0.180172 -0.404769 0 
491 -0.176927 -0.387494 0 
492 -0.149435 -0.356394 0 
493 -0.165428 -0.288548 0 
494 -0.186656 -0.265476 0 
495 -0.186677 -0.23486 0 
496 -0.174881 -0.198175 0 
497 -0.182136 -0.186973 0 
498 -0.206079 -0.134297 0 
499 -0.203127 -0.119791 0 
500 -0.155972 -0.0547345 0 
501 -0.176599 -0.0311175 0 
502 -0.176859 0.00190185 0 
503 -0.194796 0.0208718 0 
504 -0.16009 0.0760432 0 
505 -0.164473 0.106607 0 
506 -0.159144 0.162878 0 
507 -0.158667 0.177966 0 
508 -0.161726 0.221992 0 
509 -0.192759 0.224956 0 
510 -0.171847 0.27174 0 
511 -0.184696 0.284662 0 
512 -0.186637 0.331861 0 
513 -0.219129 0.368617 0 
514 -0.215318 0.409582 0 
515 -0.164009 0.499981 0 
516 -0.143385 0.531674 0 
517 -0.19929 0.550718 0 
518 -0.182814 0.604723 0 
519 -0.183874 0.627307 0 
520 -0.161306 0.649062 0 
521 -0.193434 0.677829 0 
522 -0.155249 0.723388 0 
523 -0.152341 0.737323 0 
524 -0.167729 0.801121 0 
525 -0.171419 0.811202 0 
526 -0.164476 0.860498 0 
527 -0.182806 0.864155 0 
528 -0.191793 0.921567 0 
529 -0.178033 0.956163 0 
530 -0.142909 -0.975625 0 
531 -0.137791 -0.966356 0 
532 -0.131688 -0.895065 0 
533 -0.13612 -0.879468 0 
534 -0.147698 -0.855941 0 
535 -0.150527 -0.776816 0 
536 -0.15514 -0.744775 0 
537 -0.123306 -0.715251 0 
538 -0.162498 -0.690483 0 
539 -0.0947239 -0.65358 0 
540 -0.118234 -0.631057 0 
541 -0.130474 -0.593773 0 
542 -0.143079 -0.57779 0 
543 -0.159597 -0.556141 0 
544 -0.128211 -0.45618 0 
545 -0.15202 -0.432982 0 
546 -0.114977 -0.412867 0 
547 -0.121432 -0.379148 0 
548 -0.128434 -0.360432 0 
549 -0.138664 -0.310514 0 
550 -0.113307 -0.257226 0 
551 -0.124763 -0.235546 0 
552 -0.101497 -0.217952 0 
553 -0.142548 -0.166113 0 
554 -0.1595 -0.147443 0 
555 -0.16025 -0.105945 0 
556 -0.130164 -0.0501982 0 
557 -0.13163 -0.0401348 0 
558 -0.158417 0.00261208 0 
559 -0.153515 0.0150459 0 
560 -0.159249 0.0337754 0 
561 -0.110001 0.118364 0 
562 -0.129145 0.133306 0 
563 -0.14167 0.17214 0 
564 -0.148325 0.206771 0 
565 -0.134416 0.272387 0 
566 -0.146444 0.28879 0 
567 -0.157623 0.346561 0 
568 -0.16522 0.373854 0 
569 -0.169825 0.395422 0 
570 -0.131331 0.470254 0 
571 -0.120446 0.51033 0 
572 -0.12645 0.53436 0 
573 -0.1597 0.563935 0 
574 -0.161866 0.587048 0 
575 -0.174602 0.6205 0 
576 -0.153829 0.638828 0 
577 -0.142909 0.675176 0 
578 -0.142909 0.710299 0 
579 -0.142909 0.745423 0 
580 -0.142909 0.780546 0 
581 -0.142909 0.815669 0 
582 -0.142909 0.850793 0 
583 -0.142909 0.885916 0 
584 -0.142909 0.92104 0 
585 -0.142909 0.956163 0 
586 -0.107786 -0.975625 0 
587 -0.124283 -0.962354 0 
588 -0.114823 -0.919011 0 
589 -0.113954 -0.898036 0 
590 -0.116988 -0.844767 0 
591 -0.123998 -0.830588 0 
592 -0.121258 -0.744953 0 
593 -0.117967 -0.723451 0 
594 -0.0925524 -0.689774 0 
595 -0.0846844 -0.666666 0 
596 -0.0855542 -0.639564 0 
597 -0.0959476 -0.623003 0 
598 -0.1099 -0.544176 0 
599 -0.0934633 -0.494317 0 
600 -0.106907 -0.467806 0 
601 -0.0945345 -0.438556 0 
602 -0.0941284 -0.421875 0 
603 -0.102434 -0.34241 0 
604 -0.104464 -0.319735 0 
605 -0.101339 -0.288154 0 
606 -0.106231 -0.277732 0 
607 -0.0665031 -0.245395 0 
608 -0.0826901 -0.220525 0 
609 -0.116467 -0.168166 0 
610 -0.101636 -0.140962 0 
611 -0.140201 -0.108681 0 
612 -0.104751 -0.0927951 0 
613 -0.105695 -0.0214436 0 
614 -0.118543 -0.0153894 0 
615 -0.106967 0.00709765 0 
616 -0.0985759 0.0639207 0 
617 -0.102949 0.0856803 0 
618 -0.0694163 0.156999 0 
619 -0.115158 0.165164 0 
620 -0.0815109 0.246482 0 
621 -0.0897538 0.269648 0 
622 -0.112587 0.286013 0 
623 -0.127361 0.324798 0 
624 -0.131843 0.340793 0 
625 -0.116712 0.42897 0 
626 -0.117141 0.444004 0 
627 -0.107083 0.499842 0 
628 -0.106051 0.508914 0 
629 -0.106441 0.572345 0 
630 -0.0939982 0.588186 0 
631 -0.135596 0.608941 0 
632 -0.132239 0.619582 0 
633 -0.107786 0.675176 0 
634 -0.0726625 -0.975625 0 
635 -0.100998 -0.958861 0 
636 -0.0740555 -0.875854 0 
637 -0.0988394 -0.876081 0 
638 -0.102184 -0.833667 0 
639 -0.0917954 -0.797319 0 
640 -0.102736 -0.787523 0 
641 -0.0620797 -0.698534 0 
642 -0.0617266 -0.676544 0 
643 -0.0726625 -0.659514 0 
644 -0.0726625 -0.624391 0 
645 -0.0726625 -0.589267 0 
646 -0.0726625 -0.554144 0 
647 -0.0726625 -0.51902 0 
648 -0.0726625 -0.483897 0 
649 -0.0726625 -0.448774 0 
650 -0.0726625 -0.41365 0 
651 -0.0726625 -0.378527 0 
652 -0.0726625 -0.343403 0 
653 -0.0726625 -0.30828 0 
654 -0.0802968 -0.274566 0 
655 -0.0405582 -0.242366 0 
656 -0.0691307 -0.226546 0 
657 -0.0636881 -0.173482 0 
658 -0.0968141 -0.152637 0 
659 -0.0566558 -0.119936 0 
660 -0.0740073 -0.0943261 0 
661 -0.088475 -0.0284609 0 
662 -0.0822908 0.00858782 0 
663 -0.0935942 0.016329 0 
664 -0.0847711 0.057188 0 
665 -0.0837456 0.083089 0 
666 -0.0417085 0.164338 0 
667 -0.0691146 0.196345 0 
668 -0.0655503 0.219548 0 
669 -0.0626935 0.264106 0 
670 -0.0635109 0.288329 0 
671 -0.0833993 0.300911 0 
672 -0.103821 0.361536 0 
673 -0.0937193 0.417333 0 
674 -0.0866826 0.439667 0 
675 -0.0884586 0.505348 0 
676 -0.0861069 0.521393 0 
677 -0.0862372 0.578047 0 
678 -0.0803034 0.592932 0 
679 -0.0996094 0.614073 0 
680 -0.0820956 0.635737 0 
681 -0.0726625 0.675176 0 
682 -0.037539 -0.975625 0 
683 -0.0471689 -0.955111 0 
684 -0.0553757 -0.883032 0 
685 -0.0684543 -0.854691 0 
686 -0.0692227 -0.840498 0 
687 -0.0836969 -0.820247 0 
688 -0.0489428 -0.751557 0 
689 -0.0244558 -0.689044 0 
690 -0.0363434 -0.681902 0 
691 -0.037539 -0.659514 0 
692 -0.037539 -0.30828 0 
693 -0.0140919 -0.26015 0 
694 -0.0241753 -0.246346 0 
695 -0.0452547 -0.220375 0 
696 -0.0147696 -0.187989 0 
697 -0.0269604 -0.143704 0 
698 -0.0434786 -0.12635 0 
699 -0.0510172 -0.107587 0 
700 -0.0472641 -0.0796185 0 
701 -0.0468297 -0.0447991 0 
702 -0.0576974 0.0417477 0 
703 -0.0480052 0.0720181 0 
704 -0.0154196 0.115655 0 
705 -0.0190869 0.168749 0 
706 -0.0243531 0.184143 0 
707 -0.0476144 0.24415 0 
708 -0.0490251 0.264743 0 
709 -0.0455178 0.280889 0 
710 -0.0502475 0.301771 0 
711 -0.0549314 0.317739 0 
712 -0.0752475 0.406083 0 
713 -0.0445585 0.472832 0 
714 -0.064555 0.478907 0 
715 -0.0660682 0.533058 0 
716 -0.051826 0.56118 0 
717 -0.0723461 0.588975 0 
718 -0.0553366 0.600235 0 
719 -0.0265629 0.663315 0 
720 -0.037539 0.675176 0 
721 -0.00241561 -0.975625 0 
722 -0.0158244 -0.91398 0 
723 -0.0312876 -0.90974 0 
724 -0.0129351 -0.871446 0 
725 -0.0399736 -0.841502 0 
726 -0.00253128 -0.765199 0 
727 -0.0268043 -0.753879 0 
728 -0.0205739 -0.74031 0 
729 0.00650434 -0.678853 0 
730 -0.00241561 -0.659514 0 
731 -0.00241561 -0.30828 0 
732 -0.0111616 -0.295733 0 
733 0.0125498 -0.24982 0 
734 0.00583437 -0.237297 0 
735 -0.0186097 -0.210857 0 
736 0.0265122 -0.18044 0 
737 0.0132346 -0.127676 0 
738 -0.0298219 -0.104708 0 
739 0.00146084 -0.0398493 0 
740 -0.0297405 -0.041895 0 
741 -0.0337436 0.0392577 0 
742 -0.0421008 0.0646218 0 
743 -0.00241561 0.113201 0 
744 -0.00241561 0.148325 0 
745 -0.00241561 0.183448 0 
746 -0.00241561 0.218571 0 
747 -0.0068866 0.23636 0 
748 -0.00245042 0.307069 0 
749 -0.00917856 0.358587 0 
750 -0.0179114 0.369934 0 
751 -0.0323383 0.387787 0 
752 -0.0322005 0.417535 0 
753 -0.00314742 0.503448 0 
754 -0.0183601 0.514647 0 
755 -0.0427246 0.544 0 
756 0.0114774 0.569916 0 
757 0.00980676 0.588698 0 
758 -0.0048815 0.644395 0 
759 -0.00241561 0.675176 0 
760 0.0327078 -0.975625 0 
761 0.0261898 -0.941835 0 
762 0.000507025 -0.888124 0 
763 0.023422 -0.846959 0 
764 0.0144825 -0.83935 0 
765 0.00676321 -0.820403 0 
766 0.0421176 -0.735561 0 
767 0.00944469 -0.723444 0 
768 0.0296927 -0.683146 0 
769 0.0327078 -0.659514 0 
770 0.0327078 -0.30828 0 
771 0.0128094 -0.28442 0 
772 0.0384077 -0.234228 0 
773 0.0320782 -0.22677 0 
774 0.038289 -0.206147 0 
775 0.0366024 -0.190142 0 
776 0.0360903 -0.149843 0 
777 0.0261565 -0.104941 0 
778 0.0405382 -0.045482 0 
779 0.00616116 -0.0192559 0 
780 0.0290961 0.0596973 0 
781 0.0383083 0.0851497 0 
782 0.0327078 0.113201 0 
783 0.0327078 0.218571 0 
784 0.0203064 0.272046 0 
785 0.0228002 0.302816 0 
786 0.023656 0.318652 0 
787 0.0205489 0.380948 0 
788 0.044447 0.405789 0 
789 0.0473259 0.422442 0 
790 0.0132432 0.446074 0 
791 0.0429816 0.529179 0 
792 0.0259919 0.545346 0 
793 0.0342542 0.559659 0 
794 0.0293643 0.632491 0 
795 0.0238441 0.654993 0 
796 0.0327078 0.675176 0 
797 0.0678312 -0.975625 0 
798 0.0509377 -0.956441 0 
799 0.0598684 -0.874635 0 
800 0.0318554 -0.856334 0 
801 0.0491578 -0.81653 0 
802 0.074071 -0.771471 0 
803 0.0641177 -0.746134 0 
804 0.047173 -0.708535 0 
805 0.0693251 -0.670249 0 
806 0.0678312 -0.659514 0 
807 0.0678312 -0.624391 0 
808 0.0678312 -0.589267 0 
809 0.0678312 -0.554144 0 
810 0.0678312 -0.51902 0 
811 0.0678312 -0.483897 0 
812 0.0678312 -0.448774 0 
813 0.0678312 -0.41365 0 
814 0.0678312 -0.378527 0 
815 0.0678312 -0.343403 0 
816 0.0678312 -0.30828 0 
817 0.0809077 -0.294288 0 
818 0.0442287 -0.265471 0 
819 0.0595536 -0.22144 0 
820 0.0637406 -0.181167 0 
821 0.0662426 -0.154088 0 
822 0.0688678 -0.0981767 0 
823 0.066199 -0.0696292 0 
824 0.0527272 -0.0579686 0 
825 0.0526572 -0.0149849 0 
826 0.0359667 -0.003792 0 
827 0.0569428 0.065251 0 
828 0.0678312 0.113201 0 
829 0.0678312 0.218571 0 
830 0.0476434 0.259965 0 
831 0.0563676 0.278681 0 
832 0.0550795 0.296583 0 
833 0.0758855 0.395197 0 
834 0.0726546 0.405525 0 
835 0.0839514 0.44033 0 
836 0.0407397 0.450845 0 
837 0.0726438 0.531062 0 
838 0.0396875 0.546538 0 
839 0.0591628 0.571688 0 
840 0.0539144 0.627257 0 
841 0.0369291 0.644516 0 
842 0.0678312 0.675176 0 
843 0.102955 -0.975625 0 
844 0.109528 -0.931145 0 
845 0.0834399 -0.922069 0 
846 0.0947375 -0.838743 0 
847 0.103706 -0.81754 0 
848 0.0818363 -0.786031 0 
849 0.0961455 -0.746948 0 
850 0.0596402 -0.706682 0 
851 0.0823409 -0.688997 0 
852 0.0894671 -0.647049 0 
853 0.115096 -0.605626 0 
854 0.0944278 -0.592765 0 
855 0.0797645 -0.562027 0 
856 0.0884007 -0.536533 0 
857 0.0820466 -0.513614 0 
858 0.117918 -0.454227 0 
859 0.0870702 -0.431856 0 
860 0.0947074 -0.35215 0 
861 0.0929707 -0.329213 0 
862 0.0979398 -0.314051 0 
863 0.090934 -0.301006 0 
864 0.0992014 -0.267942 0 
865 0.0679659 -0.250241 0 
866 0.120886 -0.179713 0 
867 0.113618 -0.135651 0 
868 0.106583 -0.124708 0 
869 0.0992775 -0.106144 0 
870 0.112362 -0.0257084 0 
871 0.0713249 0.00364453 0 
872 0.0740296 0.0249086 0 
873 0.0677887 0.0412498 0 
874 0.102955 0.113201 0 
875 0.102955 0.218571 0 
876 0.0687348 0.256553 0 
877 0.0941448 0.302822 0 
878 0.0986338 0.344879 0 
879 0.106835 0.377687 0 
880 0.124255 0.421956 0 
881 0.100848 0.427939 0 
882 0.140149 0.489821 0 
883 0.0913719 0.507152 0 
884 0.0936368 0.556063 0 
885 0.125912 0.581684 0 
886 0.120719 0.601606 0 
887 0.080502 0.652401 0 
888 0.102955 0.675176 0 
889 0.138078 -0.975625 0 
890 0.123343 -0.954811 0 
891 0.140368 -0.887179 0 
892 0.120099 -0.83265 0 
893 0.119426 -0.81546 0 
894 0.114181 -0.803995 0 
895 0.105301 -0.772451 0 
896 0.123336 -0.719584 0 
897 0.127717 -0.682324 0 
898 0.13525 -0.649646 0 
899 0.13954 -0.617402 0 
900 0.13212 -0.583597 0 
901 0.0975283 -0.574082 0 
902 0.146325 -0.506214 0 
903 0.131664 -0.496255 0 
904 0.123402 -0.484982 0 
905 0.151304 -0.429308 0 
906 0.157975 -0.406818 0 
907 0.161494 -0.357977 0 
908 0.131758 -0.320349 0 
909 0.147044 -0.257362 0 
910 0.14183 -0.242108 0 
911 0.158893 -0.212367 0 
912 0.145349 -0.194608 0 
913 0.125716 -0.140123 0 
914 0.140862 -0.136223 0 
915 0.134563 -0.0679418 0 
916 0.130791 -0.0492461 0 
917 0.129904 -0.010428 0 
918 0.127935 0.00276913 0 
919 0.111314 0.0467308 0 
920 0.138078 0.113201 0 
921 0.138078 0.218571 0 
922 0.148441 0.248542 0 
923 0.105814 0.274267 0 
924 0.15004 0.336229 0 
925 0.128761 0.352854 0 
926 0.157246 0.430894 0 
927 0.161754 0.469866 0 
928 0.176689 0.502631 0 
929 0.186303 0.525443 0 
930 0.148454 0.557754 0 
931 0.1448 0.575509 0 
932 0.141802 0.645651 0 
933 0.131545 0.66173 0 
934 0.138078 0.675176 0 
935 0.173202 -0.975625 0 
936 0.147732 -0.955391 0 
937 0.169219 -0.858434 0 
938 0.176567 -0.837436 0 
939 0.176062 -0.826274 0 
940 0.127787 -0.772749 0 
941 0.126254 -0.751043 0 
942 0.139778 -0.715949 0 
943 0.153237 -0.649287 0 
944 0.152873 -0.632013 0 
945 0.146156 -0.624983 0 
946 0.168388 -0.59837 0 
947 0.155725 -0.55392 0 
948 0.158887 -0.536939 0 
949 0.182434 -0.460132 0 
950 0.16731 -0.451165 0 
951 0.191981 -0.397628 0 
952 0.182756 -0.384231 0 
953 0.174349 -0.368056 0 
954 0.172551 -0.341674 0 
955 0.163456 -0.265294 0 
956 0.155799 -0.247206 0 
957 0.181199 -0.201876 0 
958 0.156936 -0.19898 0 
959 0.161612 -0.17056 0 
960 0.156313 -0.149437 0 
961 0.182042 -0.0949531 0 
962 0.175572 -0.0779003 0 
963 0.143961 -0.014905 0 
964 0.163059 0.0206351 0 
965 0.137045 0.0233802 0 
966 0.173202 0.113201 0 
967 0.173202 0.218571 0 
968 0.185478 0.269858 0 
969 0.160378 0.289366 0 
970 0.187545 0.326133 0 
971 0.170491 0.384944 0 
972 0.177442 0.407795 0 
973 0.171606 0.445898 0 
974 0.186801 0.497145 0 
975 0.201484 0.534906 0 
976 0.161967 0.564483 0 
977 0.15987 0.598392 0 
978 0.162455 0.636224 0 
979 0.18618 0.653462 0 
980 0.173202 0.675176 0 
981 0.208325 -0.975625 0 
982 0.235384 -0.935412 0 
983 0.215544 -0.908626 0 
984 0.195527 -0.814988 0 
985 0.184027 -0.808115 0 
986 0.172833 -0.78448 0 
987 0.159944 -0.759547 0 
988 0.222458 -0.694293 0 
989 0.218011 -0.672536 0 
990 0.208705 -0.63839 0 
991 0.177445 -0.60837 0 
992 0.190373 -0.588895 0 
993 0.180404 -0.570289 0 
994 0.182156 -0.545837 0 
995 0.207535 -0.446432 0 
996 0.208799 -0.430328 0 
997 0.232044 -0.381796 0 
998 0.199255 -0.375433 0 
999 0.209291 -0.317418 0 
1000 0.189736 -0.30842 0 
1001 0.186063 -0.271628 0 
1002 0.234428 -0.242763 0 
1003 0.194738 -0.221148 0 
1004 0.207196 -0.165299 0 
1005 0.188881 -0.161098 0 
1006 0.215909 -0.0999189 0 
1007 0.201925 -0.0913716 0 
1008 0.194503 -0.0309966 0 
1009 0.186703 -0.0222764 0 
1010 0.178029 -0.0047252 0 
1011 0.206088 0.0659836 0 
1012 0.208325 0.113201 0 
1013 0.208325 0.218571 0 
1014 0.199242 0.252702 0 
1015 0.212994 0.310083 0 
1016 0.196808 0.314896 0 
1017 0.210897 0.34348 0 
1018 0.211131 0.422953 0 
1019 0.190237 0.426632 0 
1020 0.221874 0.509214 0 
1021 0.208232 0.519423 0 
1022 0.245511 0.558065 0 
1023 0.203887 0.586853 0 
1024 0.175275 0.61545 0 
1025 0.234743 0.656469 0 
1026 0.208325 0.675176 0 
1027 0.243448 -0.975625 0 
1028 0.251772 -0.93351 0 
1029 0.228942 -0.866563 0 
1030 0.224942 -0.839419 0 
1031 0.216117 -0.784773 0 
1032 0.238898 -0.747538 0 
1033 0.233342 -0.72938 0 
1034 0.239691 -0.706479 0 
1035 0.241684 -0.677832 0 
1036 0.259173 -0.630134 0 
1037 0.256047 -0.614568 0 
1038 0.25423 -0.593598 0 
1039 0.256064 -0.552077 0 
1040 0.258428 -0.522055 0 
1041 0.228182 -0.481094 0 
1042 0.22846 -0.449294 0 
1043 0.251686 -0.373311 0 
1044 0.252188 -0.354541 0 
1045 0.231796 -0.33568 0 
1046 0.221633 -0.305921 0 
1047 0.260067 -0.264047 0 
1048 0.26379 -0.24567 0 
1049 0.228921 -0.218574 0 
1050 0.254894 -0.202407 0 
1051 0.226199 -0.137793 0 
1052 0.254401 -0.0706264 0 
1053 0.23088 -0.0580401 0 
1054 0.234932 -0.0292491 0 
1055 0.23761 -0.00710437 0 
1056 0.278155 0.0386401 0 
1057 0.251467 0.0742666 0 
1058 0.243448 0.113201 0 
1059 0.243448 0.218571 0 
1060 0.242085 0.270304 0 
1061 0.227509 0.294954 0 
1062 0.252571 0.351603 0 
1063 0.248723 0.365883 0 
1064 0.240294 0.371746 0 
1065 0.242935 0.470231 0 
1066 0.237383 0.484431 0 
1067 0.269328 0.540537 0 
1068 0.261217 0.553276 0 
1069 0.259864 0.594722 0 
1070 0.276631 0.612325 0 
1071 0.247957 0.641678 0 
1072 0.243448 0.675176 0 
1073 0.278572 -0.975625 0 
1074 0.265935 -0.931564 0 
1075 0.271309 -0.869751 0 
1076 0.233477 -0.839895 0 
1077 0.248018 -0.819554 0 
1078 0.250366 -0.798818 0 
1079 0.27934 -0.745679 0 
1080 0.257264 -0.704994 0 
1081 0.26945 -0.650599 0 
1082 0.271323 -0.634649 0 
1083 0.279764 -0.63324 0 
1084 0.284843 -0.558799 0 
1085 0.292586 -0.504887 0 
1086 0.295814 -0.473842 0 
1087 0.293157 -0.451074 0 
1088 0.296698 -0.427183 0 
1089 0.27172 -0.379712 0 
1090 0.312533 -0.348517 0 
1091 0.253364 -0.32362 0 
1092 0.269311 -0.285042 0 
1093 0.282014 -0.263445 0 
1094 0.300029 -0.230161 0 
1095 0.284368 -0.223702 0 
1096 0.280764 -0.21063 0 
1097 0.282262 -0.126055 0 
1098 0.264437 -0.116002 0 
1099 0.292786 -0.046022 0 
1100 0.310612 -0.0183819 0 
1101 0.340509 0.00501364 0 
1102 0.301439 0.0307549 0 
1103 0.286936 0.102452 0 
1104 0.278572 0.113201 0 
1105 0.278572 0.218571 0 
1106 0.262646 0.247745 0 
1107 0.312171 0.27115 0 
1108 0.255167 0.315172 0 
1109 0.30309 0.378142 0 
1110 0.274635 0.40793 0 
1111 0.268783 0.43483 0 
1112 0.287243 0.503204 0 
1113 0.287539 0.536481 0 
1114 0.273576 0.555935 0 
1115 0.287574 0.579294 0 
1116 0.290716 0.615687 0 
1117 0.261527 0.643508 0 
1118 0.278572 0.675176 0 
1119 0.313695 -0.975625 0 
1120 0.309436 -0.956112 0 
1121 0.285156 -0.860013 0 
1122 0.291559 -0.826221 0 
1123 0.310077 -0.806508 0 
1124 0.299113 -0.763491 0 
1125 0.302364 -0.739865 0 
1126 0.295341 -0.703874 0 
1127 0.290842 -0.686927 0 
1128 0.296432 -0.66625 0 
1129 0.301124 -0.64837 0 
1130 0.325583 -0.560535 0 
1131 0.328375 -0.548178 0 
1132 0.338695 -0.535572 0 
1133 0.32972 -0.461816 0 
1134 0.309252 -0.433131 0 
1135 0.340192 -0.423081 0 
1136 0.324761 -0.367986 0 
1137 0.334695 -0.314344 0 
1138 0.340498 -0.293075 0 
1139 0.321213 -0.270027 0 
1140 0.305651 -0.247649 0 
1141 0.317318 -0.216302 0 
1142 0.301532 -0.178619 0 
1143 0.305792 -0.131782 0 
1144 0.320727 -0.0803278 0 
1145 0.318296 -0.0568861 0 
1146 0.312908 -0.0418145 0 
1147 0.365291 0.00339808 0 
1148 0.326831 0.0388247 0 
1149 0.321922 0.0987006 0 
1150 0.313695 0.113201 0 
1151 0.313695 0.218571 0 
1152 0.336151 0.24163 0 
1153 0.330465 0.257893 0 
1154 0.312924 0.300811 0 
1155 0.293851 0.322834 0 
1156 0.332583 0.387139 0 
1157 0.292455 0.426005 0 
1158 0.354127 0.46862 0 
1159 0.301573 0.535122 0 
1160 0.317217 0.547653 0 
1161 0.299139 0.576327 0 
1162 0.301287 0.616278 0 
1163 0.277236 0.64255 0 
1164 0.313695 0.675176 0 
1165 0.348819 -0.975625 0 
1166 0.335499 -0.922617 0 
1167 0.333604 -0.90084 0 
1168 0.3211 -0.824219 0 
1169 0.367739 -0.79572 0 
1170 0.325457 -0.770806 0 
1171 0.376616 -0.753361 0 
1172 0.363333 -0.712285 0 
1173 0.361748 -0.679214 0 
1174 0.33572 -0.636825 0 
1175 0.332923 -0.621476 0 
1176 0.349492 -0.586862 0 
1177 0.350251 -0.554179 0 
1178 0.353238 -0.537127 0 
1179 0.356596 -0.486284 0 
1180 0.359618 -0.456875 0 
1181 0.358259 -0.438888 0 
1182 0.360643 -0.408941 0 
1183 0.352539 -0.310676 0 
1184 0.346458 -0.305341 0 
1185 0.35587 -0.274412 0 
1186 0.356524 -0.25547 0 
1187 0.348708 -0.196516 0 
1188 0.36037 -0.171274 0 
1189 0.321216 -0.153648 0 
1190 0.396147 -0.0915219 0 
1191 0.348093 -0.0550881 0 
1192 0.391067 -0.0286109 0 
1193 0.391163 -0.00423505 0 
1194 0.358891 0.0411145 0 
1195 0.356831 0.0562318 0 
1196 0.348819 0.113201 0 
1197 0.348819 0.148325 0 
1198 0.348819 0.183448 0 
1199 0.348819 0.218571 0 
1200 0.356217 0.238384 0 
1201 0.374109 0.296993 0 
1202 0.371673 0.326807 0 
1203 0.398179 0.379735 0 
1204 0.382177 0.406769 0 
1205 0.333142 0.417564 0 
1206 0.374257 0.457786 0 
1207 0.390756 0.490709 0 
1208 0.376406 0.527813 0 
1209 0.366738 0.549632 0 
1210 0.375492 0.632089 0 
1211 0.336524 0.650714 0 
1212 0.348819 0.675176 0 
1213 0.383942 -0.975625 0 
1214 0.361017 -0.945387 0 
1215 0.400734 -0.878788 0 
1216 0.392456 -0.857466 0 
1217 0.377395 -0.806577 0 
1218 0.385257 -0.78041 0 
1219 0.408389 -0.759586 0 
1220 0.377746 -0.709639 0 
1221 0.38369 -0.687471 0 
1222 0.397859 -0.624761 0 
1223 0.396371 -0.59886 0 
1224 0.395127 -0.581121 0 
1225 0.402721 -0.544712 0 
1226 0.410267 -0.515571 0 
1227 0.372237 -0.507071 0 
1228 0.38405 -0.438409 0 
1229 0.398966 -0.398102 0 
1230 0.4092 -0.355216 0 
1231 0.40126 -0.332841 0 
1232 0.36696 -0.293042 0 
1233 0.3648 -0.278496 0 
1234 0.366462 -0.261072 0 
1235 0.383708 -0.231955 0 
1236 0.388114 -0.148356 0 
1237 0.390727 -0.134832 0 
1238 0.4258 -0.100474 0 
1239 0.394943 -0.0529276 0 
1240 0.431738 -0.0330569 0 
1241 0.408292 -0.0131784 0 
1242 0.396529 0.0266976 0 
1243 0.393844 0.0384639 0 
1244 0.36748 0.113762 0 
1245 0.388707 0.122327 0 
1246 0.360826 0.194756 0 
1247 0.365681 0.218477 0 
1248 0.37654 0.245547 0 
1249 0.397579 0.296817 0 
1250 0.432372 0.343789 0 
1251 0.434084 0.364134 0 
1252 0.394364 0.411301 0 
1253 0.405154 0.431694 0 
1254 0.409199 0.462347 0 
1255 0.40601 0.490553 0 
1256 0.396745 0.555419 0 
1257 0.388539 0.57249 0 
1258 0.397011 0.644844 0 
1259 0.398253 0.657157 0 
1260 0.383942 0.675176 0 
1261 0.419065 -0.975625 0 
1262 0.419065 -0.940501 0 
1263 0.419065 -0.905378 0 
1264 0.419065 -0.870255 0 
1265 0.419065 -0.835131 0 
1266 0.419065 -0.800008 0 
1267 0.419065 -0.764884 0 
1268 0.419065 -0.729761 0 
1269 0.419065 -0.694637 0 
1270 0.419065 -0.659514 0 
1271 0.419065 -0.624391 0 
1272 0.419065 -0.589267 0 
1273 0.419065 -0.554144 0 
1274 0.419065 -0.51902 0 
1275 0.419065 -0.483897 0 
1276 0.419065 -0.448774 0 
1277 0.419065 -0.41365 0 
1278 0.419065 -0.378527 0 
1279 0.419065 -0.343403 0 
1280 0.419065 -0.30828 0 
1281 0.419065 -0.273156 0 
1282 0.419065 -0.238033 0 
1283 0.405124 -0.222891 0 
1284 0.410889 -0.16238 0 
1285 0.435804 -0.11433 0 
1286 0.441959 -0.100852 0 
1287 0.447379 -0.0752241 0 
1288 0.443756 -0.0414792 0 
1289 0.439377 -0.0178837 0 
1290 0.42407 0.00954638 0 
1291 0.408986 0.07067 0 
1292 0.404072 0.093579 0 
1293 0.405046 0.111172 0 
1294 0.416409 0.172942 0 
1295 0.427397 0.200344 0 
1296 0.418483 0.262005 0 
1297 0.403553 0.277416 0 
1298 0.42916 0.315093 0 
1299 0.463193 0.368758 0 
1300 0.457225 0.382757 0 
1301 0.42147 0.424744 0 
1302 0.430875 0.439885 0 
1303 0.43271 0.522096 0 
1304 0.423604 0.579116 0 
1305 0.434675 0.614437 0 
1306 0.413422 0.641673 0 
1307 0.436853 0.662207 0 
1308 0.419065 0.675176 0 
1309 0.454189 -0.238033 0 
1310 0.459765 -0.188696 0 
1311 0.433283 -0.14691 0 
1312 0.443498 -0.130399 0 
1313 0.470076 -0.0997555 0 
1314 0.453781 -0.0818297 0 
1315 0.473435 -0.0563913 0 
1316 0.450653 0.01162 0 
1317 0.442552 0.0241234 0 
1318 0.458513 0.0557535 0 
1319 0.45469 0.0707475 0 
1320 0.422104 0.1306 0 
1321 0.430167 0.167266 0 
1322 0.432731 0.188267 0 
1323 0.452247 0.234745 0 
1324 0.448452 0.276914 0 
1325 0.515352 0.324783 0 
1326 0.466584 0.344251 0 
1327 0.505569 0.413378 0 
1328 0.473635 0.411608 0 
1329 0.464183 0.44308 0 
1330 0.466642 0.492294 0 
1331 0.436154 0.58483 0 
1332 0.448505 0.612071 0 
1333 0.442289 0.644143 0 
1334 0.47224 0.665138 0 
1335 0.454189 0.675176 0 
1336 0.489312 -0.238033 0 
1337 0.482271 -0.183066 0 
1338 0.451217 -0.145894 0 
1339 0.479736 -0.111722 0 
1340 0.49204 -0.0940702 0 
1341 0.504465 -0.0587497 0 
1342 0.514836 -0.0384924 0 
1343 0.517444 -0.0268843 0 
1344 0.496099 0.0323013 0 
1345 0.503846 0.0602787 0 
1346 0.458568 0.0898954 0 
1347 0.444397 0.126886 0 
1348 0.477451 0.170717 0 
1349 0.457574 0.21287 0 
1350 0.463724 0.238556 0 
1351 0.482492 0.267248 0 
1352 0.520782 0.306515 0 
1353 0.554479 0.365904 0 
1354 0.543049 0.390066 0 
1355 0.502231 0.468067 0 
1356 0.489035 0.485332 0 
1357 0.47906 0.49796 0 
1358 0.490453 0.531829 0 
1359 0.472519 0.60407 0 
1360 0.452509 0.634521 0 
1361 0.470897 0.65268 0 
1362 0.489312 0.675176 0 
1363 0.524436 -0.238033 0 
1364 0.504787 -0.20682 0 
1365 0.515684 -0.162983 0 
1366 0.487458 -0.131106 0 
1367 0.547903 -0.0844264 0 
1368 0.539838 -0.0687521 0 
1369 0.517614 -0.0486491 0 
1370 0.540052 -0.0318996 0 
1371 0.518234 0.0234958 0 
1372 0.519129 0.0769202 0 
1373 0.519785 0.102753 0 
1374 0.459003 0.12568 0 
1375 0.491333 0.166564 0 
1376 0.536663 0.208903 0 
1377 0.493251 0.243672 0 
1378 0.539629 0.283885 0 
1379 0.567597 0.318565 0 
1380 0.556337 0.330177 0 
1381 0.573415 0.379958 0 
1382 0.56033 0.42116 0 
1383 0.527422 0.480587 0 
1384 0.527307 0.503815 0 
1385 0.559731 0.557359 0 
1386 0.515243 0.565907 0 
1387 0.518141 0.610082 0 
1388 0.494302 0.649669 0 
1389 0.524436 0.675176 0 
1390 0.559559 -0.238033 0 
1391 0.553255 -0.224539 0 
1392 0.52601 -0.173038 0 
1393 0.561534 -0.150784 0 
1394 0.547434 -0.11345 0 
1395 0.570269 -0.0796982 0 
1396 0.583087 -0.0470667 0 
1397 0.582886 -0.0302149 0 
1398 0.568729 0.0186386 0 
1399 0.543205 0.0493775 0 
1400 0.54762 0.140779 0 
1401 0.541595 0.157058 0 
1402 0.564648 0.193354 0 
1403 0.584672 0.224295 0 
1404 0.60265 0.24645 0 
1405 0.599524 0.278361 0 
1406 0.590924 0.29644 0 
1407 0.599228 0.364776 0 
1408 0.613916 0.41193 0 
1409 0.602359 0.422735 0 
1410 0.550126 0.470773 0 
1411 0.602007 0.505105 0 
1412 0.569816 0.52617 0 
1413 0.577836 0.582692 0 
1414 0.583874 0.610987 0 
1415 0.510921 0.642048 0 
1416 0.559559 0.675176 0 
1417 0.594683 -0.238033 0 
1418 0.583315 -0.183586 0 
1419 0.571617 -0.174944 0 
1420 0.57756 -0.154464 0 
1421 0.572357 -0.100709 0 
1422 0.586533 -0.0807497 0 
1423 0.619142 -0.0376362 0 
1424 0.599499 -0.0193829 0 
1425 0.583871 0.0491398 0 
1426 0.584231 0.0754524 0 
1427 0.578917 0.0879731 0 
1428 0.581246 0.148187 0 
1429 0.566937 0.172783 0 
1430 0.635193 0.221663 0 
1431 0.626308 0.255816 0 
1432 0.626419 0.321403 0 
1433 0.623179 0.345184 0 
1434 0.614265 0.361339 0 
1435 0.630656 0.391203 0 
1436 0.621534 0.435884 0 
1437 0.622148 0.473295 0 
1438 0.626538 0.498196 0 
1439 0.592831 0.528256 0 
1440 0.610107 0.61008 0 
1441 0.610624 0.631036 0 
1442 0.602368 0.646829 0 
1443 0.594683 0.675176 0 
1444 0.629806 -0.238033 0 
1445 0.633366 -0.197505 0 
1446 0.62053 -0.138394 0 
1447 0.617592 -0.124581 0 
1448 0.595126 -0.110576 0 
1449 0.657557 -0.070574 0 
1450 0.62337 -0.0548569 0 
1451 0.646492 -0.0162904 0 
1452 0.636025 0.00197731 0 
1453 0.609607 0.076614 0 
1454 0.619686 0.0964772 0 
1455 0.595885 0.140239 0 
1456 0.659382 0.178987 0 
1457 0.657899 0.209752 0 
1458 0.665043 0.220807 0 
1459 0.649784 0.279717 0 
1460 0.658509 0.3068 0 
1461 0.645865 0.346814 0 
1462 0.660787 0.407559 0 
1463 0.64757 0.409893 0 
1464 0.641677 0.429251 0 
1465 0.647505 0.517669 0 
1466 0.614948 0.527148 0 
1467 0.618511 0.555385 0 
1468 0.631408 0.598811 0 
1469 0.622316 0.644106 0 
1470 0.629806 0.675176 0 
1471 0.664929 -0.238033 0 
1472 0.643639 -0.212895 0 
1473 0.667795 -0.177867 0 
1474 0.679534 -0.130759 0 
1475 0.673401 -0.101419 0 
1476 0.680473 -0.0811854 0 
1477 0.657391 -0.0508815 0 
1478 0.682137 0.0040368 0 
1479 0.649937 0.0473041 0 
1480 0.640304 0.0632623 0 
1481 0.624643 0.0851792 0 
1482 0.643012 0.117092 0 
1483 0.666334 0.158224 0 
1484 0.672593 0.183836 0 
1485 0.678243 0.219183 0 
1486 0.679197 0.25053 0 
1487 0.680893 0.311096 0 
1488 0.660817 0.34307 0 
1489 0.68169 0.39023 0 
1490 0.678006 0.43091 0 
1491 0.691257 0.471623 0 
1492 0.667116 0.47041 0 
1493 0.670952 0.537657 0 
1494 0.642276 0.544365 0 
1495 0.685565 0.620366 0 
1496 0.636675 0.624765 0 
1497 0.664929 0.675176 0 
1498 0.700053 -0.238033 0 
1499 0.700053 -0.20291 0 
1500 0.700053 -0.167786 0 
1501 0.700053 -0.132663 0 
1502 0.700053 -0.0975394 0 
1503 0.700053 -0.062416 0 
1504 0.700053 -0.0272926 0 
1505 0.700053 0.00783085 0 
1506 0.700053 0.0429543 0 
1507 0.700053 0.0780777 0 
1508 0.700053 0.113201 0 
1509 0.700053 0.148325 0 
1510 0.700053 0.183448 0 
1511 0.700053 0.218571 0 
1512 0.700053 0.253695 0 
1513 0.700053 0.288818 0 
1514 0.700053 0.323942 0 
1515 0.700053 0.359065 0 
1516 0.700053 0.394188 0 
1517 0.700053 0.429312 0 
1518 0.700053 0.464435 0 
1519 0.700053 0.499559 0 
1520 0.700053 0.534682 0 
1521 0.700053 0.569806 0 
1522 0.700053 0.604929 0 
1523 0.700053 0.640052 0 
1524 0.700053 0.675176 0 
