0 -0.740007 0.464435 0 
1 -0.740007 0.499559 0 
2 -0.740007 0.534682 0 
3 -0.740007 0.569806 0 
4 -0.740007 0.604929 0 
5 -0.740007 0.640052 0 
6 -0.740007 0.675176 0 
7 -0.740007 0.710299 0 
8 -0.740007 0.745423 0 
9 -0.740007 0.780546 0 
10 -0.740007 0.815669 0 
11 -0.740007 0.850793 0 
12 -0.740007 0.885916 0 
13 -0.740007 0.92104 0 
14 -0.740007 0.956163 0 
15 -0.704884 0.464435 0 
16 -0.649055 0.558338 0 
17 -0.631966 0.59054 0 
18 -0.633594 0.619767 0 
19 -0.649697 0.641134 0 
20 -0.668653 0.661653 0 
21 -0.685213 0.680454 0 
22 -0.695741 0.698723 0 
23 -0.700156 0.717574 0 
24 -0.697466 0.736679 0 
25 -0.6838 0.755143 0 
26 -0.67256 0.78507 0 
27 -0.66535 0.831183 0 
28 -0.65802 0.893111 0 
29 -0.704884 0.956163 0 
30 -0.669761 0.464435 0 
31 -0.634772 0.548007 0 
32 -0.62046 0.567133 0 
33 -0.614142 0.605764 0 
34 -0.614231 0.636187 0 
35 -0.6286 0.656605 0 
36 -0.640249 0.674612 0 
37 -0.644867 0.691008 0 
38 -0.645108 0.706579 0 
39 -0.64019 0.721874 0 
40 -0.62665 0.744453 0 
41 -0.604402 0.780309 0 
42 -0.584065 0.829603 0 
43 -0.609495 0.865603 0 
44 -0.669761 0.956163 0 
45 -0.634637 0.464435 0 
46 -0.616809 0.550809 0 
47 -0.603623 0.569908 0 
48 -0.596128 0.599888 0 
49 -0.592789 0.62617 0 
50 -0.595626 0.647659 0 
51 -0.599297 0.665605 0 
52 -0.600758 0.67911 0 
53 -0.596854 0.694151 0 
54 -0.588612 0.708715 0 
55 -0.573916 0.730795 0 
56 -0.570353 0.759709 0 
57 -0.563305 0.803506 0 
58 -0.565546 0.869013 0 
59 -0.634637 0.956163 0 
60 -0.599514 0.464435 0 
61 -0.600661 0.560063 0 
62 -0.582966 0.578275 0 
63 -0.571183 0.600831 0 
64 -0.565462 0.623172 0 
65 -0.563656 0.643765 0 
66 -0.562989 0.661978 0 
67 -0.560962 0.676933 0 
68 -0.556113 0.690789 0 
69 -0.549736 0.706917 0 
70 -0.543589 0.730003 0 
71 -0.545827 0.760753 0 
72 -0.53719 0.805275 0 
73 -0.548328 0.867451 0 
74 -0.599514 0.956163 0 
75 -0.56439 0.464435 0 
76 -0.563166 0.569481 0 
77 -0.548387 0.584022 0 
78 -0.539549 0.602526 0 
79 -0.534398 0.622714 0 
80 -0.531525 0.642868 0 
81 -0.529603 0.662035 0 
82 -0.527455 0.679698 0 
83 -0.524298 0.696121 0 
84 -0.520452 0.713288 0 
85 -0.519284 0.737423 0 
86 -0.520923 0.769475 0 
87 -0.519659 0.812908 0 
88 -0.53545 0.87182 0 
89 -0.56439 0.956163 0 
90 -0.529267 0.464435 0 
91 -0.513855 0.570092 0 
92 -0.508355 0.584186 0 
93 -0.504432 0.602339 0 
94 -0.501467 0.622487 0 
95 -0.499215 0.643214 0 
96 -0.497497 0.663704 0 
97 -0.496046 0.683594 0 
98 -0.494847 0.7032 0 
99 -0.494255 0.723639 0 
100 -0.495419 0.747631 0 
101 -0.499542 0.778894 0 
102 -0.50637 0.8195 0 
103 -0.522663 0.873625 0 
104 -0.529267 0.956163 0 
105 -0.494143 0.464435 0 
106 -0.467378 0.563216 0 
107 -0.469268 0.579899 0 
108 -0.469346 0.60004 0 
109 -0.468398 0.621753 0 
110 -0.467073 0.643877 0 
111 -0.465905 0.665875 0 
112 -0.46522 0.687528 0 
113 -0.46544 0.709147 0 
114 -0.467044 0.731574 0 
115 -0.470957 0.756444 0 
116 -0.478219 0.785926 0 
117 -0.489928 0.822219 0 
118 -0.508507 0.869355 0 
119 -0.494143 0.956163 0 
120 -0.45902 -0.729761 0 
121 -0.45902 -0.694637 0 
122 -0.45902 -0.659514 0 
123 -0.45902 -0.624391 0 
124 -0.45902 -0.589267 0 
125 -0.45902 -0.554144 0 
126 -0.45902 -0.51902 0 
127 -0.45902 -0.483897 0 
128 -0.45902 -0.448774 0 
129 -0.45902 -0.41365 0 
130 -0.45902 -0.378527 0 
131 -0.45902 -0.343403 0 
132 -0.45902 0.464435 0 
133 -0.429968 0.550341 0 
134 -0.434712 0.57245 0 
135 -0.436409 0.596328 0 
136 -0.436276 0.6206 0 
137 -0.435355 0.644639 0 
138 -0.434464 0.668147 0 
139 -0.43427 0.691139 0 
140 -0.435331 0.71388 0 
141 -0.4384 0.737045 0 
142 -0.444302 0.761677 0 
143 -0.45418 0.789133 0 
144 -0.469572 0.820995 0 
145 -0.4926 0.859058 0 
146 -0.45902 0.956163 0 
147 -0.423897 -0.729761 0 
148 -0.357693 -0.62922 0 
149 -0.391193 -0.594293 0 
150 -0.412638 -0.568872 0 
151 -0.427769 -0.551532 0 
152 -0.428432 -0.525684 0 
153 -0.420566 -0.492084 0 
154 -0.406993 -0.457926 0 
155 -0.391575 -0.429987 0 
156 -0.386365 -0.409736 0 
157 -0.384915 -0.393068 0 
158 -0.423897 -0.343403 0 
159 -0.423897 0.464435 0 
160 -0.401072 0.535492 0 
161 -0.405108 0.564398 0 
162 -0.405995 0.592625 0 
163 -0.405184 0.619681 0 
164 -0.403864 0.645612 0 
165 -0.402843 0.670468 0 
166 -0.402737 0.694399 0 
167 -0.404209 0.717684 0 
168 -0.408062 0.740843 0 
169 -0.41525 0.764612 0 
170 -0.427073 0.79002 0 
171 -0.445138 0.818138 0 
172 -0.471725 0.849413 0 
173 -0.423897 0.956163 0 
174 -0.388773 -0.729761 0 
175 -0.308595 -0.636116 0 
176 -0.336522 -0.577041 0 
177 -0.356338 -0.562532 0 
178 -0.370273 -0.546432 0 
179 -0.375145 -0.522305 0 
180 -0.374394 -0.492564 0 
181 -0.371581 -0.459957 0 
182 -0.367227 -0.430236 0 
183 -0.364102 -0.403672 0 
184 -0.359234 -0.37513 0 
185 -0.388773 -0.343403 0 
186 -0.388773 0.464435 0 
187 -0.379914 0.524774 0 
188 -0.379341 0.559115 0 
189 -0.377125 0.59052 0 
190 -0.374526 0.619667 0 
191 -0.37221 0.647022 0 
192 -0.370678 0.672918 0 
193 -0.370348 0.697482 0 
194 -0.371799 0.720919 0 
195 -0.375876 0.743573 0 
196 -0.383707 0.766086 0 
197 -0.396671 0.789381 0 
198 -0.416447 0.814713 0 
199 -0.444842 0.843364 0 
200 -0.388773 0.956163 0 
201 -0.35365 -0.729761 0 
202 -0.271329 -0.666065 0 
203 -0.297103 -0.606859 0 
204 -0.314442 -0.567945 0 
205 -0.327282 -0.548914 0 
206 -0.333257 -0.524117 0 
207 -0.335406 -0.495222 0 
208 -0.336456 -0.463388 0 
209 -0.338979 -0.428952 0 
210 -0.3415 -0.390668 0 
211 -0.33456 -0.362673 0 
212 -0.35365 -0.343403 0 
213 -0.35365 -0.30828 0 
214 -0.35365 -0.273156 0 
215 -0.35365 -0.238033 0 
216 -0.35365 -0.20291 0 
217 -0.35365 -0.167786 0 
218 -0.35365 -0.132663 0 
219 -0.35365 -0.0975394 0 
220 -0.35365 -0.062416 0 
221 -0.35365 -0.0272926 0 
222 -0.35365 0.00783085 0 
223 -0.35365 0.0429543 0 
224 -0.35365 0.0780777 0 
225 -0.35365 0.113201 0 
226 -0.35365 0.148325 0 
227 -0.35365 0.183448 0 
228 -0.35365 0.218571 0 
229 -0.35365 0.253695 0 
230 -0.35365 0.288818 0 
231 -0.35365 0.323942 0 
232 -0.35365 0.359065 0 
233 -0.35365 0.394188 0 
234 -0.35365 0.429312 0 
235 -0.35365 0.464435 0 
236 -0.359371 0.520383 0 
237 -0.353566 0.557298 0 
238 -0.347628 0.589901 0 
239 -0.34306 0.62023 0 
240 -0.339777 0.648745 0 
241 -0.337682 0.67551 0 
242 -0.336945 0.700547 0 
243 -0.338017 0.723889 0 
244 -0.341769 0.745724 0 
245 -0.349557 0.766581 0 
246 -0.362988 0.787429 0 
247 -0.383788 0.809783 0 
248 -0.413824 0.836097 0 
249 -0.35365 0.956163 0 
250 -0.318526 -0.975625 0 
251 -0.318526 -0.940501 0 
252 -0.318526 -0.905378 0 
253 -0.318526 -0.870255 0 
254 -0.318526 -0.835131 0 
255 -0.318526 -0.800008 0 
256 -0.318526 -0.764884 0 
257 -0.318526 -0.729761 0 
258 -0.244909 -0.683123 0 
259 -0.261916 -0.6263 0 
260 -0.281602 -0.586768 0 
261 -0.291903 -0.557186 0 
262 -0.297036 -0.528999 0 
263 -0.299258 -0.499351 0 
264 -0.30042 -0.467571 0 
265 -0.301809 -0.432889 0 
266 -0.299627 -0.395752 0 
267 -0.295178 -0.362327 0 
268 -0.290632 -0.337493 0 
269 -0.256795 -0.306648 0 
270 -0.24979 -0.268462 0 
271 -0.253834 -0.229411 0 
272 -0.259631 -0.190536 0 
273 -0.262448 -0.154401 0 
274 -0.263289 -0.119342 0 
275 -0.264449 -0.0847824 0 
276 -0.264171 -0.0537777 0 
277 -0.262744 -0.0245088 0 
278 -0.262093 0.00500502 0 
279 -0.262778 0.0335612 0 
280 -0.264365 0.0615715 0 
281 -0.266425 0.0906333 0 
282 -0.267313 0.121944 0 
283 -0.264697 0.155994 0 
284 -0.258761 0.194734 0 
285 -0.257551 0.232116 0 
286 -0.25631 0.266694 0 
287 -0.254886 0.300841 0 
288 -0.253235 0.336284 0 
289 -0.251378 0.373987 0 
290 -0.26465 0.427541 0 
291 -0.300979 0.461561 0 
292 -0.339891 0.500857 0 
293 -0.33336 0.548058 0 
294 -0.317509 0.586314 0 
295 -0.310443 0.619728 0 
296 -0.306375 0.650123 0 
297 -0.303886 0.678131 0 
298 -0.302632 0.703822 0 
299 -0.302905 0.727085 0 
300 -0.305733 0.747844 0 
301 -0.312695 0.766585 0 
302 -0.325902 0.784521 0 
303 -0.347583 0.802283 0 
304 -0.378262 0.828128 0 
305 -0.318526 0.956163 0 
306 -0.283403 -0.975625 0 
307 -0.231962 -0.890724 0 
308 -0.256198 -0.862108 0 
309 -0.271995 -0.8417 0 
310 -0.280879 -0.820299 0 
311 -0.277147 -0.790768 0 
312 -0.268018 -0.766107 0 
313 -0.252819 -0.744302 0 
314 -0.224907 -0.69825 0 
315 -0.242433 -0.641505 0 
316 -0.254376 -0.598892 0 
317 -0.261217 -0.564912 0 
318 -0.264294 -0.534166 0 
319 -0.265157 -0.50375 0 
320 -0.264877 -0.472247 0 
321 -0.263751 -0.438877 0 
322 -0.260632 -0.403543 0 
323 -0.255408 -0.367106 0 
324 -0.249475 -0.333968 0 
325 -0.230044 -0.303457 0 
326 -0.228281 -0.263763 0 
327 -0.231645 -0.225325 0 
328 -0.235904 -0.18768 0 
329 -0.238386 -0.152551 0 
330 -0.239928 -0.118627 0 
331 -0.240947 -0.085921 0 
332 -0.241261 -0.0548495 0 
333 -0.241132 -0.0248776 0 
334 -0.241196 0.004795 0 
335 -0.241833 0.0342813 0 
336 -0.242851 0.0638499 0 
337 -0.243759 0.0941968 0 
338 -0.243611 0.125857 0 
339 -0.241458 0.159039 0 
340 -0.23729 0.194007 0 
341 -0.234194 0.229517 0 
342 -0.231692 0.26452 0 
343 -0.229608 0.299375 0 
344 -0.228092 0.334878 0 
345 -0.227656 0.371278 0 
346 -0.229778 0.406742 0 
347 -0.251218 0.456772 0 
348 -0.269645 0.500057 0 
349 -0.278786 0.542242 0 
350 -0.278608 0.58206 0 
351 -0.275415 0.618325 0 
352 -0.272038 0.651211 0 
353 -0.269465 0.680921 0 
354 -0.267804 0.707673 0 
355 -0.266883 0.73125 0 
356 -0.26788 0.75085 0 
357 -0.272835 0.766552 0 
358 -0.284852 0.781717 0 
359 -0.306592 0.796099 0 
360 -0.338308 0.817841 0 
361 -0.283403 0.956163 0 
362 -0.248279 -0.975625 0 
363 -0.20015 -0.885651 0 
364 -0.229061 -0.841561 0 
365 -0.234735 -0.832209 0 
366 -0.241456 -0.82056 0 
367 -0.23837 -0.790486 0 
368 -0.232217 -0.766058 0 
369 -0.223218 -0.737815 0 
370 -0.21052 -0.701175 0 
371 -0.224004 -0.651015 0 
372 -0.231182 -0.606659 0 
373 -0.234025 -0.570266 0 
374 -0.234308 -0.538143 0 
375 -0.233221 -0.507378 0 
376 -0.231443 -0.476207 0 
377 -0.228893 -0.443546 0 
378 -0.224884 -0.409083 0 
379 -0.219155 -0.373406 0 
380 -0.21214 -0.337695 0 
381 -0.203937 -0.301047 0 
382 -0.204086 -0.261669 0 
383 -0.207256 -0.223321 0 
384 -0.21077 -0.186381 0 
385 -0.21336 -0.151328 0 
386 -0.215072 -0.118138 0 
387 -0.216456 -0.0862892 0 
388 -0.217294 -0.0554986 0 
389 -0.217893 -0.0253417 0 
390 -0.218504 0.00462824 0 
391 -0.21922 0.0347158 0 
392 -0.219863 0.0652527 0 
393 -0.219994 0.0964859 0 
394 -0.219047 0.128563 0 
395 -0.216667 0.161536 0 
396 -0.213002 0.195502 0 
397 -0.209401 0.230142 0 
398 -0.206254 0.265024 0 
399 -0.203825 0.300155 0 
400 -0.202399 0.335861 0 
401 -0.202679 0.372622 0 
402 -0.206097 0.410934 0 
403 -0.215438 0.452563 0 
404 -0.227027 0.494706 0 
405 -0.236501 0.536231 0 
406 -0.241584 0.577145 0 
407 -0.241634 0.616419 0 
408 -0.237933 0.652521 0 
409 -0.234808 0.684252 0 
410 -0.233826 0.712235 0 
411 -0.231133 0.737309 0 
412 -0.228765 0.757083 0 
413 -0.230384 0.767515 0 
414 -0.238914 0.776767 0 
415 -0.259619 0.797707 0 
416 -0.291553 0.810654 0 
417 -0.248279 0.956163 0 
418 -0.213156 -0.975625 0 
419 -0.180666 -0.89198 0 
420 -0.194631 -0.854502 0 
421 -0.202687 -0.834823 0 
422 -0.205122 -0.821397 0 
423 -0.201285 -0.787783 0 
424 -0.20044 -0.767929 0 
425 -0.19973 -0.739809 0 
426 -0.20122 -0.701935 0 
427 -0.211746 -0.656413 0 
428 -0.211939 -0.610564 0 
429 -0.209744 -0.572822 0 
430 -0.206582 -0.540384 0 
431 -0.203316 -0.509903 0 
432 -0.200365 -0.479277 0 
433 -0.197268 -0.446892 0 
434 -0.193111 -0.412541 0 
435 -0.187414 -0.376888 0 
436 -0.180655 -0.340373 0 
437 -0.176626 -0.301291 0 
438 -0.17818 -0.261268 0 
439 -0.181615 -0.222459 0 
440 -0.184985 -0.185515 0 
441 -0.187581 -0.15074 0 
442 -0.189528 -0.117869 0 
443 -0.191036 -0.0863911 0 
444 -0.192108 -0.0559514 0 
445 -0.193153 -0.0258818 0 
446 -0.194184 0.00421044 0 
447 -0.195088 0.0347095 0 
448 -0.195514 0.065896 0 
449 -0.195063 0.0979002 0 
450 -0.193431 0.130618 0 
451 -0.190627 0.163865 0 
452 -0.186933 0.19787 0 
453 -0.183124 0.232497 0 
454 -0.179726 0.267401 0 
455 -0.177118 0.302531 0 
456 -0.175725 0.338152 0 
457 -0.176088 0.374447 0 
458 -0.178905 0.411763 0 
459 -0.184833 0.450225 0 
460 -0.193129 0.489329 0 
461 -0.202313 0.528844 0 
462 -0.210815 0.569643 0 
463 -0.215577 0.61337 0 
464 -0.207903 0.654558 0 
465 -0.195903 0.690248 0 
466 -0.201569 0.71696 0 
467 -0.196657 0.74602 0 
468 -0.188602 0.767549 0 
469 -0.190734 0.780491 0 
470 -0.200718 0.789531 0 
471 -0.210438 0.801218 0 
472 -0.250068 0.814204 0 
473 -0.213156 0.956163 0 
474 -0.178033 -0.975625 0 
475 -0.160678 -0.888741 0 
476 -0.165866 -0.859129 0 
477 -0.169265 -0.83823 0 
478 -0.169793 -0.820145 0 
479 -0.167759 -0.795613 0 
480 -0.171602 -0.773931 0 
481 -0.175057 -0.74888 0 
482 -0.186878 -0.71239 0 
483 -0.200418 -0.662502 0 
484 -0.195705 -0.611113 0 
485 -0.187726 -0.572383 0 
486 -0.180579 -0.540754 0 
487 -0.175023 -0.511357 0 
488 -0.171356 -0.481583 0 
489 -0.168408 -0.449286 0 
490 -0.164407 -0.414696 0 
491 -0.158214 -0.37953 0 
492 -0.149788 -0.344095 0 
493 -0.147593 -0.302918 0 
494 -0.151159 -0.261522 0 
495 -0.155302 -0.221727 0 
496 -0.158577 -0.184555 0 
497 -0.160943 -0.149936 0 
498 -0.162682 -0.117503 0 
499 -0.164123 -0.0866228 0 
500 -0.165495 -0.0563196 0 
501 -0.166889 -0.0265192 0 
502 -0.168315 0.00344039 0 
503 -0.169482 0.0340727 0 
504 -0.16985 0.0657456 0 
505 -0.168955 0.0985884 0 
506 -0.166698 0.132059 0 
507 -0.163515 0.165968 0 
508 -0.159574 0.200642 0 
509 -0.155527 0.23577 0 
510 -0.151958 0.270995 0 
511 -0.149272 0.306099 0 
512 -0.147853 0.341223 0 
513 -0.148056 0.37664 0 
514 -0.150249 0.412338 0 
515 -0.154687 0.448373 0 
516 -0.161347 0.484353 0 
517 -0.170288 0.520296 0 
518 -0.18201 0.556975 0 
519 -0.198116 0.597719 0 
520 -0.191425 0.650045 0 
521 -0.187709 0.68309 0 
522 -0.188132 0.713836 0 
523 -0.173783 0.7612 0 
524 -0.158091 0.79522 0 
525 -0.158924 0.81542 0 
526 -0.163023 0.834098 0 
527 -0.175036 0.842584 0 
528 -0.203744 0.855446 0 
529 -0.178033 0.956163 0 
530 -0.142909 -0.975625 0 
531 -0.138846 -0.877925 0 
532 -0.138003 -0.857572 0 
533 -0.13784 -0.839033 0 
534 -0.137192 -0.820934 0 
535 -0.136356 -0.800776 0 
536 -0.13824 -0.781958 0 
537 -0.14348 -0.765523 0 
538 -0.159749 -0.735465 0 
539 -0.18583 -0.670392 0 
540 -0.183559 -0.606558 0 
541 -0.16739 -0.568716 0 
542 -0.155582 -0.539439 0 
543 -0.147715 -0.511884 0 
544 -0.143919 -0.483493 0 
545 -0.141945 -0.450755 0 
546 -0.138317 -0.415402 0 
547 -0.130345 -0.381747 0 
548 -0.115893 -0.349186 0 
549 -0.116775 -0.304633 0 
550 -0.123815 -0.261347 0 
551 -0.1288 -0.220242 0 
552 -0.13178 -0.182805 0 
553 -0.133514 -0.148574 0 
554 -0.13476 -0.116645 0 
555 -0.135897 -0.0862506 0 
556 -0.137198 -0.0565877 0 
557 -0.139001 -0.0272904 0 
558 -0.14089 0.00228448 0 
559 -0.142418 0.032689 0 
560 -0.14285 0.0646173 0 
561 -0.141597 0.0983437 0 
562 -0.138803 0.132678 0 
563 -0.135541 0.167438 0 
564 -0.131182 0.203509 0 
565 -0.126703 0.23978 0 
566 -0.122841 0.275561 0 
567 -0.120081 0.310564 0 
568 -0.118667 0.345008 0 
569 -0.118723 0.379222 0 
570 -0.120362 0.413311 0 
571 -0.123703 0.447244 0 
572 -0.12883 0.480552 0 
573 -0.136118 0.51281 0 
574 -0.146652 0.543397 0 
575 -0.162264 0.570342 0 
576 -0.175937 0.610303 0 
577 -0.142909 0.675176 0 
578 -0.142909 0.710299 0 
579 -0.142909 0.745423 0 
580 -0.142909 0.780546 0 
581 -0.142909 0.815669 0 
582 -0.142909 0.850793 0 
583 -0.142909 0.885916 0 
584 -0.142909 0.92104 0 
585 -0.142909 0.956163 0 
586 -0.107786 -0.975625 0 
587 -0.115907 -0.86972 0 
588 -0.110309 -0.855007 0 
589 -0.10747 -0.839016 0 
590 -0.105834 -0.822097 0 
591 -0.104924 -0.80414 0 
592 -0.104416 -0.787668 0 
593 -0.0998899 -0.780678 0 
594 -0.0988287 -0.767346 0 
595 -0.167635 -0.675164 0 
596 -0.167997 -0.60333 0 
597 -0.147885 -0.562561 0 
598 -0.130622 -0.536843 0 
599 -0.120575 -0.511846 0 
600 -0.117422 -0.485525 0 
601 -0.118248 -0.450988 0 
602 -0.116627 -0.412644 0 
603 -0.111734 -0.378554 0 
604 -0.104422 -0.340941 0 
605 -0.0995333 -0.304144 0 
606 -0.0979187 -0.259735 0 
607 -0.102869 -0.216828 0 
608 -0.104742 -0.179681 0 
609 -0.105367 -0.14628 0 
610 -0.105767 -0.115203 0 
611 -0.106457 -0.0854688 0 
612 -0.107654 -0.0565801 0 
613 -0.10948 -0.028011 0 
614 -0.111834 0.000766703 0 
615 -0.113859 0.0305018 0 
616 -0.114323 0.0620535 0 
617 -0.112644 0.0967366 0 
618 -0.109499 0.13191 0 
619 -0.107409 0.167728 0 
620 -0.101954 0.206491 0 
621 -0.0965006 0.24483 0 
622 -0.0921604 0.281405 0 
623 -0.0893496 0.316053 0 
624 -0.0880344 0.34939 0 
625 -0.0880667 0.38218 0 
626 -0.0893426 0.414695 0 
627 -0.0917124 0.446915 0 
628 -0.095145 0.478508 0 
629 -0.0996678 0.509008 0 
630 -0.105509 0.537832 0 
631 -0.113306 0.564487 0 
632 -0.124795 0.589223 0 
633 -0.107786 0.675176 0 
634 -0.0726625 -0.975625 0 
635 -0.0893549 -0.865918 0 
636 -0.0815623 -0.853609 0 
637 -0.0772698 -0.839271 0 
638 -0.0751543 -0.82333 0 
639 -0.0744842 -0.805792 0 
640 -0.0742286 -0.787179 0 
641 -0.0704353 -0.768905 0 
642 -0.0715408 -0.732836 0 
643 -0.0726625 -0.659514 0 
644 -0.0726625 -0.624391 0 
645 -0.0726625 -0.589267 0 
646 -0.0726625 -0.554144 0 
647 -0.0726625 -0.51902 0 
648 -0.0726625 -0.483897 0 
649 -0.0726625 -0.448774 0 
650 -0.0726625 -0.41365 0 
651 -0.0726625 -0.378527 0 
652 -0.0726625 -0.343403 0 
653 -0.0726625 -0.30828 0 
654 -0.0725963 -0.255797 0 
655 -0.0779382 -0.209797 0 
656 -0.0775179 -0.174528 0 
657 -0.0763641 -0.142949 0 
658 -0.0756622 -0.113096 0 
659 -0.0756783 -0.0842576 0 
660 -0.0766044 -0.0561044 0 
661 -0.078498 -0.0283692 0 
662 -0.0812041 -0.000682156 0 
663 -0.0837272 0.0276313 0 
664 -0.0836736 0.0574367 0 
665 -0.0809587 0.0927657 0 
666 -0.0781194 0.128559 0 
667 -0.0809266 0.166243 0 
668 -0.0715583 0.210587 0 
669 -0.0641834 0.25207 0 
670 -0.0592192 0.289442 0 
671 -0.0566587 0.322816 0 
672 -0.0558598 0.354312 0 
673 -0.0562242 0.385242 0 
674 -0.0573734 0.416056 0 
675 -0.0590701 0.446835 0 
676 -0.0610547 0.477221 0 
677 -0.0629993 0.50676 0 
678 -0.0644383 0.534767 0 
679 -0.0645673 0.560268 0 
680 -0.0621599 0.582049 0 
681 -0.0726625 0.675176 0 
682 -0.037539 -0.975625 0 
683 -0.0597028 -0.865213 0 
684 -0.0513602 -0.853724 0 
685 -0.0466174 -0.840385 0 
686 -0.0445737 -0.825222 0 
687 -0.04482 -0.807708 0 
688 -0.0468079 -0.786931 0 
689 -0.0490769 -0.76159 0 
690 -0.0500566 -0.728671 0 
691 -0.037539 -0.659514 0 
692 -0.037539 -0.30828 0 
693 -0.0545087 -0.222366 0 
694 -0.0564597 -0.194563 0 
695 -0.0497088 -0.167618 0 
696 -0.0462125 -0.139158 0 
697 -0.0443239 -0.110615 0 
698 -0.0436156 -0.0824808 0 
699 -0.0440906 -0.0549062 0 
700 -0.045874 -0.0278537 0 
701 -0.0490043 -0.00122101 0 
702 -0.0523494 0.0251387 0 
703 -0.0494071 0.0498788 0 
704 -0.0422297 0.0836955 0 
705 -0.0430025 0.120327 0 
706 -0.0591115 0.162969 0 
707 -0.0365098 0.2196 0 
708 -0.0272923 0.264193 0 
709 -0.022638 0.30151 0 
710 -0.0216028 0.331025 0 
711 -0.022213 0.359191 0 
712 -0.023435 0.387694 0 
713 -0.024886 0.416788 0 
714 -0.0262225 0.446208 0 
715 -0.027164 0.475694 0 
716 -0.0271428 0.504799 0 
717 -0.02535 0.533082 0 
718 -0.020513 0.560355 0 
719 -0.0108383 0.586869 0 
720 -0.037539 0.675176 0 
721 -0.00241561 -0.975625 0 
722 -0.0273588 -0.865405 0 
723 -0.0196363 -0.855027 0 
724 -0.015082 -0.842586 0 
725 -0.0133802 -0.828469 0 
726 -0.0148 -0.811807 0 
727 -0.0196054 -0.790536 0 
728 -0.0264868 -0.76172 0 
729 -0.0339331 -0.725015 0 
730 -0.00241561 -0.659514 0 
731 -0.00241561 -0.30828 0 
732 -0.0258741 -0.213133 0 
733 -0.0227663 -0.190878 0 
734 -0.0178751 -0.164507 0 
735 -0.0141632 -0.136547 0 
736 -0.0117128 -0.108294 0 
737 -0.0104698 -0.0802503 0 
738 -0.0104672 -0.0527451 0 
739 -0.0119875 -0.0258495 0 
740 -0.0155258 0.000426124 0 
741 -0.0213824 0.0262394 0 
742 -0.0272277 0.0523628 0 
743 -0.00241561 0.113201 0 
744 -0.00241561 0.148325 0 
745 -0.00241561 0.183448 0 
746 -0.00241561 0.218571 0 
747 0.0113941 0.283703 0 
748 0.0192286 0.32118 0 
749 0.0154349 0.338959 0 
750 0.0120004 0.362253 0 
751 0.00940964 0.388411 0 
752 0.00747036 0.416047 0 
753 0.00617669 0.444496 0 
754 0.00580788 0.473346 0 
755 0.00690332 0.502293 0 
756 0.0104306 0.53106 0 
757 0.0179671 0.559718 0 
758 0.0305229 0.588346 0 
759 -0.00241561 0.675176 0 
760 0.0327078 -0.975625 0 
761 0.00709857 -0.867796 0 
762 0.0134237 -0.857701 0 
763 0.0175932 -0.845825 0 
764 0.0191823 -0.833513 0 
765 0.0169368 -0.819818 0 
766 0.00796384 -0.801625 0 
767 -0.00452323 -0.776116 0 
768 -0.0119978 -0.739316 0 
769 0.0327078 -0.659514 0 
770 0.0327078 -0.30828 0 
771 0.00498437 -0.221461 0 
772 0.0102224 -0.193152 0 
773 0.0152533 -0.164395 0 
774 0.0190576 -0.135333 0 
775 0.0217322 -0.10638 0 
776 0.0233323 -0.0778071 0 
777 0.0238095 -0.0497404 0 
778 0.0227089 -0.0222775 0 
779 0.0192051 0.00459146 0 
780 0.011667 0.0309218 0 
781 -0.00323323 0.0563562 0 
782 0.0327078 0.113201 0 
783 0.0327078 0.218571 0 
784 0.0642763 0.278649 0 
785 0.0573016 0.310757 0 
786 0.0490605 0.334543 0 
787 0.0441208 0.359624 0 
788 0.040923 0.38608 0 
789 0.0388118 0.413515 0 
790 0.0376096 0.441596 0 
791 0.0374474 0.470147 0 
792 0.0386878 0.499106 0 
793 0.0420152 0.528726 0 
794 0.0487815 0.560161 0 
795 0.0536231 0.594133 0 
796 0.0327078 0.675176 0 
797 0.0678312 -0.975625 0 
798 0.0425128 -0.874013 0 
799 0.0471778 -0.86135 0 
800 0.0514544 -0.84908 0 
801 0.0540066 -0.839496 0 
802 0.0526518 -0.829774 0 
803 0.0508866 -0.818737 0 
804 0.0544237 -0.801527 0 
805 0.0703703 -0.765379 0 
806 0.0678312 -0.659514 0 
807 0.0678312 -0.624391 0 
808 0.0678312 -0.589267 0 
809 0.0678312 -0.554144 0 
810 0.0678312 -0.51902 0 
811 0.0678312 -0.483897 0 
812 0.0678312 -0.448774 0 
813 0.0678312 -0.41365 0 
814 0.0678312 -0.378527 0 
815 0.0678312 -0.343403 0 
816 0.0678312 -0.30828 0 
817 0.0356994 -0.233074 0 
818 0.0440021 -0.198342 0 
819 0.0493504 -0.166319 0 
820 0.0529214 -0.135387 0 
821 0.0554235 -0.105132 0 
822 0.0571022 -0.0754645 0 
823 0.0579389 -0.0463704 0 
824 0.0574645 -0.017813 0 
825 0.0546107 0.0104521 0 
826 0.0475174 0.0388894 0 
827 0.0329311 0.0684613 0 
828 0.0678312 0.113201 0 
829 0.0678312 0.218571 0 
830 0.0836879 0.27207 0 
831 0.0802722 0.300598 0 
832 0.0755464 0.327774 0 
833 0.0723682 0.354966 0 
834 0.0702162 0.382419 0 
835 0.0688349 0.41015 0 
836 0.0681308 0.438176 0 
837 0.0681355 0.466471 0 
838 0.0689719 0.495177 0 
839 0.0706666 0.524633 0 
840 0.072594 0.556169 0 
841 0.071011 0.594021 0 
842 0.0678312 0.675176 0 
843 0.102955 -0.975625 0 
844 0.0750455 -0.880028 0 
845 0.0802117 -0.863631 0 
846 0.0859932 -0.848976 0 
847 0.0921018 -0.837896 0 
848 0.0944473 -0.824855 0 
849 0.0993871 -0.809688 0 
850 0.108588 -0.781734 0 
851 0.120744 -0.750868 0 
852 0.135016 -0.691549 0 
853 0.169408 -0.628057 0 
854 0.17815 -0.575592 0 
855 0.164942 -0.536011 0 
856 0.16564 -0.491055 0 
857 0.163026 -0.447974 0 
858 0.156708 -0.407242 0 
859 0.146639 -0.369843 0 
860 0.134424 -0.340114 0 
861 0.111167 -0.317756 0 
862 0.0930426 -0.289541 0 
863 0.0695733 -0.240242 0 
864 0.0795634 -0.203428 0 
865 0.0841221 -0.169056 0 
866 0.0867774 -0.136307 0 
867 0.0886786 -0.104629 0 
868 0.0901551 -0.0737334 0 
869 0.0911366 -0.0434798 0 
870 0.0912087 -0.0137468 0 
871 0.0894191 0.0157592 0 
872 0.0836752 0.0457355 0 
873 0.0700787 0.0774726 0 
874 0.102955 0.113201 0 
875 0.102955 0.218571 0 
876 0.0955758 0.26954 0 
877 0.0972952 0.29318 0 
878 0.0976319 0.322712 0 
879 0.0978337 0.351398 0 
880 0.0978965 0.37952 0 
881 0.0979573 0.407412 0 
882 0.0981616 0.435281 0 
883 0.0986583 0.463202 0 
884 0.0994773 0.491321 0 
885 0.100353 0.519853 0 
886 0.100242 0.549184 0 
887 0.0957704 0.580126 0 
888 0.102955 0.675176 0 
889 0.138078 -0.975625 0 
890 0.104997 -0.884529 0 
891 0.11157 -0.862967 0 
892 0.118712 -0.843358 0 
893 0.12678 -0.827196 0 
894 0.131548 -0.80945 0 
895 0.13761 -0.788294 0 
896 0.145843 -0.760693 0 
897 0.151332 -0.725904 0 
898 0.169191 -0.685252 0 
899 0.188802 -0.626862 0 
900 0.191102 -0.5765 0 
901 0.186259 -0.532333 0 
902 0.182699 -0.488902 0 
903 0.17768 -0.447619 0 
904 0.170611 -0.40907 0 
905 0.16163 -0.374071 0 
906 0.1516 -0.343732 0 
907 0.14042 -0.315709 0 
908 0.130097 -0.282991 0 
909 0.120004 -0.244247 0 
910 0.118426 -0.206827 0 
911 0.119088 -0.171474 0 
912 0.120088 -0.137682 0 
913 0.12106 -0.104957 0 
914 0.121988 -0.0731533 0 
915 0.122739 -0.0420282 0 
916 0.12305 -0.0115294 0 
917 0.122329 0.0185001 0 
918 0.119042 0.0486964 0 
919 0.109488 0.0814605 0 
920 0.138078 0.113201 0 
921 0.138078 0.218571 0 
922 0.110627 0.275931 0 
923 0.114071 0.299684 0 
924 0.119708 0.32548 0 
925 0.123335 0.352117 0 
926 0.125675 0.379158 0 
927 0.127266 0.406392 0 
928 0.128513 0.433704 0 
929 0.129656 0.461074 0 
930 0.130865 0.488517 0 
931 0.132026 0.515962 0 
932 0.132502 0.543091 0 
933 0.130807 0.568921 0 
934 0.138078 0.675176 0 
935 0.173202 -0.975625 0 
936 0.134335 -0.888489 0 
937 0.141155 -0.859046 0 
938 0.149024 -0.833023 0 
939 0.157159 -0.810352 0 
940 0.163066 -0.78789 0 
941 0.168441 -0.762882 0 
942 0.174296 -0.734554 0 
943 0.181618 -0.702973 0 
944 0.196683 -0.667204 0 
945 0.206306 -0.619141 0 
946 0.208279 -0.573745 0 
947 0.205549 -0.530621 0 
948 0.201271 -0.488847 0 
949 0.195568 -0.448979 0 
950 0.188706 -0.411644 0 
951 0.181102 -0.377129 0 
952 0.173537 -0.345315 0 
953 0.166762 -0.31413 0 
954 0.160742 -0.280603 0 
955 0.15559 -0.244582 0 
956 0.153176 -0.20844 0 
957 0.152411 -0.173345 0 
958 0.152308 -0.139349 0 
959 0.152432 -0.106343 0 
960 0.152618 -0.0742165 0 
961 0.152735 -0.0428763 0 
962 0.152677 -0.0124609 0 
963 0.152107 0.017034 0 
964 0.150495 0.0456597 0 
965 0.145716 0.0756679 0 
966 0.173202 0.113201 0 
967 0.173202 0.218571 0 
968 0.132722 0.287051 0 
969 0.137651 0.308806 0 
970 0.146358 0.330701 0 
971 0.151754 0.35513 0 
972 0.155331 0.380769 0 
973 0.157841 0.407027 0 
974 0.15976 0.43364 0 
975 0.161468 0.460424 0 
976 0.163274 0.48722 0 
977 0.165435 0.51382 0 
978 0.168231 0.539792 0 
979 0.172164 0.56457 0 
980 0.173202 0.675176 0 
981 0.208325 -0.975625 0 
982 0.16195 -0.890263 0 
983 0.168228 -0.851079 0 
984 0.177111 -0.818419 0 
985 0.184922 -0.790491 0 
986 0.190983 -0.763956 0 
987 0.196213 -0.736748 0 
988 0.202598 -0.710158 0 
989 0.212071 -0.682857 0 
990 0.221841 -0.649842 0 
991 0.227636 -0.610524 0 
992 0.228614 -0.569908 0 
993 0.226083 -0.529281 0 
994 0.221614 -0.48923 0 
995 0.215937 -0.450514 0 
996 0.209647 -0.413678 0 
997 0.203345 -0.378815 0 
998 0.197708 -0.345522 0 
999 0.193237 -0.312561 0 
1000 0.189726 -0.278607 0 
1001 0.187059 -0.243803 0 
1002 0.18543 -0.209009 0 
1003 0.184493 -0.174894 0 
1004 0.183836 -0.141508 0 
1005 0.183283 -0.108952 0 
1006 0.182713 -0.0772141 0 
1007 0.182092 -0.0465912 0 
1008 0.18126 -0.0174217 0 
1009 0.180026 0.00974469 0 
1010 0.177959 0.0341606 0 
1011 0.174908 0.0543821 0 
1012 0.208325 0.113201 0 
1013 0.208325 0.218571 0 
1014 0.185003 0.292144 0 
1015 0.180798 0.313093 0 
1016 0.182234 0.335331 0 
1017 0.185218 0.358824 0 
1018 0.188024 0.383478 0 
1019 0.190357 0.408955 0 
1020 0.192309 0.434916 0 
1021 0.194137 0.461222 0 
1022 0.196211 0.487608 0 
1023 0.199182 0.513679 0 
1024 0.204182 0.538536 0 
1025 0.213612 0.560477 0 
1026 0.208325 0.675176 0 
1027 0.243448 -0.975625 0 
1028 0.187656 -0.884844 0 
1029 0.19347 -0.839589 0 
1030 0.204598 -0.803064 0 
1031 0.21093 -0.770721 0 
1032 0.217599 -0.741258 0 
1033 0.224688 -0.714738 0 
1034 0.231667 -0.690394 0 
1035 0.241129 -0.666722 0 
1036 0.248526 -0.638074 0 
1037 0.251865 -0.603751 0 
1038 0.25151 -0.566526 0 
1039 0.248452 -0.528112 0 
1040 0.243765 -0.489504 0 
1041 0.238232 -0.451577 0 
1042 0.232536 -0.414851 0 
1043 0.227282 -0.379371 0 
1044 0.223044 -0.344842 0 
1045 0.220166 -0.310682 0 
1046 0.218528 -0.276408 0 
1047 0.217707 -0.242369 0 
1048 0.217146 -0.209159 0 
1049 0.216422 -0.176571 0 
1050 0.215478 -0.144407 0 
1051 0.214436 -0.112784 0 
1052 0.213382 -0.082029 0 
1053 0.21245 -0.0527185 0 
1054 0.211863 -0.025673 0 
1055 0.212127 -0.00208957 0 
1056 0.214305 0.0162496 0 
1057 0.219843 0.0274999 0 
1058 0.243448 0.113201 0 
1059 0.243448 0.218571 0 
1060 0.228192 0.293046 0 
1061 0.223491 0.316082 0 
1062 0.22177 0.338985 0 
1063 0.22209 0.362396 0 
1064 0.223316 0.386609 0 
1065 0.224706 0.411616 0 
1066 0.226108 0.437248 0 
1067 0.227507 0.463411 0 
1068 0.229237 0.489834 0 
1069 0.231934 0.516144 0 
1070 0.237047 0.541508 0 
1071 0.247493 0.564123 0 
1072 0.243448 0.675176 0 
1073 0.278572 -0.975625 0 
1074 0.21213 -0.881984 0 
1075 0.222431 -0.830925 0 
1076 0.23492 -0.78939 0 
1077 0.238196 -0.753262 0 
1078 0.247101 -0.723272 0 
1079 0.256164 -0.698322 0 
1080 0.264141 -0.676274 0 
1081 0.273018 -0.657006 0 
1082 0.277792 -0.631186 0 
1083 0.278643 -0.599384 0 
1084 0.27661 -0.564095 0 
1085 0.272649 -0.527082 0 
1086 0.267553 -0.489417 0 
1087 0.262069 -0.452003 0 
1088 0.256759 -0.415153 0 
1089 0.252237 -0.379039 0 
1090 0.24903 -0.343466 0 
1091 0.247539 -0.308334 0 
1092 0.247746 -0.273621 0 
1093 0.249046 -0.240043 0 
1094 0.249832 -0.209152 0 
1095 0.249352 -0.178838 0 
1096 0.248097 -0.1483 0 
1097 0.246639 -0.117803 0 
1098 0.245346 -0.0880155 0 
1099 0.244439 -0.0597341 0 
1100 0.244236 -0.0341016 0 
1101 0.245357 -0.0125037 0 
1102 0.248931 0.00322096 0 
1103 0.255383 0.0145851 0 
1104 0.278572 0.113201 0 
1105 0.278572 0.218571 0 
1106 0.264986 0.295037 0 
1107 0.263775 0.318663 0 
1108 0.261798 0.34192 0 
1109 0.260591 0.365477 0 
1110 0.260273 0.389628 0 
1111 0.260488 0.414562 0 
1112 0.260925 0.440261 0 
1113 0.261507 0.466634 0 
1114 0.262253 0.493728 0 
1115 0.263609 0.521465 0 
1116 0.266497 0.549923 0 
1117 0.272669 0.57963 0 
1118 0.278572 0.675176 0 
1119 0.313695 -0.975625 0 
1120 0.243027 -0.880109 0 
1121 0.261227 -0.820827 0 
1122 0.268578 -0.774754 0 
1123 0.274154 -0.741288 0 
1124 0.284635 -0.713109 0 
1125 0.295852 -0.691745 0 
1126 0.304113 -0.672002 0 
1127 0.309056 -0.65482 0 
1128 0.309794 -0.628876 0 
1129 0.307567 -0.597245 0 
1130 0.303512 -0.562434 0 
1131 0.298383 -0.525976 0 
1132 0.292765 -0.488876 0 
1133 0.28713 -0.451716 0 
1134 0.281973 -0.41475 0 
1135 0.277782 -0.378014 0 
1136 0.275264 -0.341542 0 
1137 0.274969 -0.305318 0 
1138 0.277414 -0.269599 0 
1139 0.282312 -0.2352 0 
1140 0.285132 -0.209388 0 
1141 0.284377 -0.182539 0 
1142 0.28229 -0.153785 0 
1143 0.280305 -0.123947 0 
1144 0.279017 -0.0943408 0 
1145 0.278653 -0.0659921 0 
1146 0.27947 -0.0397992 0 
1147 0.281944 -0.0163238 0 
1148 0.286959 0.00426808 0 
1149 0.293202 0.0253982 0 
1150 0.313695 0.113201 0 
1151 0.313695 0.218571 0 
1152 0.30187 0.304538 0 
1153 0.305125 0.321647 0 
1154 0.302562 0.343976 0 
1155 0.299908 0.367649 0 
1156 0.298129 0.392111 0 
1157 0.297098 0.41734 0 
1158 0.296503 0.443405 0 
1159 0.296 0.470442 0 
1160 0.295524 0.498655 0 
1161 0.295027 0.528598 0 
1162 0.294823 0.561509 0 
1163 0.295021 0.601072 0 
1164 0.313695 0.675176 0 
1165 0.348819 -0.975625 0 
1166 0.290813 -0.888834 0 
1167 0.299769 -0.823391 0 
1168 0.298833 -0.779926 0 
1169 0.321413 -0.748488 0 
1170 0.337184 -0.723816 0 
1171 0.345133 -0.702725 0 
1172 0.348695 -0.682198 0 
1173 0.347747 -0.659444 0 
1174 0.343693 -0.629931 0 
1175 0.337859 -0.596339 0 
1176 0.331626 -0.560773 0 
1177 0.325338 -0.52437 0 
1178 0.319148 -0.487561 0 
1179 0.313336 -0.450656 0 
1180 0.308096 -0.413737 0 
1181 0.303721 -0.376629 0 
1182 0.301171 -0.339332 0 
1183 0.301442 -0.301977 0 
1184 0.306289 -0.264552 0 
1185 0.318384 -0.226585 0 
1186 0.325615 -0.211903 0 
1187 0.322283 -0.189678 0 
1188 0.317905 -0.162002 0 
1189 0.315025 -0.131318 0 
1190 0.314112 -0.100438 0 
1191 0.315064 -0.0704719 0 
1192 0.318281 -0.0417307 0 
1193 0.324885 -0.0134502 0 
1194 0.337973 0.0170442 0 
1195 0.359258 0.0578998 0 
1196 0.348819 0.113201 0 
1197 0.348819 0.148325 0 
1198 0.348819 0.183448 0 
1199 0.348819 0.218571 0 
1200 0.37083 0.291506 0 
1201 0.353098 0.319312 0 
1202 0.344778 0.343536 0 
1203 0.339573 0.368257 0 
1204 0.336213 0.393523 0 
1205 0.334016 0.419436 0 
1206 0.332347 0.446209 0 
1207 0.330823 0.474147 0 
1208 0.329011 0.50366 0 
1209 0.326632 0.535819 0 
1210 0.323401 0.572738 0 
1211 0.31907 0.619885 0 
1212 0.348819 0.675176 0 
1213 0.383942 -0.975625 0 
1214 0.342643 -0.902175 0 
1215 0.340198 -0.83908 0 
1216 0.365724 -0.800237 0 
1217 0.380273 -0.773642 0 
1218 0.39043 -0.752133 0 
1219 0.39474 -0.727757 0 
1220 0.393828 -0.699142 0 
1221 0.38779 -0.666685 0 
1222 0.378236 -0.631675 0 
1223 0.36822 -0.594666 0 
1224 0.360048 -0.557764 0 
1225 0.353138 -0.521411 0 
1226 0.346656 -0.48493 0 
1227 0.340884 -0.448702 0 
1228 0.33542 -0.412323 0 
1229 0.33006 -0.375439 0 
1230 0.326223 -0.337443 0 
1231 0.324928 -0.299413 0 
1232 0.329378 -0.263472 0 
1233 0.346121 -0.23777 0 
1234 0.370279 -0.227329 0 
1235 0.362642 -0.204078 0 
1236 0.353308 -0.174887 0 
1237 0.349278 -0.139824 0 
1238 0.349163 -0.105651 0 
1239 0.35181 -0.0727146 0 
1240 0.357359 -0.0404485 0 
1241 0.366901 -0.00699699 0 
1242 0.382447 0.0311124 0 
1243 0.406448 0.0802764 0 
1244 0.42672 0.15368 0 
1245 0.403649 0.183695 0 
1246 0.400728 0.193415 0 
1247 0.414964 0.20773 0 
1248 0.449565 0.270523 0 
1249 0.402128 0.310924 0 
1250 0.386448 0.339876 0 
1251 0.378532 0.366855 0 
1252 0.373775 0.393513 0 
1253 0.370554 0.420499 0 
1254 0.368056 0.448148 0 
1255 0.365567 0.476998 0 
1256 0.362501 0.507833 0 
1257 0.358298 0.541771 0 
1258 0.352019 0.581353 0 
1259 0.342481 0.631852 0 
1260 0.383942 0.675176 0 
1261 0.419065 -0.975625 0 
1262 0.419065 -0.940501 0 
1263 0.419065 -0.905378 0 
1264 0.419065 -0.870255 0 
1265 0.419065 -0.835131 0 
1266 0.419065 -0.800008 0 
1267 0.419065 -0.764884 0 
1268 0.419065 -0.729761 0 
1269 0.419065 -0.694637 0 
1270 0.419065 -0.659514 0 
1271 0.419065 -0.624391 0 
1272 0.419065 -0.589267 0 
1273 0.419065 -0.554144 0 
1274 0.419065 -0.51902 0 
1275 0.419065 -0.483897 0 
1276 0.419065 -0.448774 0 
1277 0.419065 -0.41365 0 
1278 0.419065 -0.378527 0 
1279 0.419065 -0.343403 0 
1280 0.419065 -0.30828 0 
1281 0.419065 -0.273156 0 
1282 0.419065 -0.238033 0 
1283 0.402139 -0.209854 0 
1284 0.383574 -0.18635 0 
1285 0.38016 -0.147391 0 
1286 0.382382 -0.108729 0 
1287 0.386798 -0.0726063 0 
1288 0.393673 -0.0372756 0 
1289 0.403573 -0.00054785 0 
1290 0.416814 0.0402914 0 
1291 0.432311 0.0882585 0 
1292 0.44504 0.144242 0 
1293 0.435703 0.179461 0 
1294 0.428044 0.197169 0 
1295 0.432865 0.214954 0 
1296 0.458537 0.265589 0 
1297 0.440851 0.301986 0 
1298 0.424311 0.334383 0 
1299 0.415432 0.363849 0 
1300 0.410062 0.392145 0 
1301 0.40634 0.420265 0 
1302 0.403211 0.448832 0 
1303 0.399922 0.478524 0 
1304 0.395726 0.510343 0 
1305 0.389844 0.545591 0 
1306 0.380807 0.586631 0 
1307 0.366177 0.63774 0 
1308 0.419065 0.675176 0 
1309 0.454189 -0.238033 0 
1310 0.426467 -0.214239 0 
1311 0.415026 -0.192651 0 
1312 0.408952 -0.150062 0 
1313 0.41369 -0.10798 0 
1314 0.419254 -0.0700916 0 
1315 0.426461 -0.0333374 0 
1316 0.435402 0.00432599 0 
1317 0.445586 0.0445774 0 
1318 0.455286 0.0879355 0 
1319 0.46095 0.131971 0 
1320 0.458125 0.167081 0 
1321 0.455678 0.193432 0 
1322 0.45962 0.220003 0 
1323 0.470675 0.260408 0 
1324 0.464842 0.296102 0 
1325 0.456123 0.329123 0 
1326 0.449358 0.36007 0 
1327 0.444698 0.38971 0 
1328 0.441118 0.418796 0 
1329 0.437674 0.447989 0 
1330 0.433639 0.478163 0 
1331 0.428398 0.510519 0 
1332 0.421111 0.546638 0 
1333 0.410097 0.588524 0 
1334 0.391601 0.639326 0 
1335 0.454189 0.675176 0 
1336 0.489312 -0.238033 0 
1337 0.456796 -0.20673 0 
1338 0.445362 -0.175784 0 
1339 0.440834 -0.138964 0 
1340 0.443711 -0.101789 0 
1341 0.449323 -0.0654978 0 
1342 0.456375 -0.029218 0 
1343 0.464204 0.0078958 0 
1344 0.472045 0.0466082 0 
1345 0.478569 0.0867175 0 
1346 0.482038 0.12616 0 
1347 0.481637 0.161121 0 
1348 0.481296 0.191603 0 
1349 0.484038 0.22201 0 
1350 0.489119 0.257542 0 
1351 0.487863 0.291769 0 
1352 0.484346 0.324567 0 
1353 0.480809 0.356055 0 
1354 0.477865 0.386492 0 
1355 0.475054 0.416184 0 
1356 0.471595 0.445564 0 
1357 0.466807 0.475532 0 
1358 0.46035 0.507646 0 
1359 0.451793 0.544104 0 
1360 0.439663 0.586749 0 
1361 0.420663 0.63789 0 
1362 0.489312 0.675176 0 
1363 0.524436 -0.238033 0 
1364 0.490137 -0.20507 0 
1365 0.467111 -0.167335 0 
1366 0.463192 -0.129698 0 
1367 0.469556 -0.0953946 0 
1368 0.476857 -0.0608489 0 
1369 0.484291 -0.0257309 0 
1370 0.491357 0.0103702 0 
1371 0.497605 0.0476864 0 
1372 0.5023 0.0857891 0 
1373 0.504761 0.123348 0 
1374 0.505218 0.158332 0 
1375 0.505677 0.19067 0 
1376 0.507711 0.222442 0 
1377 0.510792 0.255617 0 
1378 0.511767 0.288395 0 
1379 0.511606 0.32053 0 
1380 0.511085 0.351941 0 
1381 0.510316 0.382644 0 
1382 0.508796 0.41259 0 
1383 0.505658 0.441706 0 
1384 0.499998 0.470502 0 
1385 0.491612 0.500918 0 
1386 0.481508 0.536832 0 
1387 0.468813 0.580422 0 
1388 0.448517 0.631767 0 
1389 0.524436 0.675176 0 
1390 0.559559 -0.238033 0 
1391 0.516732 -0.197764 0 
1392 0.488012 -0.157276 0 
1393 0.484941 -0.12071 0 
1394 0.493645 -0.0895907 0 
1395 0.503475 -0.0569763 0 
1396 0.511433 -0.0232235 0 
1397 0.517842 0.0118282 0 
1398 0.522831 0.0481802 0 
1399 0.52619 0.0854578 0 
1400 0.527889 0.122602 0 
1401 0.528503 0.157821 0 
1402 0.529357 0.190906 0 
1403 0.531383 0.222759 0 
1404 0.534307 0.254368 0 
1405 0.536911 0.285602 0 
1406 0.539226 0.316628 0 
1407 0.541339 0.3475 0 
1408 0.54297 0.378125 0 
1409 0.543313 0.408081 0 
1410 0.541089 0.436866 0 
1411 0.534769 0.46394 0 
1412 0.522907 0.489422 0 
1413 0.509606 0.522969 0 
1414 0.497491 0.568277 0 
1415 0.478763 0.623927 0 
1416 0.559559 0.675176 0 
1417 0.594683 -0.238033 0 
1418 0.545311 -0.188532 0 
1419 0.514703 -0.145665 0 
1420 0.511585 -0.111816 0 
1421 0.52048 -0.0846181 0 
1422 0.531447 -0.0544396 0 
1423 0.539148 -0.0222334 0 
1424 0.544253 0.0118992 0 
1425 0.547772 0.0480516 0 
1426 0.549821 0.085766 0 
1427 0.55061 0.123991 0 
1428 0.551161 0.159942 0 
1429 0.552626 0.193177 0 
1430 0.555381 0.224241 0 
1431 0.559252 0.254028 0 
1432 0.563461 0.283159 0 
1433 0.567925 0.312462 0 
1434 0.572512 0.342244 0 
1435 0.57675 0.37249 0 
1436 0.579587 0.402577 0 
1437 0.579399 0.431444 0 
1438 0.573893 0.457736 0 
1439 0.559704 0.479853 0 
1440 0.533776 0.498776 0 
1441 0.524869 0.547045 0 
1442 0.50927 0.606075 0 
1443 0.594683 0.675176 0 
1444 0.629806 -0.238033 0 
1445 0.576718 -0.175095 0 
1446 0.55197 -0.13593 0 
1447 0.548314 -0.109943 0 
1448 0.553798 -0.0819077 0 
1449 0.563541 -0.0540397 0 
1450 0.568679 -0.0238448 0 
1451 0.570612 0.00959469 0 
1452 0.572049 0.0467626 0 
1453 0.572624 0.0865834 0 
1454 0.571985 0.128482 0 
1455 0.572752 0.165993 0 
1456 0.575614 0.198966 0 
1457 0.580065 0.228265 0 
1458 0.586016 0.254971 0 
1459 0.591943 0.280926 0 
1460 0.598363 0.307386 0 
1461 0.605222 0.335296 0 
1462 0.612338 0.364843 0 
1463 0.618479 0.39535 0 
1464 0.62174 0.4252 0 
1465 0.619546 0.4524 0 
1466 0.608548 0.474483 0 
1467 0.586177 0.495429 0 
1468 0.54925 0.519435 0 
1469 0.546711 0.588967 0 
1470 0.629806 0.675176 0 
1471 0.664929 -0.238033 0 
1472 0.628587 -0.155642 0 
1473 0.591076 -0.121356 0 
1474 0.586897 -0.100047 0 
1475 0.59565 -0.0785215 0 
1476 0.604112 -0.0565987 0 
1477 0.601864 -0.0303234 0 
1478 0.595984 0.00257645 0 
1479 0.594723 0.0434802 0 
1480 0.594228 0.0873458 0 
1481 0.590574 0.137843 0 
1482 0.592699 0.178418 0 
1483 0.598899 0.210713 0 
1484 0.606388 0.236775 0 
1485 0.616516 0.257816 0 
1486 0.623602 0.278366 0 
1487 0.631571 0.300215 0 
1488 0.639854 0.325042 0 
1489 0.650053 0.353383 0 
1490 0.66046 0.384946 0 
1491 0.668828 0.416686 0 
1492 0.672249 0.447042 0 
1493 0.666607 0.471706 0 
1494 0.651541 0.494805 0 
1495 0.626236 0.5254 0 
1496 0.606959 0.583063 0 
1497 0.664929 0.675176 0 
1498 0.700053 -0.238033 0 
1499 0.700053 -0.20291 0 
1500 0.700053 -0.167786 0 
1501 0.700053 -0.132663 0 
1502 0.700053 -0.0975394 0 
1503 0.700053 -0.062416 0 
1504 0.700053 -0.0272926 0 
1505 0.700053 0.00783085 0 
1506 0.700053 0.0429543 0 
1507 0.700053 0.0780777 0 
1508 0.700053 0.113201 0 
1509 0.700053 0.148325 0 
1510 0.700053 0.183448 0 
1511 0.700053 0.218571 0 
1512 0.700053 0.253695 0 
1513 0.700053 0.288818 0 
1514 0.700053 0.323942 0 
1515 0.700053 0.359065 0 
1516 0.700053 0.394188 0 
1517 0.700053 0.429312 0 
1518 0.700053 0.464435 0 
1519 0.700053 0.499559 0 
1520 0.700053 0.534682 0 
1521 0.700053 0.569806 0 
1522 0.700053 0.604929 0 
1523 0.700053 0.640052 0 
1524 0.700053 0.675176 0 
