0 -0.745705 0.467811 0 
1 -0.745705 0.502615 0 
2 -0.745705 0.537419 0 
3 -0.745705 0.572223 0 
4 -0.745705 0.607027 0 
5 -0.745705 0.641831 0 
6 -0.745705 0.676635 0 
7 -0.745705 0.711439 0 
8 -0.745705 0.746243 0 
9 -0.745705 0.781047 0 
10 -0.745705 0.815851 0 
11 -0.745705 0.850655 0 
12 -0.745705 0.885459 0 
13 -0.745705 0.920263 0 
14 -0.745705 0.955068 0 
15 -0.710901 0.467811 0 
16 -0.032222 -0.00204399 0 
17 -0.032222 -0.00204399 0 
18 -0.032222 -0.00204399 0 
19 -0.032222 -0.00204399 0 
20 -0.032222 -0.00204399 0 
21 -0.032222 -0.00204399 0 
22 -0.032222 -0.00204399 0 
23 -0.032222 -0.00204399 0 
24 -0.032222 -0.00204399 0 
25 -0.032222 -0.00204399 0 
26 -0.032222 -0.00204399 0 
27 -0.032222 -0.00204399 0 
28 -0.032222 -0.00204399 0 
29 -0.710901 0.955068 0 
30 -0.676097 0.467811 0 
31 -0.032222 -0.00204399 0 
32 -0.032222 -0.00204399 0 
33 -0.032222 -0.00204399 0 
34 -0.032222 -0.00204399 0 
35 -0.032222 -0.00204399 0 
36 -0.032222 -0.00204399 0 
37 -0.032222 -0.00204399 0 
38 -0.032222 -0.00204399 0 
39 -0.032222 -0.00204399 0 
40 -0.032222 -0.00204399 0 
41 -0.032222 -0.00204399 0 
42 -0.032222 -0.00204399 0 
43 -0.032222 -0.00204399 0 
44 -0.676097 0.955068 0 
45 -0.641293 0.467811 0 
46 -0.032222 -0.00204399 0 
47 -0.032222 -0.00204399 0 
48 -0.032222 -0.00204399 0 
49 -0.032222 -0.00204399 0 
50 -0.032222 -0.00204399 0 
51 -0.032222 -0.00204399 0 
52 -0.032222 -0.00204399 0 
53 -0.032222 -0.00204399 0 
54 -0.032222 -0.00204399 0 
55 -0.032222 -0.00204399 0 
56 -0.032222 -0.00204399 0 
57 -0.032222 -0.00204399 0 
58 -0.032222 -0.00204399 0 
59 -0.641293 0.955068 0 
60 -0.606489 0.467811 0 
61 -0.032222 -0.00204399 0 
62 -0.032222 -0.00204399 0 
63 -0.032222 -0.00204399 0 
64 -0.032222 -0.00204399 0 
65 -0.032222 -0.00204399 0 
66 -0.032222 -0.00204399 0 
67 -0.032222 -0.00204399 0 
68 -0.032222 -0.00204399 0 
69 -0.032222 -0.00204399 0 
70 -0.032222 -0.00204399 0 
71 -0.032222 -0.00204399 0 
72 -0.032222 -0.00204399 0 
73 -0.032222 -0.00204399 0 
74 -0.606489 0.955068 0 
75 -0.571685 0.467811 0 
76 -0.032222 -0.00204399 0 
77 -0.032222 -0.00204399 0 
78 -0.032222 -0.00204399 0 
79 -0.032222 -0.00204399 0 
80 -0.032222 -0.00204399 0 
81 -0.032222 -0.00204399 0 
82 -0.032222 -0.00204399 0 
83 -0.032222 -0.00204399 0 
84 -0.032222 -0.00204399 0 
85 -0.032222 -0.00204399 0 
86 -0.032222 -0.00204399 0 
87 -0.032222 -0.00204399 0 
88 -0.032222 -0.00204399 0 
89 -0.571685 0.955068 0 
90 -0.536881 0.467811 0 
91 -0.032222 -0.00204399 0 
92 -0.032222 -0.00204399 0 
93 -0.032222 -0.00204399 0 
94 -0.032222 -0.00204399 0 
95 -0.032222 -0.00204399 0 
96 -0.032222 -0.00204399 0 
97 -0.032222 -0.00204399 0 
98 -0.032222 -0.00204399 0 
99 -0.032222 -0.00204399 0 
100 -0.032222 -0.00204399 0 
101 -0.032222 -0.00204399 0 
102 -0.032222 -0.00204399 0 
103 -0.032222 -0.00204399 0 
104 -0.536881 0.955068 0 
105 -0.502077 0.467811 0 
106 -0.032222 -0.00204399 0 
107 -0.032222 -0.00204399 0 
108 -0.032222 -0.00204399 0 
109 -0.032222 -0.00204399 0 
110 -0.032222 -0.00204399 0 
111 -0.032222 -0.00204399 0 
112 -0.032222 -0.00204399 0 
113 -0.032222 -0.00204399 0 
114 -0.032222 -0.00204399 0 
115 -0.032222 -0.00204399 0 
116 -0.032222 -0.00204399 0 
117 -0.032222 -0.00204399 0 
118 -0.032222 -0.00204399 0 
119 -0.502077 0.955068 0 
120 -0.467273 -0.680724 0 
121 -0.467273 -0.64592 0 
122 -0.467273 -0.611115 0 
123 -0.467273 -0.576311 0 
124 -0.467273 -0.541507 0 
125 -0.467273 -0.506703 0 
126 -0.467273 -0.471899 0 
127 -0.467273 -0.437095 0 
128 -0.467273 -0.402291 0 
129 -0.467273 -0.367487 0 
130 -0.467273 -0.332683 0 
131 -0.467273 -0.297879 0 
132 -0.467273 0.467811 0 
133 -0.032222 -0.00204399 0 
134 -0.032222 -0.00204399 0 
135 -0.032222 -0.00204399 0 
136 -0.032222 -0.00204399 0 
137 -0.032222 -0.00204399 0 
138 -0.032222 -0.00204399 0 
139 -0.032222 -0.00204399 0 
140 -0.032222 -0.00204399 0 
141 -0.032222 -0.00204399 0 
142 -0.032222 -0.00204399 0 
143 -0.032222 -0.00204399 0 
144 -0.032222 -0.00204399 0 
145 -0.032222 -0.00204399 0 
146 -0.467273 0.955068 0 
147 -0.432469 -0.680724 0 
148 -0.032222 -0.00204399 0 
149 -0.032222 -0.00204399 0 
150 -0.032222 -0.00204399 0 
151 -0.032222 -0.00204399 0 
152 -0.032222 -0.00204399 0 
153 -0.032222 -0.00204399 0 
154 -0.032222 -0.00204399 0 
155 -0.032222 -0.00204399 0 
156 -0.032222 -0.00204399 0 
157 -0.032222 -0.00204399 0 
158 -0.432469 -0.297879 0 
159 -0.432469 0.467811 0 
160 -0.032222 -0.00204399 0 
161 -0.032222 -0.00204399 0 
162 -0.032222 -0.00204399 0 
163 -0.032222 -0.00204399 0 
164 -0.032222 -0.00204399 0 
165 -0.032222 -0.00204399 0 
166 -0.032222 -0.00204399 0 
167 -0.032222 -0.00204399 0 
168 -0.032222 -0.00204399 0 
169 -0.032222 -0.00204399 0 
170 -0.032222 -0.00204399 0 
171 -0.032222 -0.00204399 0 
172 -0.032222 -0.00204399 0 
173 -0.432469 0.955068 0 
174 -0.397664 -0.680724 0 
175 -0.032222 -0.00204399 0 
176 -0.032222 -0.00204399 0 
177 -0.032222 -0.00204399 0 
178 -0.032222 -0.00204399 0 
179 -0.032222 -0.00204399 0 
180 -0.032222 -0.00204399 0 
181 -0.032222 -0.00204399 0 
182 -0.032222 -0.00204399 0 
183 -0.032222 -0.00204399 0 
184 -0.032222 -0.00204399 0 
185 -0.397664 -0.297879 0 
186 -0.397664 0.467811 0 
187 -0.032222 -0.00204399 0 
188 -0.032222 -0.00204399 0 
189 -0.032222 -0.00204399 0 
190 -0.032222 -0.00204399 0 
191 -0.032222 -0.00204399 0 
192 -0.032222 -0.00204399 0 
193 -0.032222 -0.00204399 0 
194 -0.032222 -0.00204399 0 
195 -0.032222 -0.00204399 0 
196 -0.032222 -0.00204399 0 
197 -0.032222 -0.00204399 0 
198 -0.032222 -0.00204399 0 
199 -0.032222 -0.00204399 0 
200 -0.397664 0.955068 0 
201 -0.362861 -0.959156 0 
202 -0.362861 -0.924352 0 
203 -0.362861 -0.889548 0 
204 -0.362861 -0.854744 0 
205 -0.362861 -0.81994 0 
206 -0.362861 -0.785136 0 
207 -0.362861 -0.750332 0 
208 -0.362861 -0.715528 0 
209 -0.362861 -0.680724 0 
210 -0.032222 -0.00204399 0 
211 -0.032222 -0.00204399 0 
212 -0.032222 -0.00204399 0 
213 -0.032222 -0.00204399 0 
214 -0.032222 -0.00204399 0 
215 -0.032222 -0.00204399 0 
216 -0.032222 -0.00204399 0 
217 -0.032222 -0.00204399 0 
218 -0.032222 -0.00204399 0 
219 -0.032222 -0.00204399 0 
220 -0.362861 -0.297879 0 
221 -0.362861 0.467811 0 
222 -0.032222 -0.00204399 0 
223 -0.032222 -0.00204399 0 
224 -0.032222 -0.00204399 0 
225 -0.032222 -0.00204399 0 
226 -0.032222 -0.00204399 0 
227 -0.032222 -0.00204399 0 
228 -0.032222 -0.00204399 0 
229 -0.032222 -0.00204399 0 
230 -0.032222 -0.00204399 0 
231 -0.032222 -0.00204399 0 
232 -0.032222 -0.00204399 0 
233 -0.032222 -0.00204399 0 
234 -0.032222 -0.00204399 0 
235 -0.362861 0.955068 0 
236 -0.328056 -0.959156 0 
237 -0.032222 -0.00204399 0 
238 -0.032222 -0.00204399 0 
239 -0.032222 -0.00204399 0 
240 -0.032222 -0.00204399 0 
241 -0.032222 -0.00204399 0 
242 -0.032222 -0.00204399 0 
243 -0.032222 -0.00204399 0 
244 -0.032222 -0.00204399 0 
245 -0.032222 -0.00204399 0 
246 -0.032222 -0.00204399 0 
247 -0.032222 -0.00204399 0 
248 -0.032222 -0.00204399 0 
249 -0.032222 -0.00204399 0 
250 -0.032222 -0.00204399 0 
251 -0.032222 -0.00204399 0 
252 -0.032222 -0.00204399 0 
253 -0.032222 -0.00204399 0 
254 -0.032222 -0.00204399 0 
255 -0.328056 -0.297879 0 
256 -0.328056 -0.263075 0 
257 -0.328056 -0.228271 0 
258 -0.328056 -0.193467 0 
259 -0.328056 -0.158663 0 
260 -0.328056 -0.123858 0 
261 -0.328056 -0.0890545 0 
262 -0.328056 -0.0542504 0 
263 -0.328056 -0.0194463 0 
264 -0.328056 0.0153577 0 
265 -0.328056 0.0501618 0 
266 -0.328056 0.0849658 0 
267 -0.328056 0.11977 0 
268 -0.328056 0.154574 0 
269 -0.328056 0.189378 0 
270 -0.328056 0.224182 0 
271 -0.328056 0.258986 0 
272 -0.328056 0.29379 0 
273 -0.328056 0.328594 0 
274 -0.328056 0.363398 0 
275 -0.328056 0.398202 0 
276 -0.328056 0.433006 0 
277 -0.328056 0.467811 0 
278 -0.032222 -0.00204399 0 
279 -0.032222 -0.00204399 0 
280 -0.032222 -0.00204399 0 
281 -0.032222 -0.00204399 0 
282 -0.032222 -0.00204399 0 
283 -0.032222 -0.00204399 0 
284 -0.032222 -0.00204399 0 
285 -0.032222 -0.00204399 0 
286 -0.032222 -0.00204399 0 
287 -0.032222 -0.00204399 0 
288 -0.032222 -0.00204399 0 
289 -0.032222 -0.00204399 0 
290 -0.032222 -0.00204399 0 
291 -0.328056 0.955068 0 
292 -0.293252 -0.959156 0 
293 -0.032222 -0.00204399 0 
294 -0.032222 -0.00204399 0 
295 -0.032222 -0.00204399 0 
296 -0.032222 -0.00204399 0 
297 -0.032222 -0.00204399 0 
298 -0.032222 -0.00204399 0 
299 -0.032222 -0.00204399 0 
300 -0.032222 -0.00204399 0 
301 -0.032222 -0.00204399 0 
302 -0.032222 -0.00204399 0 
303 -0.032222 -0.00204399 0 
304 -0.032222 -0.00204399 0 
305 -0.032222 -0.00204399 0 
306 -0.032222 -0.00204399 0 
307 -0.032222 -0.00204399 0 
308 -0.032222 -0.00204399 0 
309 -0.032222 -0.00204399 0 
310 -0.032222 -0.00204399 0 
311 -0.032222 -0.00204399 0 
312 -0.032222 -0.00204399 0 
313 -0.032222 -0.00204399 0 
314 -0.032222 -0.00204399 0 
315 -0.032222 -0.00204399 0 
316 -0.032222 -0.00204399 0 
317 -0.032222 -0.00204399 0 
318 -0.032222 -0.00204399 0 
319 -0.032222 -0.00204399 0 
320 -0.032222 -0.00204399 0 
321 -0.032222 -0.00204399 0 
322 -0.032222 -0.00204399 0 
323 -0.032222 -0.00204399 0 
324 -0.032222 -0.00204399 0 
325 -0.032222 -0.00204399 0 
326 -0.032222 -0.00204399 0 
327 -0.032222 -0.00204399 0 
328 -0.032222 -0.00204399 0 
329 -0.032222 -0.00204399 0 
330 -0.032222 -0.00204399 0 
331 -0.032222 -0.00204399 0 
332 -0.032222 -0.00204399 0 
333 -0.032222 -0.00204399 0 
334 -0.032222 -0.00204399 0 
335 -0.032222 -0.00204399 0 
336 -0.032222 -0.00204399 0 
337 -0.032222 -0.00204399 0 
338 -0.032222 -0.00204399 0 
339 -0.032222 -0.00204399 0 
340 -0.032222 -0.00204399 0 
341 -0.032222 -0.00204399 0 
342 -0.032222 -0.00204399 0 
343 -0.032222 -0.00204399 0 
344 -0.032222 -0.00204399 0 
345 -0.032222 -0.00204399 0 
346 -0.032222 -0.00204399 0 
347 -0.293252 0.955068 0 
348 -0.258448 -0.959156 0 
349 -0.032222 -0.00204399 0 
350 -0.032222 -0.00204399 0 
351 -0.032222 -0.00204399 0 
352 -0.032222 -0.00204399 0 
353 -0.032222 -0.00204399 0 
354 -0.032222 -0.00204399 0 
355 -0.032222 -0.00204399 0 
356 -0.032222 -0.00204399 0 
357 -0.032222 -0.00204399 0 
358 -0.032222 -0.00204399 0 
359 -0.032222 -0.00204399 0 
360 -0.032222 -0.00204399 0 
361 -0.032222 -0.00204399 0 
362 -0.032222 -0.00204399 0 
363 -0.032222 -0.00204399 0 
364 -0.032222 -0.00204399 0 
365 -0.032222 -0.00204399 0 
366 -0.032222 -0.00204399 0 
367 -0.032222 -0.00204399 0 
368 -0.032222 -0.00204399 0 
369 -0.032222 -0.00204399 0 
370 -0.032222 -0.00204399 0 
371 -0.032222 -0.00204399 0 
372 -0.032222 -0.00204399 0 
373 -0.032222 -0.00204399 0 
374 -0.032222 -0.00204399 0 
375 -0.032222 -0.00204399 0 
376 -0.032222 -0.00204399 0 
377 -0.032222 -0.00204399 0 
378 -0.032222 -0.00204399 0 
379 -0.032222 -0.00204399 0 
380 -0.032222 -0.00204399 0 
381 -0.032222 -0.00204399 0 
382 -0.032222 -0.00204399 0 
383 -0.032222 -0.00204399 0 
384 -0.032222 -0.00204399 0 
385 -0.032222 -0.00204399 0 
386 -0.032222 -0.00204399 0 
387 -0.032222 -0.00204399 0 
388 -0.032222 -0.00204399 0 
389 -0.032222 -0.00204399 0 
390 -0.032222 -0.00204399 0 
391 -0.032222 -0.00204399 0 
392 -0.032222 -0.00204399 0 
393 -0.032222 -0.00204399 0 
394 -0.032222 -0.00204399 0 
395 -0.032222 -0.00204399 0 
396 -0.032222 -0.00204399 0 
397 -0.032222 -0.00204399 0 
398 -0.032222 -0.00204399 0 
399 -0.032222 -0.00204399 0 
400 -0.032222 -0.00204399 0 
401 -0.032222 -0.00204399 0 
402 -0.032222 -0.00204399 0 
403 -0.258448 0.955068 0 
404 -0.223644 -0.959156 0 
405 -0.032222 -0.00204399 0 
406 -0.032222 -0.00204399 0 
407 -0.032222 -0.00204399 0 
408 -0.032222 -0.00204399 0 
409 -0.032222 -0.00204399 0 
410 -0.032222 -0.00204399 0 
411 -0.032222 -0.00204399 0 
412 -0.032222 -0.00204399 0 
413 -0.032222 -0.00204399 0 
414 -0.032222 -0.00204399 0 
415 -0.032222 -0.00204399 0 
416 -0.032222 -0.00204399 0 
417 -0.032222 -0.00204399 0 
418 -0.032222 -0.00204399 0 
419 -0.032222 -0.00204399 0 
420 -0.032222 -0.00204399 0 
421 -0.032222 -0.00204399 0 
422 -0.032222 -0.00204399 0 
423 -0.032222 -0.00204399 0 
424 -0.032222 -0.00204399 0 
425 -0.032222 -0.00204399 0 
426 -0.032222 -0.00204399 0 
427 -0.032222 -0.00204399 0 
428 -0.032222 -0.00204399 0 
429 -0.032222 -0.00204399 0 
430 -0.032222 -0.00204399 0 
431 -0.032222 -0.00204399 0 
432 -0.032222 -0.00204399 0 
433 -0.032222 -0.00204399 0 
434 -0.032222 -0.00204399 0 
435 -0.032222 -0.00204399 0 
436 -0.032222 -0.00204399 0 
437 -0.032222 -0.00204399 0 
438 -0.032222 -0.00204399 0 
439 -0.032222 -0.00204399 0 
440 -0.032222 -0.00204399 0 
441 -0.032222 -0.00204399 0 
442 -0.032222 -0.00204399 0 
443 -0.032222 -0.00204399 0 
444 -0.032222 -0.00204399 0 
445 -0.032222 -0.00204399 0 
446 -0.032222 -0.00204399 0 
447 -0.032222 -0.00204399 0 
448 -0.032222 -0.00204399 0 
449 -0.032222 -0.00204399 0 
450 -0.032222 -0.00204399 0 
451 -0.032222 -0.00204399 0 
452 -0.032222 -0.00204399 0 
453 -0.032222 -0.00204399 0 
454 -0.032222 -0.00204399 0 
455 -0.032222 -0.00204399 0 
456 -0.032222 -0.00204399 0 
457 -0.032222 -0.00204399 0 
458 -0.032222 -0.00204399 0 
459 -0.223644 0.955068 0 
460 -0.18884 -0.959156 0 
461 -0.032222 -0.00204399 0 
462 -0.032222 -0.00204399 0 
463 -0.032222 -0.00204399 0 
464 -0.032222 -0.00204399 0 
465 -0.032222 -0.00204399 0 
466 -0.032222 -0.00204399 0 
467 -0.032222 -0.00204399 0 
468 -0.032222 -0.00204399 0 
469 -0.032222 -0.00204399 0 
470 -0.032222 -0.00204399 0 
471 -0.032222 -0.00204399 0 
472 -0.032222 -0.00204399 0 
473 -0.032222 -0.00204399 0 
474 -0.032222 -0.00204399 0 
475 -0.032222 -0.00204399 0 
476 -0.032222 -0.00204399 0 
477 -0.032222 -0.00204399 0 
478 -0.032222 -0.00204399 0 
479 -0.032222 -0.00204399 0 
480 -0.032222 -0.00204399 0 
481 -0.032222 -0.00204399 0 
482 -0.032222 -0.00204399 0 
483 -0.032222 -0.00204399 0 
484 -0.032222 -0.00204399 0 
485 -0.032222 -0.00204399 0 
486 -0.032222 -0.00204399 0 
487 -0.032222 -0.00204399 0 
488 -0.032222 -0.00204399 0 
489 -0.032222 -0.00204399 0 
490 -0.032222 -0.00204399 0 
491 -0.032222 -0.00204399 0 
492 -0.032222 -0.00204399 0 
493 -0.032222 -0.00204399 0 
494 -0.032222 -0.00204399 0 
495 -0.032222 -0.00204399 0 
496 -0.032222 -0.00204399 0 
497 -0.032222 -0.00204399 0 
498 -0.032222 -0.00204399 0 
499 -0.032222 -0.00204399 0 
500 -0.032222 -0.00204399 0 
501 -0.032222 -0.00204399 0 
502 -0.032222 -0.00204399 0 
503 -0.032222 -0.00204399 0 
504 -0.032222 -0.00204399 0 
505 -0.032222 -0.00204399 0 
506 -0.032222 -0.00204399 0 
507 -0.032222 -0.00204399 0 
508 -0.032222 -0.00204399 0 
509 -0.032222 -0.00204399 0 
510 -0.032222 -0.00204399 0 
511 -0.032222 -0.00204399 0 
512 -0.032222 -0.00204399 0 
513 -0.032222 -0.00204399 0 
514 -0.032222 -0.00204399 0 
515 -0.18884 0.955068 0 
516 -0.154036 -0.959156 0 
517 -0.032222 -0.00204399 0 
518 -0.032222 -0.00204399 0 
519 -0.032222 -0.00204399 0 
520 -0.032222 -0.00204399 0 
521 -0.032222 -0.00204399 0 
522 -0.032222 -0.00204399 0 
523 -0.032222 -0.00204399 0 
524 -0.032222 -0.00204399 0 
525 -0.032222 -0.00204399 0 
526 -0.032222 -0.00204399 0 
527 -0.032222 -0.00204399 0 
528 -0.032222 -0.00204399 0 
529 -0.032222 -0.00204399 0 
530 -0.032222 -0.00204399 0 
531 -0.032222 -0.00204399 0 
532 -0.032222 -0.00204399 0 
533 -0.032222 -0.00204399 0 
534 -0.032222 -0.00204399 0 
535 -0.032222 -0.00204399 0 
536 -0.032222 -0.00204399 0 
537 -0.032222 -0.00204399 0 
538 -0.032222 -0.00204399 0 
539 -0.032222 -0.00204399 0 
540 -0.032222 -0.00204399 0 
541 -0.032222 -0.00204399 0 
542 -0.032222 -0.00204399 0 
543 -0.032222 -0.00204399 0 
544 -0.032222 -0.00204399 0 
545 -0.032222 -0.00204399 0 
546 -0.032222 -0.00204399 0 
547 -0.032222 -0.00204399 0 
548 -0.032222 -0.00204399 0 
549 -0.032222 -0.00204399 0 
550 -0.032222 -0.00204399 0 
551 -0.032222 -0.00204399 0 
552 -0.032222 -0.00204399 0 
553 -0.032222 -0.00204399 0 
554 -0.032222 -0.00204399 0 
555 -0.032222 -0.00204399 0 
556 -0.032222 -0.00204399 0 
557 -0.032222 -0.00204399 0 
558 -0.032222 -0.00204399 0 
559 -0.032222 -0.00204399 0 
560 -0.032222 -0.00204399 0 
561 -0.032222 -0.00204399 0 
562 -0.032222 -0.00204399 0 
563 -0.154036 0.676635 0 
564 -0.154036 0.711439 0 
565 -0.154036 0.746243 0 
566 -0.154036 0.781047 0 
567 -0.154036 0.815851 0 
568 -0.154036 0.850655 0 
569 -0.154036 0.885459 0 
570 -0.154036 0.920263 0 
571 -0.154036 0.955068 0 
572 -0.119232 -0.959156 0 
573 -0.032222 -0.00204399 0 
574 -0.032222 -0.00204399 0 
575 -0.032222 -0.00204399 0 
576 -0.032222 -0.00204399 0 
577 -0.032222 -0.00204399 0 
578 -0.032222 -0.00204399 0 
579 -0.032222 -0.00204399 0 
580 -0.032222 -0.00204399 0 
581 -0.032222 -0.00204399 0 
582 -0.032222 -0.00204399 0 
583 -0.032222 -0.00204399 0 
584 -0.032222 -0.00204399 0 
585 -0.032222 -0.00204399 0 
586 -0.032222 -0.00204399 0 
587 -0.032222 -0.00204399 0 
588 -0.032222 -0.00204399 0 
589 -0.032222 -0.00204399 0 
590 -0.032222 -0.00204399 0 
591 -0.032222 -0.00204399 0 
592 -0.032222 -0.00204399 0 
593 -0.032222 -0.00204399 0 
594 -0.032222 -0.00204399 0 
595 -0.032222 -0.00204399 0 
596 -0.032222 -0.00204399 0 
597 -0.032222 -0.00204399 0 
598 -0.032222 -0.00204399 0 
599 -0.032222 -0.00204399 0 
600 -0.032222 -0.00204399 0 
601 -0.032222 -0.00204399 0 
602 -0.032222 -0.00204399 0 
603 -0.032222 -0.00204399 0 
604 -0.032222 -0.00204399 0 
605 -0.032222 -0.00204399 0 
606 -0.032222 -0.00204399 0 
607 -0.032222 -0.00204399 0 
608 -0.032222 -0.00204399 0 
609 -0.032222 -0.00204399 0 
610 -0.032222 -0.00204399 0 
611 -0.032222 -0.00204399 0 
612 -0.032222 -0.00204399 0 
613 -0.032222 -0.00204399 0 
614 -0.032222 -0.00204399 0 
615 -0.032222 -0.00204399 0 
616 -0.032222 -0.00204399 0 
617 -0.032222 -0.00204399 0 
618 -0.032222 -0.00204399 0 
619 -0.119232 0.676635 0 
620 -0.084428 -0.959156 0 
621 -0.032222 -0.00204399 0 
622 -0.032222 -0.00204399 0 
623 -0.032222 -0.00204399 0 
624 -0.032222 -0.00204399 0 
625 -0.032222 -0.00204399 0 
626 -0.032222 -0.00204399 0 
627 -0.032222 -0.00204399 0 
628 -0.032222 -0.00204399 0 
629 -0.032222 -0.00204399 0 
630 -0.032222 -0.00204399 0 
631 -0.032222 -0.00204399 0 
632 -0.032222 -0.00204399 0 
633 -0.032222 -0.00204399 0 
634 -0.032222 -0.00204399 0 
635 -0.032222 -0.00204399 0 
636 -0.032222 -0.00204399 0 
637 -0.032222 -0.00204399 0 
638 -0.032222 -0.00204399 0 
639 -0.032222 -0.00204399 0 
640 -0.032222 -0.00204399 0 
641 -0.032222 -0.00204399 0 
642 -0.032222 -0.00204399 0 
643 -0.032222 -0.00204399 0 
644 -0.032222 -0.00204399 0 
645 -0.032222 -0.00204399 0 
646 -0.032222 -0.00204399 0 
647 -0.032222 -0.00204399 0 
648 -0.032222 -0.00204399 0 
649 -0.032222 -0.00204399 0 
650 -0.032222 -0.00204399 0 
651 -0.032222 -0.00204399 0 
652 -0.032222 -0.00204399 0 
653 -0.032222 -0.00204399 0 
654 -0.032222 -0.00204399 0 
655 -0.032222 -0.00204399 0 
656 -0.032222 -0.00204399 0 
657 -0.032222 -0.00204399 0 
658 -0.032222 -0.00204399 0 
659 -0.032222 -0.00204399 0 
660 -0.032222 -0.00204399 0 
661 -0.032222 -0.00204399 0 
662 -0.032222 -0.00204399 0 
663 -0.032222 -0.00204399 0 
664 -0.032222 -0.00204399 0 
665 -0.032222 -0.00204399 0 
666 -0.032222 -0.00204399 0 
667 -0.084428 0.676635 0 
668 -0.0496239 -0.959156 0 
669 -0.032222 -0.00204399 0 
670 -0.032222 -0.00204399 0 
671 -0.032222 -0.00204399 0 
672 -0.032222 -0.00204399 0 
673 -0.032222 -0.00204399 0 
674 -0.032222 -0.00204399 0 
675 -0.032222 -0.00204399 0 
676 -0.032222 -0.00204399 0 
677 -0.032222 -0.00204399 0 
678 -0.032222 -0.00204399 0 
679 -0.032222 -0.00204399 0 
680 -0.032222 -0.00204399 0 
681 -0.032222 -0.00204399 0 
682 -0.032222 -0.00204399 0 
683 -0.032222 -0.00204399 0 
684 -0.032222 -0.00204399 0 
685 -0.032222 -0.00204399 0 
686 -0.032222 -0.00204399 0 
687 -0.032222 -0.00204399 0 
688 -0.032222 -0.00204399 0 
689 -0.032222 -0.00204399 0 
690 -0.032222 -0.00204399 0 
691 -0.032222 -0.00204399 0 
692 -0.032222 -0.00204399 0 
693 -0.032222 -0.00204399 0 
694 -0.032222 -0.00204399 0 
695 -0.032222 -0.00204399 0 
696 -0.032222 -0.00204399 0 
697 -0.032222 -0.00204399 0 
698 -0.032222 -0.00204399 0 
699 -0.032222 -0.00204399 0 
700 -0.032222 -0.00204399 0 
701 -0.032222 -0.00204399 0 
702 -0.032222 -0.00204399 0 
703 -0.032222 -0.00204399 0 
704 -0.032222 -0.00204399 0 
705 -0.032222 -0.00204399 0 
706 -0.032222 -0.00204399 0 
707 -0.032222 -0.00204399 0 
708 -0.032222 -0.00204399 0 
709 -0.032222 -0.00204399 0 
710 -0.032222 -0.00204399 0 
711 -0.032222 -0.00204399 0 
712 -0.032222 -0.00204399 0 
713 -0.032222 -0.00204399 0 
714 -0.032222 -0.00204399 0 
715 -0.0496239 0.676635 0 
716 -0.0148198 -0.959156 0 
717 -0.032222 -0.00204399 0 
718 -0.032222 -0.00204399 0 
719 -0.032222 -0.00204399 0 
720 -0.032222 -0.00204399 0 
721 -0.032222 -0.00204399 0 
722 -0.032222 -0.00204399 0 
723 -0.032222 -0.00204399 0 
724 -0.032222 -0.00204399 0 
725 -0.032222 -0.00204399 0 
726 -0.032222 -0.00204399 0 
727 -0.032222 -0.00204399 0 
728 -0.032222 -0.00204399 0 
729 -0.032222 -0.00204399 0 
730 -0.032222 -0.00204399 0 
731 -0.032222 -0.00204399 0 
732 -0.032222 -0.00204399 0 
733 -0.032222 -0.00204399 0 
734 -0.032222 -0.00204399 0 
735 -0.032222 -0.00204399 0 
736 -0.032222 -0.00204399 0 
737 -0.0148198 -0.228271 0 
738 -0.0148198 -0.193467 0 
739 -0.0148198 -0.158663 0 
740 -0.0148198 -0.123858 0 
741 -0.0148198 -0.0890545 0 
742 -0.0148198 -0.0542504 0 
743 -0.0148198 -0.0194463 0 
744 -0.0148198 0.0153577 0 
745 -0.0148198 0.0501618 0 
746 -0.0148198 0.0849658 0 
747 -0.0148198 0.11977 0 
748 -0.0148198 0.154574 0 
749 -0.0148198 0.189378 0 
750 -0.0148198 0.224182 0 
751 -0.0148198 0.258986 0 
752 -0.0148198 0.29379 0 
753 -0.0148198 0.328594 0 
754 -0.0148198 0.363398 0 
755 -0.0148198 0.398202 0 
756 -0.032222 -0.00204399 0 
757 -0.032222 -0.00204399 0 
758 -0.032222 -0.00204399 0 
759 -0.032222 -0.00204399 0 
760 -0.032222 -0.00204399 0 
761 -0.032222 -0.00204399 0 
762 -0.032222 -0.00204399 0 
763 -0.0148198 0.676635 0 
764 0.0199842 -0.959156 0 
765 -0.032222 -0.00204399 0 
766 -0.032222 -0.00204399 0 
767 -0.032222 -0.00204399 0 
768 -0.032222 -0.00204399 0 
769 -0.032222 -0.00204399 0 
770 -0.032222 -0.00204399 0 
771 -0.032222 -0.00204399 0 
772 -0.032222 -0.00204399 0 
773 -0.032222 -0.00204399 0 
774 -0.032222 -0.00204399 0 
775 -0.032222 -0.00204399 0 
776 -0.032222 -0.00204399 0 
777 -0.032222 -0.00204399 0 
778 -0.032222 -0.00204399 0 
779 -0.032222 -0.00204399 0 
780 -0.032222 -0.00204399 0 
781 -0.032222 -0.00204399 0 
782 -0.032222 -0.00204399 0 
783 -0.032222 -0.00204399 0 
784 -0.032222 -0.00204399 0 
785 0.0199842 -0.228271 0 
786 0.0199842 0.398202 0 
787 -0.032222 -0.00204399 0 
788 -0.032222 -0.00204399 0 
789 -0.032222 -0.00204399 0 
790 -0.032222 -0.00204399 0 
791 -0.032222 -0.00204399 0 
792 -0.032222 -0.00204399 0 
793 -0.032222 -0.00204399 0 
794 0.0199842 0.676635 0 
795 0.0547883 -0.959156 0 
796 -0.032222 -0.00204399 0 
797 -0.032222 -0.00204399 0 
798 -0.032222 -0.00204399 0 
799 -0.032222 -0.00204399 0 
800 -0.032222 -0.00204399 0 
801 -0.032222 -0.00204399 0 
802 -0.032222 -0.00204399 0 
803 -0.032222 -0.00204399 0 
804 -0.032222 -0.00204399 0 
805 -0.032222 -0.00204399 0 
806 -0.032222 -0.00204399 0 
807 -0.032222 -0.00204399 0 
808 -0.032222 -0.00204399 0 
809 -0.032222 -0.00204399 0 
810 -0.032222 -0.00204399 0 
811 -0.032222 -0.00204399 0 
812 -0.032222 -0.00204399 0 
813 -0.032222 -0.00204399 0 
814 -0.032222 -0.00204399 0 
815 -0.032222 -0.00204399 0 
816 0.0547883 -0.228271 0 
817 0.0547883 0.398202 0 
818 -0.032222 -0.00204399 0 
819 -0.032222 -0.00204399 0 
820 -0.032222 -0.00204399 0 
821 -0.032222 -0.00204399 0 
822 -0.032222 -0.00204399 0 
823 -0.032222 -0.00204399 0 
824 -0.032222 -0.00204399 0 
825 0.0547883 0.676635 0 
826 0.0895924 -0.959156 0 
827 -0.032222 -0.00204399 0 
828 -0.032222 -0.00204399 0 
829 -0.032222 -0.00204399 0 
830 -0.032222 -0.00204399 0 
831 -0.032222 -0.00204399 0 
832 -0.032222 -0.00204399 0 
833 -0.032222 -0.00204399 0 
834 -0.032222 -0.00204399 0 
835 -0.032222 -0.00204399 0 
836 -0.032222 -0.00204399 0 
837 -0.032222 -0.00204399 0 
838 -0.032222 -0.00204399 0 
839 -0.032222 -0.00204399 0 
840 -0.032222 -0.00204399 0 
841 -0.032222 -0.00204399 0 
842 -0.032222 -0.00204399 0 
843 -0.032222 -0.00204399 0 
844 -0.032222 -0.00204399 0 
845 -0.032222 -0.00204399 0 
846 -0.032222 -0.00204399 0 
847 0.0895924 -0.228271 0 
848 0.0895924 0.398202 0 
849 -0.032222 -0.00204399 0 
850 -0.032222 -0.00204399 0 
851 -0.032222 -0.00204399 0 
852 -0.032222 -0.00204399 0 
853 -0.032222 -0.00204399 0 
854 -0.032222 -0.00204399 0 
855 -0.032222 -0.00204399 0 
856 0.0895924 0.676635 0 
857 0.124396 -0.959156 0 
858 -0.032222 -0.00204399 0 
859 -0.032222 -0.00204399 0 
860 -0.032222 -0.00204399 0 
861 -0.032222 -0.00204399 0 
862 -0.032222 -0.00204399 0 
863 -0.032222 -0.00204399 0 
864 -0.032222 -0.00204399 0 
865 -0.032222 -0.00204399 0 
866 -0.032222 -0.00204399 0 
867 -0.032222 -0.00204399 0 
868 -0.032222 -0.00204399 0 
869 -0.032222 -0.00204399 0 
870 -0.032222 -0.00204399 0 
871 -0.032222 -0.00204399 0 
872 -0.032222 -0.00204399 0 
873 -0.032222 -0.00204399 0 
874 -0.032222 -0.00204399 0 
875 -0.032222 -0.00204399 0 
876 -0.032222 -0.00204399 0 
877 -0.032222 -0.00204399 0 
878 0.124396 -0.228271 0 
879 0.124396 0.398202 0 
880 -0.032222 -0.00204399 0 
881 -0.032222 -0.00204399 0 
882 -0.032222 -0.00204399 0 
883 -0.032222 -0.00204399 0 
884 -0.032222 -0.00204399 0 
885 -0.032222 -0.00204399 0 
886 -0.032222 -0.00204399 0 
887 0.124396 0.676635 0 
888 0.159201 -0.959156 0 
889 -0.032222 -0.00204399 0 
890 -0.032222 -0.00204399 0 
891 -0.032222 -0.00204399 0 
892 -0.032222 -0.00204399 0 
893 -0.032222 -0.00204399 0 
894 -0.032222 -0.00204399 0 
895 -0.032222 -0.00204399 0 
896 -0.032222 -0.00204399 0 
897 -0.032222 -0.00204399 0 
898 -0.032222 -0.00204399 0 
899 -0.032222 -0.00204399 0 
900 -0.032222 -0.00204399 0 
901 -0.032222 -0.00204399 0 
902 -0.032222 -0.00204399 0 
903 -0.032222 -0.00204399 0 
904 -0.032222 -0.00204399 0 
905 -0.032222 -0.00204399 0 
906 -0.032222 -0.00204399 0 
907 -0.032222 -0.00204399 0 
908 -0.032222 -0.00204399 0 
909 0.159201 -0.228271 0 
910 0.159201 0.398202 0 
911 -0.032222 -0.00204399 0 
912 -0.032222 -0.00204399 0 
913 -0.032222 -0.00204399 0 
914 -0.032222 -0.00204399 0 
915 -0.032222 -0.00204399 0 
916 -0.032222 -0.00204399 0 
917 -0.032222 -0.00204399 0 
918 0.159201 0.676635 0 
919 0.194005 -0.959156 0 
920 -0.032222 -0.00204399 0 
921 -0.032222 -0.00204399 0 
922 -0.032222 -0.00204399 0 
923 -0.032222 -0.00204399 0 
924 -0.032222 -0.00204399 0 
925 -0.032222 -0.00204399 0 
926 -0.032222 -0.00204399 0 
927 -0.032222 -0.00204399 0 
928 -0.032222 -0.00204399 0 
929 -0.032222 -0.00204399 0 
930 -0.032222 -0.00204399 0 
931 -0.032222 -0.00204399 0 
932 -0.032222 -0.00204399 0 
933 -0.032222 -0.00204399 0 
934 -0.032222 -0.00204399 0 
935 -0.032222 -0.00204399 0 
936 -0.032222 -0.00204399 0 
937 -0.032222 -0.00204399 0 
938 -0.032222 -0.00204399 0 
939 -0.032222 -0.00204399 0 
940 0.194005 -0.228271 0 
941 0.194005 0.398202 0 
942 -0.032222 -0.00204399 0 
943 -0.032222 -0.00204399 0 
944 -0.032222 -0.00204399 0 
945 -0.032222 -0.00204399 0 
946 -0.032222 -0.00204399 0 
947 -0.032222 -0.00204399 0 
948 -0.032222 -0.00204399 0 
949 0.194005 0.676635 0 
950 0.228809 -0.959156 0 
951 -0.032222 -0.00204399 0 
952 -0.032222 -0.00204399 0 
953 -0.032222 -0.00204399 0 
954 -0.032222 -0.00204399 0 
955 -0.032222 -0.00204399 0 
956 -0.032222 -0.00204399 0 
957 -0.032222 -0.00204399 0 
958 -0.032222 -0.00204399 0 
959 -0.032222 -0.00204399 0 
960 -0.032222 -0.00204399 0 
961 -0.032222 -0.00204399 0 
962 -0.032222 -0.00204399 0 
963 -0.032222 -0.00204399 0 
964 -0.032222 -0.00204399 0 
965 -0.032222 -0.00204399 0 
966 -0.032222 -0.00204399 0 
967 -0.032222 -0.00204399 0 
968 -0.032222 -0.00204399 0 
969 -0.032222 -0.00204399 0 
970 -0.032222 -0.00204399 0 
971 0.228809 -0.228271 0 
972 0.228809 0.398202 0 
973 -0.032222 -0.00204399 0 
974 -0.032222 -0.00204399 0 
975 -0.032222 -0.00204399 0 
976 -0.032222 -0.00204399 0 
977 -0.032222 -0.00204399 0 
978 -0.032222 -0.00204399 0 
979 -0.032222 -0.00204399 0 
980 0.228809 0.676635 0 
981 0.263613 -0.959156 0 
982 -0.032222 -0.00204399 0 
983 -0.032222 -0.00204399 0 
984 -0.032222 -0.00204399 0 
985 -0.032222 -0.00204399 0 
986 -0.032222 -0.00204399 0 
987 -0.032222 -0.00204399 0 
988 -0.032222 -0.00204399 0 
989 -0.032222 -0.00204399 0 
990 -0.032222 -0.00204399 0 
991 -0.032222 -0.00204399 0 
992 -0.032222 -0.00204399 0 
993 -0.032222 -0.00204399 0 
994 -0.032222 -0.00204399 0 
995 -0.032222 -0.00204399 0 
996 -0.032222 -0.00204399 0 
997 -0.032222 -0.00204399 0 
998 -0.032222 -0.00204399 0 
999 -0.032222 -0.00204399 0 
1000 -0.032222 -0.00204399 0 
1001 -0.032222 -0.00204399 0 
1002 0.263613 -0.228271 0 
1003 0.263613 0.398202 0 
1004 -0.032222 -0.00204399 0 
1005 -0.032222 -0.00204399 0 
1006 -0.032222 -0.00204399 0 
1007 -0.032222 -0.00204399 0 
1008 -0.032222 -0.00204399 0 
1009 -0.032222 -0.00204399 0 
1010 -0.032222 -0.00204399 0 
1011 0.263613 0.676635 0 
1012 0.298417 -0.959156 0 
1013 -0.032222 -0.00204399 0 
1014 -0.032222 -0.00204399 0 
1015 -0.032222 -0.00204399 0 
1016 -0.032222 -0.00204399 0 
1017 -0.032222 -0.00204399 0 
1018 -0.032222 -0.00204399 0 
1019 -0.032222 -0.00204399 0 
1020 -0.032222 -0.00204399 0 
1021 -0.032222 -0.00204399 0 
1022 -0.032222 -0.00204399 0 
1023 -0.032222 -0.00204399 0 
1024 -0.032222 -0.00204399 0 
1025 -0.032222 -0.00204399 0 
1026 -0.032222 -0.00204399 0 
1027 -0.032222 -0.00204399 0 
1028 -0.032222 -0.00204399 0 
1029 -0.032222 -0.00204399 0 
1030 -0.032222 -0.00204399 0 
1031 -0.032222 -0.00204399 0 
1032 -0.032222 -0.00204399 0 
1033 0.298417 -0.228271 0 
1034 0.298417 -0.193467 0 
1035 0.298417 -0.158663 0 
1036 0.298417 -0.123858 0 
1037 0.298417 -0.0890545 0 
1038 0.298417 -0.0542504 0 
1039 0.298417 -0.0194463 0 
1040 0.298417 0.0153577 0 
1041 0.298417 0.0501618 0 
1042 0.298417 0.0849658 0 
1043 0.298417 0.11977 0 
1044 0.298417 0.154574 0 
1045 0.298417 0.189378 0 
1046 0.298417 0.224182 0 
1047 0.298417 0.258986 0 
1048 0.298417 0.29379 0 
1049 0.298417 0.328594 0 
1050 0.298417 0.363398 0 
1051 0.298417 0.398202 0 
1052 -0.032222 -0.00204399 0 
1053 -0.032222 -0.00204399 0 
1054 -0.032222 -0.00204399 0 
1055 -0.032222 -0.00204399 0 
1056 -0.032222 -0.00204399 0 
1057 -0.032222 -0.00204399 0 
1058 -0.032222 -0.00204399 0 
1059 0.298417 0.676635 0 
1060 0.333221 -0.959156 0 
1061 -0.032222 -0.00204399 0 
1062 -0.032222 -0.00204399 0 
1063 -0.032222 -0.00204399 0 
1064 -0.032222 -0.00204399 0 
1065 -0.032222 -0.00204399 0 
1066 -0.032222 -0.00204399 0 
1067 -0.032222 -0.00204399 0 
1068 -0.032222 -0.00204399 0 
1069 -0.032222 -0.00204399 0 
1070 -0.032222 -0.00204399 0 
1071 -0.032222 -0.00204399 0 
1072 -0.032222 -0.00204399 0 
1073 -0.032222 -0.00204399 0 
1074 -0.032222 -0.00204399 0 
1075 -0.032222 -0.00204399 0 
1076 -0.032222 -0.00204399 0 
1077 -0.032222 -0.00204399 0 
1078 -0.032222 -0.00204399 0 
1079 -0.032222 -0.00204399 0 
1080 -0.032222 -0.00204399 0 
1081 -0.032222 -0.00204399 0 
1082 -0.032222 -0.00204399 0 
1083 -0.032222 -0.00204399 0 
1084 -0.032222 -0.00204399 0 
1085 -0.032222 -0.00204399 0 
1086 -0.032222 -0.00204399 0 
1087 -0.032222 -0.00204399 0 
1088 -0.032222 -0.00204399 0 
1089 -0.032222 -0.00204399 0 
1090 -0.032222 -0.00204399 0 
1091 -0.032222 -0.00204399 0 
1092 -0.032222 -0.00204399 0 
1093 -0.032222 -0.00204399 0 
1094 -0.032222 -0.00204399 0 
1095 -0.032222 -0.00204399 0 
1096 -0.032222 -0.00204399 0 
1097 -0.032222 -0.00204399 0 
1098 -0.032222 -0.00204399 0 
1099 -0.032222 -0.00204399 0 
1100 -0.032222 -0.00204399 0 
1101 -0.032222 -0.00204399 0 
1102 -0.032222 -0.00204399 0 
1103 -0.032222 -0.00204399 0 
1104 -0.032222 -0.00204399 0 
1105 -0.032222 -0.00204399 0 
1106 -0.032222 -0.00204399 0 
1107 0.333221 0.676635 0 
1108 0.368025 -0.959156 0 
1109 -0.032222 -0.00204399 0 
1110 -0.032222 -0.00204399 0 
1111 -0.032222 -0.00204399 0 
1112 -0.032222 -0.00204399 0 
1113 -0.032222 -0.00204399 0 
1114 -0.032222 -0.00204399 0 
1115 -0.032222 -0.00204399 0 
1116 -0.032222 -0.00204399 0 
1117 -0.032222 -0.00204399 0 
1118 -0.032222 -0.00204399 0 
1119 -0.032222 -0.00204399 0 
1120 -0.032222 -0.00204399 0 
1121 -0.032222 -0.00204399 0 
1122 -0.032222 -0.00204399 0 
1123 -0.032222 -0.00204399 0 
1124 -0.032222 -0.00204399 0 
1125 -0.032222 -0.00204399 0 
1126 -0.032222 -0.00204399 0 
1127 -0.032222 -0.00204399 0 
1128 -0.032222 -0.00204399 0 
1129 -0.032222 -0.00204399 0 
1130 -0.032222 -0.00204399 0 
1131 -0.032222 -0.00204399 0 
1132 -0.032222 -0.00204399 0 
1133 -0.032222 -0.00204399 0 
1134 -0.032222 -0.00204399 0 
1135 -0.032222 -0.00204399 0 
1136 -0.032222 -0.00204399 0 
1137 -0.032222 -0.00204399 0 
1138 -0.032222 -0.00204399 0 
1139 -0.032222 -0.00204399 0 
1140 -0.032222 -0.00204399 0 
1141 -0.032222 -0.00204399 0 
1142 -0.032222 -0.00204399 0 
1143 -0.032222 -0.00204399 0 
1144 -0.032222 -0.00204399 0 
1145 -0.032222 -0.00204399 0 
1146 -0.032222 -0.00204399 0 
1147 -0.032222 -0.00204399 0 
1148 -0.032222 -0.00204399 0 
1149 -0.032222 -0.00204399 0 
1150 -0.032222 -0.00204399 0 
1151 -0.032222 -0.00204399 0 
1152 -0.032222 -0.00204399 0 
1153 -0.032222 -0.00204399 0 
1154 -0.032222 -0.00204399 0 
1155 0.368025 0.676635 0 
1156 0.402829 -0.959156 0 
1157 -0.032222 -0.00204399 0 
1158 -0.032222 -0.00204399 0 
1159 -0.032222 -0.00204399 0 
1160 -0.032222 -0.00204399 0 
1161 -0.032222 -0.00204399 0 
1162 -0.032222 -0.00204399 0 
1163 -0.032222 -0.00204399 0 
1164 -0.032222 -0.00204399 0 
1165 -0.032222 -0.00204399 0 
1166 -0.032222 -0.00204399 0 
1167 -0.032222 -0.00204399 0 
1168 -0.032222 -0.00204399 0 
1169 -0.032222 -0.00204399 0 
1170 -0.032222 -0.00204399 0 
1171 -0.032222 -0.00204399 0 
1172 -0.032222 -0.00204399 0 
1173 -0.032222 -0.00204399 0 
1174 -0.032222 -0.00204399 0 
1175 -0.032222 -0.00204399 0 
1176 -0.032222 -0.00204399 0 
1177 -0.032222 -0.00204399 0 
1178 -0.032222 -0.00204399 0 
1179 -0.032222 -0.00204399 0 
1180 -0.032222 -0.00204399 0 
1181 -0.032222 -0.00204399 0 
1182 -0.032222 -0.00204399 0 
1183 -0.032222 -0.00204399 0 
1184 -0.032222 -0.00204399 0 
1185 -0.032222 -0.00204399 0 
1186 -0.032222 -0.00204399 0 
1187 -0.032222 -0.00204399 0 
1188 -0.032222 -0.00204399 0 
1189 -0.032222 -0.00204399 0 
1190 -0.032222 -0.00204399 0 
1191 -0.032222 -0.00204399 0 
1192 -0.032222 -0.00204399 0 
1193 -0.032222 -0.00204399 0 
1194 -0.032222 -0.00204399 0 
1195 -0.032222 -0.00204399 0 
1196 -0.032222 -0.00204399 0 
1197 -0.032222 -0.00204399 0 
1198 -0.032222 -0.00204399 0 
1199 -0.032222 -0.00204399 0 
1200 -0.032222 -0.00204399 0 
1201 -0.032222 -0.00204399 0 
1202 -0.032222 -0.00204399 0 
1203 0.402829 0.676635 0 
1204 0.437633 -0.959156 0 
1205 0.437633 -0.924352 0 
1206 0.437633 -0.889548 0 
1207 0.437633 -0.854744 0 
1208 0.437633 -0.81994 0 
1209 0.437633 -0.785136 0 
1210 0.437633 -0.750332 0 
1211 0.437633 -0.715528 0 
1212 0.437633 -0.680724 0 
1213 0.437633 -0.64592 0 
1214 0.437633 -0.611115 0 
1215 0.437633 -0.576311 0 
1216 0.437633 -0.541507 0 
1217 0.437633 -0.506703 0 
1218 0.437633 -0.471899 0 
1219 0.437633 -0.437095 0 
1220 0.437633 -0.402291 0 
1221 0.437633 -0.367487 0 
1222 0.437633 -0.332683 0 
1223 0.437633 -0.297879 0 
1224 0.437633 -0.263075 0 
1225 -0.032222 -0.00204399 0 
1226 -0.032222 -0.00204399 0 
1227 -0.032222 -0.00204399 0 
1228 -0.032222 -0.00204399 0 
1229 -0.032222 -0.00204399 0 
1230 -0.032222 -0.00204399 0 
1231 -0.032222 -0.00204399 0 
1232 -0.032222 -0.00204399 0 
1233 -0.032222 -0.00204399 0 
1234 -0.032222 -0.00204399 0 
1235 -0.032222 -0.00204399 0 
1236 -0.032222 -0.00204399 0 
1237 -0.032222 -0.00204399 0 
1238 -0.032222 -0.00204399 0 
1239 -0.032222 -0.00204399 0 
1240 -0.032222 -0.00204399 0 
1241 -0.032222 -0.00204399 0 
1242 -0.032222 -0.00204399 0 
1243 -0.032222 -0.00204399 0 
1244 -0.032222 -0.00204399 0 
1245 -0.032222 -0.00204399 0 
1246 -0.032222 -0.00204399 0 
1247 -0.032222 -0.00204399 0 
1248 -0.032222 -0.00204399 0 
1249 -0.032222 -0.00204399 0 
1250 -0.032222 -0.00204399 0 
1251 0.437633 0.676635 0 
1252 0.472437 -0.263075 0 
1253 -0.032222 -0.00204399 0 
1254 -0.032222 -0.00204399 0 
1255 -0.032222 -0.00204399 0 
1256 -0.032222 -0.00204399 0 
1257 -0.032222 -0.00204399 0 
1258 -0.032222 -0.00204399 0 
1259 -0.032222 -0.00204399 0 
1260 -0.032222 -0.00204399 0 
1261 -0.032222 -0.00204399 0 
1262 -0.032222 -0.00204399 0 
1263 -0.032222 -0.00204399 0 
1264 -0.032222 -0.00204399 0 
1265 -0.032222 -0.00204399 0 
1266 -0.032222 -0.00204399 0 
1267 -0.032222 -0.00204399 0 
1268 -0.032222 -0.00204399 0 
1269 -0.032222 -0.00204399 0 
1270 -0.032222 -0.00204399 0 
1271 -0.032222 -0.00204399 0 
1272 -0.032222 -0.00204399 0 
1273 -0.032222 -0.00204399 0 
1274 -0.032222 -0.00204399 0 
1275 -0.032222 -0.00204399 0 
1276 -0.032222 -0.00204399 0 
1277 -0.032222 -0.00204399 0 
1278 -0.032222 -0.00204399 0 
1279 0.472437 0.676635 0 
1280 0.507241 -0.263075 0 
1281 -0.032222 -0.00204399 0 
1282 -0.032222 -0.00204399 0 
1283 -0.032222 -0.00204399 0 
1284 -0.032222 -0.00204399 0 
1285 -0.032222 -0.00204399 0 
1286 -0.032222 -0.00204399 0 
1287 -0.032222 -0.00204399 0 
1288 -0.032222 -0.00204399 0 
1289 -0.032222 -0.00204399 0 
1290 -0.032222 -0.00204399 0 
1291 -0.032222 -0.00204399 0 
1292 -0.032222 -0.00204399 0 
1293 -0.032222 -0.00204399 0 
1294 -0.032222 -0.00204399 0 
1295 -0.032222 -0.00204399 0 
1296 -0.032222 -0.00204399 0 
1297 -0.032222 -0.00204399 0 
1298 -0.032222 -0.00204399 0 
1299 -0.032222 -0.00204399 0 
1300 -0.032222 -0.00204399 0 
1301 -0.032222 -0.00204399 0 
1302 -0.032222 -0.00204399 0 
1303 -0.032222 -0.00204399 0 
1304 -0.032222 -0.00204399 0 
1305 -0.032222 -0.00204399 0 
1306 -0.032222 -0.00204399 0 
1307 0.507241 0.676635 0 
1308 0.542045 -0.263075 0 
1309 -0.032222 -0.00204399 0 
1310 -0.032222 -0.00204399 0 
1311 -0.032222 -0.00204399 0 
1312 -0.032222 -0.00204399 0 
1313 -0.032222 -0.00204399 0 
1314 -0.032222 -0.00204399 0 
1315 -0.032222 -0.00204399 0 
1316 -0.032222 -0.00204399 0 
1317 -0.032222 -0.00204399 0 
1318 -0.032222 -0.00204399 0 
1319 -0.032222 -0.00204399 0 
1320 -0.032222 -0.00204399 0 
1321 -0.032222 -0.00204399 0 
1322 -0.032222 -0.00204399 0 
1323 -0.032222 -0.00204399 0 
1324 -0.032222 -0.00204399 0 
1325 -0.032222 -0.00204399 0 
1326 -0.032222 -0.00204399 0 
1327 -0.032222 -0.00204399 0 
1328 -0.032222 -0.00204399 0 
1329 -0.032222 -0.00204399 0 
1330 -0.032222 -0.00204399 0 
1331 -0.032222 -0.00204399 0 
1332 -0.032222 -0.00204399 0 
1333 -0.032222 -0.00204399 0 
1334 -0.032222 -0.00204399 0 
1335 0.542045 0.676635 0 
1336 0.576849 -0.263075 0 
1337 -0.032222 -0.00204399 0 
1338 -0.032222 -0.00204399 0 
1339 -0.032222 -0.00204399 0 
1340 -0.032222 -0.00204399 0 
1341 -0.032222 -0.00204399 0 
1342 -0.032222 -0.00204399 0 
1343 -0.032222 -0.00204399 0 
1344 -0.032222 -0.00204399 0 
1345 -0.032222 -0.00204399 0 
1346 -0.032222 -0.00204399 0 
1347 -0.032222 -0.00204399 0 
1348 -0.032222 -0.00204399 0 
1349 -0.032222 -0.00204399 0 
1350 -0.032222 -0.00204399 0 
1351 -0.032222 -0.00204399 0 
1352 -0.032222 -0.00204399 0 
1353 -0.032222 -0.00204399 0 
1354 -0.032222 -0.00204399 0 
1355 -0.032222 -0.00204399 0 
1356 -0.032222 -0.00204399 0 
1357 -0.032222 -0.00204399 0 
1358 -0.032222 -0.00204399 0 
1359 -0.032222 -0.00204399 0 
1360 -0.032222 -0.00204399 0 
1361 -0.032222 -0.00204399 0 
1362 -0.032222 -0.00204399 0 
1363 0.576849 0.676635 0 
1364 0.611653 -0.263075 0 
1365 -0.032222 -0.00204399 0 
1366 -0.032222 -0.00204399 0 
1367 -0.032222 -0.00204399 0 
1368 -0.032222 -0.00204399 0 
1369 -0.032222 -0.00204399 0 
1370 -0.032222 -0.00204399 0 
1371 -0.032222 -0.00204399 0 
1372 -0.032222 -0.00204399 0 
1373 -0.032222 -0.00204399 0 
1374 -0.032222 -0.00204399 0 
1375 -0.032222 -0.00204399 0 
1376 -0.032222 -0.00204399 0 
1377 -0.032222 -0.00204399 0 
1378 -0.032222 -0.00204399 0 
1379 -0.032222 -0.00204399 0 
1380 -0.032222 -0.00204399 0 
1381 -0.032222 -0.00204399 0 
1382 -0.032222 -0.00204399 0 
1383 -0.032222 -0.00204399 0 
1384 -0.032222 -0.00204399 0 
1385 -0.032222 -0.00204399 0 
1386 -0.032222 -0.00204399 0 
1387 -0.032222 -0.00204399 0 
1388 -0.032222 -0.00204399 0 
1389 -0.032222 -0.00204399 0 
1390 -0.032222 -0.00204399 0 
1391 0.611653 0.676635 0 
1392 0.646457 -0.263075 0 
1393 -0.032222 -0.00204399 0 
1394 -0.032222 -0.00204399 0 
1395 -0.032222 -0.00204399 0 
1396 -0.032222 -0.00204399 0 
1397 -0.032222 -0.00204399 0 
1398 -0.032222 -0.00204399 0 
1399 -0.032222 -0.00204399 0 
1400 -0.032222 -0.00204399 0 
1401 -0.032222 -0.00204399 0 
1402 -0.032222 -0.00204399 0 
1403 -0.032222 -0.00204399 0 
1404 -0.032222 -0.00204399 0 
1405 -0.032222 -0.00204399 0 
1406 -0.032222 -0.00204399 0 
1407 -0.032222 -0.00204399 0 
1408 -0.032222 -0.00204399 0 
1409 -0.032222 -0.00204399 0 
1410 -0.032222 -0.00204399 0 
1411 -0.032222 -0.00204399 0 
1412 -0.032222 -0.00204399 0 
1413 -0.032222 -0.00204399 0 
1414 -0.032222 -0.00204399 0 
1415 -0.032222 -0.00204399 0 
1416 -0.032222 -0.00204399 0 
1417 -0.032222 -0.00204399 0 
1418 -0.032222 -0.00204399 0 
1419 0.646457 0.676635 0 
1420 0.681261 -0.263075 0 
1421 0.681261 -0.228271 0 
1422 0.681261 -0.193467 0 
1423 0.681261 -0.158663 0 
1424 0.681261 -0.123858 0 
1425 0.681261 -0.0890545 0 
1426 0.681261 -0.0542504 0 
1427 0.681261 -0.0194463 0 
1428 0.681261 0.0153577 0 
1429 0.681261 0.0501618 0 
1430 0.681261 0.0849658 0 
1431 0.681261 0.11977 0 
1432 0.681261 0.154574 0 
1433 0.681261 0.189378 0 
1434 0.681261 0.224182 0 
1435 0.681261 0.258986 0 
1436 0.681261 0.29379 0 
1437 0.681261 0.328594 0 
1438 0.681261 0.363398 0 
1439 0.681261 0.398202 0 
1440 0.681261 0.433006 0 
1441 0.681261 0.467811 0 
1442 0.681261 0.502615 0 
1443 0.681261 0.537419 0 
1444 0.681261 0.572223 0 
1445 0.681261 0.607027 0 
1446 0.681261 0.641831 0 
1447 0.681261 0.676635 0 
