0 -0.745705 0.467811 0 
1 -0.745705 0.502615 0 
2 -0.745705 0.537419 0 
3 -0.745705 0.572223 0 
4 -0.745705 0.607027 0 
5 -0.745705 0.641831 0 
6 -0.745705 0.676635 0 
7 -0.745705 0.711439 0 
8 -0.745705 0.746243 0 
9 -0.745705 0.781047 0 
10 -0.745705 0.815851 0 
11 -0.745705 0.850655 0 
12 -0.745705 0.885459 0 
13 -0.745705 0.920263 0 
14 -0.745705 0.955068 0 
15 -0.710901 0.467811 0 
16 -0.72505 0.463761 0 
17 -0.755048 0.502327 0 
18 -0.711491 0.605604 0 
19 -0.647984 0.586562 0 
20 -0.717356 0.618201 0 
21 -0.749816 0.728206 0 
22 -0.738397 0.654585 0 
23 -0.715637 0.758133 0 
24 -0.724604 0.811104 0 
25 -0.7258 0.814616 0 
26 -0.710128 0.870098 0 
27 -0.729068 0.878583 0 
28 -0.654908 0.94098 0 
29 -0.710901 0.955068 0 
30 -0.676097 0.467811 0 
31 -0.742908 0.504418 0 
32 -0.650908 0.547818 0 
33 -0.671513 0.535428 0 
34 -0.646215 0.587365 0 
35 -0.650895 0.63042 0 
36 -0.705042 0.69188 0 
37 -0.723253 0.680362 0 
38 -0.754396 0.754395 0 
39 -0.743955 0.827032 0 
40 -0.700878 0.799889 0 
41 -0.681693 0.90035 0 
42 -0.670419 0.90825 0 
43 -0.735802 0.941709 0 
44 -0.676097 0.955068 0 
45 -0.641293 0.467811 0 
46 -0.659241 0.550598 0 
47 -0.645793 0.574509 0 
48 -0.66235 0.557504 0 
49 -0.667912 0.669021 0 
50 -0.644258 0.703601 0 
51 -0.638288 0.66802 0 
52 -0.71131 0.685086 0 
53 -0.718455 0.713452 0 
54 -0.673778 0.73477 0 
55 -0.660275 0.785281 0 
56 -0.660749 0.842158 0 
57 -0.586143 0.945565 0 
58 -0.63903 0.862211 0 
59 -0.641293 0.955068 0 
60 -0.606489 0.467811 0 
61 -0.566052 0.525093 0 
62 -0.576472 0.527474 0 
63 -0.663979 0.59924 0 
64 -0.635675 0.633041 0 
65 -0.557847 0.605733 0 
66 -0.587838 0.67009 0 
67 -0.653888 0.728426 0 
68 -0.613056 0.797442 0 
69 -0.600143 0.827554 0 
70 -0.578341 0.780997 0 
71 -0.531049 0.823277 0 
72 -0.583483 0.983405 0 
73 -0.597311 0.860324 0 
74 -0.606489 0.955068 0 
75 -0.571685 0.467811 0 
76 -0.572852 0.59191 0 
77 -0.598072 0.515168 0 
78 -0.624421 0.645066 0 
79 -0.523941 0.668041 0 
80 -0.582446 0.70769 0 
81 -0.583728 0.672908 0 
82 -0.584267 0.749601 0 
83 -0.525495 0.689168 0 
84 -0.604915 0.851441 0 
85 -0.507066 0.814828 0 
86 -0.547127 0.896202 0 
87 -0.626469 0.95483 0 
88 -0.576587 0.946912 0 
89 -0.571685 0.955068 0 
90 -0.536881 0.467811 0 
91 -0.504604 0.46522 0 
92 -0.539794 0.545849 0 
93 -0.475496 0.535488 0 
94 -0.441796 0.540711 0 
95 -0.524594 0.668668 0 
96 -0.498046 0.660029 0 
97 -0.557593 0.749678 0 
98 -0.507809 0.729486 0 
99 -0.502014 0.81949 0 
100 -0.485806 0.875053 0 
101 -0.513839 0.827941 0 
102 -0.572222 0.756129 0 
103 -0.53608 0.881385 0 
104 -0.536881 0.955068 0 
105 -0.502077 0.467811 0 
106 -0.530335 0.572996 0 
107 -0.528789 0.545462 0 
108 -0.462625 0.584363 0 
109 -0.516614 0.602171 0 
110 -0.53688 0.701595 0 
111 -0.532082 0.62729 0 
112 -0.4489 0.727362 0 
113 -0.500723 0.799043 0 
114 -0.540158 0.758468 0 
115 -0.456634 0.743545 0 
116 -0.466332 0.861112 0 
117 -0.541491 0.86806 0 
118 -0.547861 0.927144 0 
119 -0.502077 0.955068 0 
120 -0.467273 -0.680724 0 
121 -0.467273 -0.64592 0 
122 -0.467273 -0.611115 0 
123 -0.467273 -0.576311 0 
124 -0.467273 -0.541507 0 
125 -0.467273 -0.506703 0 
126 -0.467273 -0.471899 0 
127 -0.467273 -0.437095 0 
128 -0.467273 -0.402291 0 
129 -0.467273 -0.367487 0 
130 -0.467273 -0.332683 0 
131 -0.467273 -0.297879 0 
132 -0.467273 0.467811 0 
133 -0.478969 0.474274 0 
134 -0.478898 0.562607 0 
135 -0.4597 0.554043 0 
136 -0.402022 0.633334 0 
137 -0.465394 0.6684 0 
138 -0.431162 0.634239 0 
139 -0.491742 0.72428 0 
140 -0.460496 0.778581 0 
141 -0.438806 0.808048 0 
142 -0.559293 0.803501 0 
143 -0.472067 0.838542 0 
144 -0.496253 0.979223 0 
145 -0.481673 0.890949 0 
146 -0.467273 0.955068 0 
147 -0.432469 -0.680724 0 
148 -0.476553 -0.62851 0 
149 -0.444838 -0.627913 0 
150 -0.430297 -0.514671 0 
151 -0.500461 -0.587026 0 
152 -0.391093 -0.483052 0 
153 -0.507608 -0.492347 0 
154 -0.495109 -0.443632 0 
155 -0.412188 -0.436707 0 
156 -0.48613 -0.380159 0 
157 -0.457698 -0.298738 0 
158 -0.432469 -0.297879 0 
159 -0.432469 0.467811 0 
160 -0.469626 0.480268 0 
161 -0.437447 0.557744 0 
162 -0.393132 0.56593 0 
163 -0.371516 0.582888 0 
164 -0.337419 0.636062 0 
165 -0.409944 0.613981 0 
166 -0.403036 0.716414 0 
167 -0.476132 0.783279 0 
168 -0.460443 0.74611 0 
169 -0.477123 0.820706 0 
170 -0.396713 0.931488 0 
171 -0.484379 0.924651 0 
172 -0.474886 0.865285 0 
173 -0.432469 0.955068 0 
174 -0.397664 -0.680724 0 
175 -0.348252 -0.594745 0 
176 -0.386258 -0.550501 0 
177 -0.39273 -0.603255 0 
178 -0.434249 -0.589961 0 
179 -0.407163 -0.449447 0 
180 -0.380499 -0.472778 0 
181 -0.400237 -0.391443 0 
182 -0.458815 -0.47104 0 
183 -0.366704 -0.371667 0 
184 -0.356727 -0.334272 0 
185 -0.397664 -0.297879 0 
186 -0.397664 0.467811 0 
187 -0.445055 0.48851 0 
188 -0.445387 0.450986 0 
189 -0.385497 0.524203 0 
190 -0.410458 0.614887 0 
191 -0.420193 0.649932 0 
192 -0.473697 0.705182 0 
193 -0.445674 0.731548 0 
194 -0.418634 0.744844 0 
195 -0.441736 0.733164 0 
196 -0.433696 0.862 0 
197 -0.43356 0.843493 0 
198 -0.358313 0.883293 0 
199 -0.319167 0.846787 0 
200 -0.397664 0.955068 0 
201 -0.362861 -0.959156 0 
202 -0.362861 -0.924352 0 
203 -0.362861 -0.889548 0 
204 -0.362861 -0.854744 0 
205 -0.362861 -0.81994 0 
206 -0.362861 -0.785136 0 
207 -0.362861 -0.750332 0 
208 -0.362861 -0.715528 0 
209 -0.362861 -0.680724 0 
210 -0.306152 -0.629039 0 
211 -0.255647 -0.651611 0 
212 -0.35086 -0.569662 0 
213 -0.354946 -0.507727 0 
214 -0.315567 -0.463203 0 
215 -0.386191 -0.480027 0 
216 -0.33915 -0.453703 0 
217 -0.308582 -0.352714 0 
218 -0.377569 -0.39686 0 
219 -0.321643 -0.380714 0 
220 -0.362861 -0.297879 0 
221 -0.362861 0.467811 0 
222 -0.412305 0.550074 0 
223 -0.375082 0.513407 0 
224 -0.36758 0.534368 0 
225 -0.354277 0.628957 0 
226 -0.342301 0.710848 0 
227 -0.396013 0.635432 0 
228 -0.306916 0.736343 0 
229 -0.300459 0.728041 0 
230 -0.318696 0.844379 0 
231 -0.314711 0.826729 0 
232 -0.345468 0.856579 0 
233 -0.364162 0.950808 0 
234 -0.392891 0.914252 0 
235 -0.362861 0.955068 0 
236 -0.328056 -0.959156 0 
237 -0.336467 -0.916835 0 
238 -0.411253 -0.92255 0 
239 -0.325303 -0.874671 0 
240 -0.319655 -0.810322 0 
241 -0.279488 -0.803501 0 
242 -0.302036 -0.781348 0 
243 -0.346733 -0.695667 0 
244 -0.416457 -0.662539 0 
245 -0.352146 -0.648758 0 
246 -0.320454 -0.607921 0 
247 -0.260314 -0.529487 0 
248 -0.318942 -0.490259 0 
249 -0.305413 -0.51521 0 
250 -0.276569 -0.390314 0 
251 -0.307514 -0.486158 0 
252 -0.364378 -0.411333 0 
253 -0.354196 -0.374941 0 
254 -0.33629 -0.417997 0 
255 -0.328056 -0.297879 0 
256 -0.328056 -0.263075 0 
257 -0.328056 -0.228271 0 
258 -0.328056 -0.193467 0 
259 -0.328056 -0.158663 0 
260 -0.328056 -0.123858 0 
261 -0.328056 -0.0890545 0 
262 -0.328056 -0.0542504 0 
263 -0.328056 -0.0194463 0 
264 -0.328056 0.0153577 0 
265 -0.328056 0.0501618 0 
266 -0.328056 0.0849658 0 
267 -0.328056 0.11977 0 
268 -0.328056 0.154574 0 
269 -0.328056 0.189378 0 
270 -0.328056 0.224182 0 
271 -0.328056 0.258986 0 
272 -0.328056 0.29379 0 
273 -0.328056 0.328594 0 
274 -0.328056 0.363398 0 
275 -0.328056 0.398202 0 
276 -0.328056 0.433006 0 
277 -0.328056 0.467811 0 
278 -0.263032 0.523495 0 
279 -0.332742 0.557398 0 
280 -0.328438 0.55928 0 
281 -0.365596 0.599408 0 
282 -0.355401 0.619753 0 
283 -0.308531 0.642577 0 
284 -0.310973 0.722133 0 
285 -0.352812 0.717331 0 
286 -0.248735 0.788203 0 
287 -0.3204 0.829081 0 
288 -0.414689 0.825866 0 
289 -0.34079 0.87315 0 
290 -0.284934 0.90903 0 
291 -0.328056 0.955068 0 
292 -0.293252 -0.959156 0 
293 -0.321277 -0.904292 0 
294 -0.343198 -0.84373 0 
295 -0.318766 -0.864708 0 
296 -0.330739 -0.806033 0 
297 -0.329625 -0.742944 0 
298 -0.291892 -0.690662 0 
299 -0.299561 -0.742645 0 
300 -0.271357 -0.668072 0 
301 -0.285302 -0.619205 0 
302 -0.248329 -0.587371 0 
303 -0.234402 -0.559305 0 
304 -0.296455 -0.514418 0 
305 -0.29237 -0.522767 0 
306 -0.297737 -0.508727 0 
307 -0.283166 -0.448898 0 
308 -0.342776 -0.360543 0 
309 -0.276161 -0.31521 0 
310 -0.28464 -0.266223 0 
311 -0.292802 -0.315004 0 
312 -0.301141 -0.34389 0 
313 -0.283598 -0.290446 0 
314 -0.328562 -0.222263 0 
315 -0.273636 -0.205834 0 
316 -0.268923 -0.187798 0 
317 -0.235177 -0.107053 0 
318 -0.282547 -0.108379 0 
319 -0.262625 0.0045213 0 
320 -0.362538 0.00552987 0 
321 -0.27328 0.0949116 0 
322 -0.36127 0.0334378 0 
323 -0.261564 0.18722 0 
324 -0.249218 0.121965 0 
325 -0.28961 0.227308 0 
326 -0.264934 0.142223 0 
327 -0.297027 0.337498 0 
328 -0.342663 0.327657 0 
329 -0.323702 0.351068 0 
330 -0.286358 0.305316 0 
331 -0.26063 0.326526 0 
332 -0.352768 0.431683 0 
333 -0.317002 0.443172 0 
334 -0.253705 0.550474 0 
335 -0.258285 0.531626 0 
336 -0.256129 0.595948 0 
337 -0.214562 0.645433 0 
338 -0.316087 0.659992 0 
339 -0.231515 0.67765 0 
340 -0.360509 0.676318 0 
341 -0.28262 0.698601 0 
342 -0.223214 0.659404 0 
343 -0.197976 0.81737 0 
344 -0.264574 0.886033 0 
345 -0.259029 0.850139 0 
346 -0.308462 0.907932 0 
347 -0.293252 0.955068 0 
348 -0.258448 -0.959156 0 
349 -0.222465 -0.924951 0 
350 -0.229218 -0.83108 0 
351 -0.234731 -0.81072 0 
352 -0.287713 -0.831037 0 
353 -0.323772 -0.761897 0 
354 -0.273783 -0.779029 0 
355 -0.276865 -0.654492 0 
356 -0.270072 -0.665885 0 
357 -0.256849 -0.627995 0 
358 -0.242941 -0.663974 0 
359 -0.276724 -0.583826 0 
360 -0.241031 -0.521475 0 
361 -0.258046 -0.523771 0 
362 -0.235507 -0.463181 0 
363 -0.303016 -0.502565 0 
364 -0.244902 -0.439529 0 
365 -0.220412 -0.373948 0 
366 -0.244299 -0.335467 0 
367 -0.239901 -0.28032 0 
368 -0.266506 -0.261945 0 
369 -0.214731 -0.22437 0 
370 -0.256334 -0.121086 0 
371 -0.238156 -0.142389 0 
372 -0.251492 -0.184893 0 
373 -0.296934 -0.105876 0 
374 -0.257344 -0.10951 0 
375 -0.215117 -0.0261547 0 
376 -0.289725 -0.00984243 0 
377 -0.276701 0.0363171 0 
378 -0.22917 0.104933 0 
379 -0.240375 0.0894755 0 
380 -0.238388 0.119084 0 
381 -0.263308 0.169278 0 
382 -0.24933 0.174256 0 
383 -0.291695 0.245583 0 
384 -0.325057 0.257098 0 
385 -0.275374 0.315693 0 
386 -0.276313 0.343297 0 
387 -0.28138 0.404654 0 
388 -0.235391 0.487285 0 
389 -0.247934 0.427574 0 
390 -0.284985 0.439042 0 
391 -0.253386 0.513199 0 
392 -0.242674 0.708839 0 
393 -0.269901 0.632782 0 
394 -0.337799 0.677928 0 
395 -0.263231 0.6672 0 
396 -0.355603 0.686499 0 
397 -0.274359 0.765479 0 
398 -0.32757 0.82127 0 
399 -0.286801 0.841024 0 
400 -0.328653 0.884231 0 
401 -0.273546 0.893965 0 
402 -0.33093 0.939203 0 
403 -0.258448 0.955068 0 
404 -0.223644 -0.959156 0 
405 -0.246356 -0.993603 0 
406 -0.263397 -0.891002 0 
407 -0.226551 -0.851249 0 
408 -0.163124 -0.871344 0 
409 -0.21319 -0.74925 0 
410 -0.250907 -0.752982 0 
411 -0.2452 -0.722349 0 
412 -0.254931 -0.69987 0 
413 -0.205043 -0.611355 0 
414 -0.186185 -0.635052 0 
415 -0.246449 -0.521322 0 
416 -0.225883 -0.511925 0 
417 -0.199353 -0.498579 0 
418 -0.200454 -0.397578 0 
419 -0.29618 -0.462786 0 
420 -0.177329 -0.409676 0 
421 -0.235411 -0.432456 0 
422 -0.175611 -0.25317 0 
423 -0.236297 -0.205009 0 
424 -0.169529 -0.245321 0 
425 -0.136255 -0.215113 0 
426 -0.339044 -0.21714 0 
427 -0.299506 -0.0954567 0 
428 -0.140361 -0.131016 0 
429 -0.215332 -0.0971921 0 
430 -0.230304 0.0241484 0 
431 -0.273835 -0.0725928 0 
432 -0.166637 -0.0341815 0 
433 -0.177943 0.0955004 0 
434 -0.33779 0.136614 0 
435 -0.229225 0.11772 0 
436 -0.258275 0.18737 0 
437 -0.245118 0.229512 0 
438 -0.266208 0.149823 0 
439 -0.210087 0.304592 0 
440 -0.173433 0.329233 0 
441 -0.216809 0.324881 0 
442 -0.262558 0.403066 0 
443 -0.193957 0.439723 0 
444 -0.265813 0.489187 0 
445 -0.271109 0.496488 0 
446 -0.163689 0.443391 0 
447 -0.250232 0.531244 0 
448 -0.276896 0.547695 0 
449 -0.198361 0.695002 0 
450 -0.168989 0.609859 0 
451 -0.2438 0.637735 0 
452 -0.281326 0.759065 0 
453 -0.206782 0.7589 0 
454 -0.322283 0.746863 0 
455 -0.19932 0.814738 0 
456 -0.30007 0.820584 0 
457 -0.236362 0.904103 0 
458 -0.240798 0.930579 0 
459 -0.223644 0.955068 0 
460 -0.18884 -0.959156 0 
461 -0.215563 -0.915054 0 
462 -0.172998 -0.914938 0 
463 -0.162935 -0.912178 0 
464 -0.179138 -0.782749 0 
465 -0.133301 -0.825567 0 
466 -0.215337 -0.780121 0 
467 -0.225195 -0.699669 0 
468 -0.193401 -0.643416 0 
469 -0.231493 -0.6931 0 
470 -0.213443 -0.692983 0 
471 -0.184292 -0.591339 0 
472 -0.187689 -0.560561 0 
473 -0.155052 -0.474726 0 
474 -0.155553 -0.50575 0 
475 -0.176728 -0.527523 0 
476 -0.190456 -0.431145 0 
477 -0.236053 -0.326256 0 
478 -0.155229 -0.397142 0 
479 -0.181947 -0.32985 0 
480 -0.202351 -0.366391 0 
481 -0.202965 -0.204436 0 
482 -0.231491 -0.192852 0 
483 -0.163648 -0.19114 0 
484 -0.235426 -0.0460227 0 
485 -0.196372 -0.120248 0 
486 -0.238629 -0.0169895 0 
487 -0.229442 -0.022131 0 
488 -0.154617 0.0317769 0 
489 -0.188416 0.0974329 0 
490 -0.159893 0.146958 0 
491 -0.209577 0.116772 0 
492 -0.15347 0.142197 0 
493 -0.201468 0.22594 0 
494 -0.257513 0.223889 0 
495 -0.147969 0.217562 0 
496 -0.255654 0.272247 0 
497 -0.170362 0.263505 0 
498 -0.243793 0.35359 0 
499 -0.315109 0.407263 0 
500 -0.177552 0.369689 0 
501 -0.139636 0.495031 0 
502 -0.116716 0.494234 0 
503 -0.171125 0.480512 0 
504 -0.217818 0.593997 0 
505 -0.221176 0.660894 0 
506 -0.131895 0.675076 0 
507 -0.300234 0.662335 0 
508 -0.253806 0.672762 0 
509 -0.254509 0.783446 0 
510 -0.169142 0.765289 0 
511 -0.241116 0.792974 0 
512 -0.160716 0.863944 0 
513 -0.174125 0.907363 0 
514 -0.217115 0.933723 0 
515 -0.18884 0.955068 0 
516 -0.154036 -0.959156 0 
517 -0.165992 -0.947609 0 
518 -0.0454514 -0.79863 0 
519 -0.142664 -0.836978 0 
520 -0.126732 -0.766123 0 
521 -0.150357 -0.835741 0 
522 -0.15187 -0.75843 0 
523 -0.223789 -0.695708 0 
524 -0.113728 -0.685686 0 
525 -0.227516 -0.618709 0 
526 -0.102115 -0.57142 0 
527 -0.182782 -0.595501 0 
528 -0.20956 -0.507593 0 
529 -0.190244 -0.54015 0 
530 -0.175522 -0.517853 0 
531 -0.164148 -0.45363 0 
532 -0.175407 -0.402131 0 
533 -0.146178 -0.372636 0 
534 -0.114037 -0.317185 0 
535 -0.210418 -0.247356 0 
536 -0.0717742 -0.32766 0 
537 -0.147611 -0.295902 0 
538 -0.157635 -0.135154 0 
539 -0.170104 -0.184248 0 
540 -0.138223 -0.133432 0 
541 -0.199778 -0.0892438 0 
542 -0.128041 0.0158092 0 
543 -0.0886338 -0.00930958 0 
544 -0.124611 0.00435547 0 
545 -0.116163 0.0692922 0 
546 -0.195236 0.113547 0 
547 -0.209246 0.106874 0 
548 -0.220602 0.199121 0 
549 -0.180399 0.175936 0 
550 -0.143098 0.212801 0 
551 -0.077414 0.320036 0 
552 -0.126103 0.268673 0 
553 -0.192837 0.335648 0 
554 -0.224706 0.263019 0 
555 -0.165282 0.401604 0 
556 -0.135616 0.485417 0 
557 -0.177762 0.44071 0 
558 -0.128535 0.472966 0 
559 -0.161469 0.536691 0 
560 -0.211624 0.629136 0 
561 -0.127411 0.574157 0 
562 -0.143062 0.709295 0 
563 -0.154036 0.676635 0 
564 -0.154036 0.711439 0 
565 -0.154036 0.746243 0 
566 -0.154036 0.781047 0 
567 -0.154036 0.815851 0 
568 -0.154036 0.850655 0 
569 -0.154036 0.885459 0 
570 -0.154036 0.920263 0 
571 -0.154036 0.955068 0 
572 -0.119232 -0.959156 0 
573 -0.15066 -0.922341 0 
574 -0.127803 -0.844464 0 
575 -0.0522963 -0.869948 0 
576 -0.0675072 -0.826408 0 
577 -0.100703 -0.744312 0 
578 -0.143941 -0.716041 0 
579 -0.0993458 -0.777514 0 
580 -0.175346 -0.810417 0 
581 -0.15704 -0.713348 0 
582 -0.103548 -0.614229 0 
583 -0.14701 -0.562639 0 
584 -0.0713711 -0.566256 0 
585 -0.0987828 -0.509922 0 
586 -0.117419 -0.520981 0 
587 -0.113682 -0.477472 0 
588 -0.115038 -0.408255 0 
589 -0.101319 -0.363782 0 
590 -0.116363 -0.305608 0 
591 -0.153676 -0.302057 0 
592 -0.115949 -0.269079 0 
593 -0.139206 -0.215676 0 
594 -0.0934765 -0.215908 0 
595 -0.110844 -0.194438 0 
596 -0.14206 -0.13574 0 
597 -0.18984 -0.0659042 0 
598 -0.126764 -0.106689 0 
599 -0.0684133 -0.0644082 0 
600 -0.169821 0.0046096 0 
601 -0.100607 0.0218397 0 
602 -0.142225 0.0362379 0 
603 -0.10373 0.11064 0 
604 -0.126903 0.165693 0 
605 -0.189442 0.187706 0 
606 -0.102351 0.191869 0 
607 -0.103001 0.265965 0 
608 -0.147365 0.333716 0 
609 -0.149064 0.327006 0 
610 -0.0723421 0.359764 0 
611 -0.030366 0.401387 0 
612 -0.120743 0.44072 0 
613 -0.13542 0.496787 0 
614 -0.0494347 0.547189 0 
615 -0.0951419 0.57433 0 
616 -0.114185 0.546269 0 
617 -0.179199 0.559854 0 
618 -0.135423 0.603393 0 
619 -0.119232 0.676635 0 
620 -0.084428 -0.959156 0 
621 -0.024032 -0.848754 0 
622 -0.0607223 -0.861715 0 
623 0.000626665 -0.893865 0 
624 -0.101824 -0.843132 0 
625 -0.138376 -0.775758 0 
626 -0.0659643 -0.746328 0 
627 -0.096601 -0.658228 0 
628 -0.151047 -0.752063 0 
629 -0.120413 -0.63353 0 
630 -0.0484058 -0.67141 0 
631 -0.139906 -0.644643 0 
632 -0.108767 -0.515202 0 
633 -0.0538641 -0.521313 0 
634 -0.0278999 -0.456848 0 
635 -0.109919 -0.423151 0 
636 -0.0605116 -0.421434 0 
637 -0.100677 -0.367121 0 
638 -0.113208 -0.302877 0 
639 -0.0998995 -0.278482 0 
640 -0.180414 -0.23588 0 
641 -0.0998208 -0.208294 0 
642 -0.122557 -0.168809 0 
643 -0.0161019 -0.188544 0 
644 -0.117411 -0.129728 0 
645 -0.165154 -0.0168418 0 
646 -0.12243 -0.000946304 0 
647 -0.0851046 -0.0532303 0 
648 -0.0634262 -0.0743454 0 
649 -0.0306624 0.085693 0 
650 -0.0753743 0.0844932 0 
651 -0.125227 0.0839922 0 
652 -0.169347 0.200066 0 
653 -0.115117 0.248942 0 
654 -0.102264 0.200773 0 
655 -0.113105 0.283747 0 
656 -0.0893931 0.311641 0 
657 -0.1364 0.325651 0 
658 -0.110558 0.313819 0 
659 -0.087477 0.370623 0 
660 -0.0317393 0.406408 0 
661 -0.121695 0.482844 0 
662 0.00307128 0.562971 0 
663 -0.124615 0.569188 0 
664 -0.0778449 0.571628 0 
665 -0.0554821 0.544654 0 
666 -0.060328 0.624 0 
667 -0.084428 0.676635 0 
668 -0.0496239 -0.959156 0 
669 -0.0159034 -0.955305 0 
670 -0.00378578 -0.869111 0 
671 -0.0622137 -0.846645 0 
672 -0.0980582 -0.861256 0 
673 -0.0209613 -0.764038 0 
674 -0.07183 -0.728838 0 
675 -0.0416229 -0.704976 0 
676 -0.034159 -0.647597 0 
677 -0.0960403 -0.639481 0 
678 -0.0677125 -0.547176 0 
679 -0.0349545 -0.544216 0 
680 -0.099422 -0.54216 0 
681 -0.0976511 -0.48299 0 
682 -0.0663059 -0.423396 0 
683 -0.039375 -0.384379 0 
684 -0.0601946 -0.380294 0 
685 -0.0723587 -0.307376 0 
686 -0.108857 -0.314894 0 
687 -0.0820802 -0.27152 0 
688 -0.0889887 -0.280535 0 
689 -0.0500279 -0.255558 0 
690 -0.0355612 -0.201454 0 
691 -0.0108143 -0.121122 0 
692 -0.101793 -0.151421 0 
693 -0.0742814 -0.0782401 0 
694 0.0117824 -0.028583 0 
695 -0.0381369 -0.0280149 0 
696 -0.0238701 -0.0357877 0 
697 0.00284518 -0.00351337 0 
698 -0.0757963 0.0455075 0 
699 -0.0981378 0.141132 0 
700 0.0269362 0.140701 0 
701 -0.145627 0.0687523 0 
702 -0.0757904 0.140449 0 
703 -0.07413 0.253278 0 
704 -0.0908645 0.305217 0 
705 -0.0955082 0.261768 0 
706 -0.0520005 0.422942 0 
707 -0.0533965 0.34353 0 
708 -0.0780826 0.405355 0 
709 -0.0433562 0.444631 0 
710 -0.124404 0.571109 0 
711 -0.0666341 0.666593 0 
712 0.0093861 0.539885 0 
713 0.0601494 0.607006 0 
714 -0.0759176 0.650411 0 
715 -0.0496239 0.676635 0 
716 -0.0148198 -0.959156 0 
717 0.0410083 -0.833155 0 
718 -0.0218976 -0.863735 0 
719 -0.0810004 -0.875562 0 
720 -1.7794e-06 -0.760815 0 
721 -0.0360886 -0.78486 0 
722 -0.0345308 -0.702372 0 
723 -0.0618274 -0.750573 0 
724 0.0921401 -0.6425 0 
725 -0.0388506 -0.668012 0 
726 0.0172944 -0.621076 0 
727 -0.0781036 -0.588005 0 
728 -0.0748365 -0.60236 0 
729 0.00292406 -0.479455 0 
730 -0.00845551 -0.462781 0 
731 -0.00698765 -0.394984 0 
732 0.00600969 -0.442964 0 
733 0.00448313 -0.337699 0 
734 -0.052644 -0.369136 0 
735 -0.0352159 -0.391033 0 
736 0.0132149 -0.208408 0 
737 -0.0148198 -0.228271 0 
738 -0.0148198 -0.193467 0 
739 -0.0148198 -0.158663 0 
740 -0.0148198 -0.123858 0 
741 -0.0148198 -0.0890545 0 
742 -0.0148198 -0.0542504 0 
743 -0.0148198 -0.0194463 0 
744 -0.0148198 0.0153577 0 
745 -0.0148198 0.0501618 0 
746 -0.0148198 0.0849658 0 
747 -0.0148198 0.11977 0 
748 -0.0148198 0.154574 0 
749 -0.0148198 0.189378 0 
750 -0.0148198 0.224182 0 
751 -0.0148198 0.258986 0 
752 -0.0148198 0.29379 0 
753 -0.0148198 0.328594 0 
754 -0.0148198 0.363398 0 
755 -0.0148198 0.398202 0 
756 -0.0509657 0.405561 0 
757 -0.0391502 0.463029 0 
758 -0.0207825 0.487752 0 
759 -0.036281 0.588737 0 
760 -0.0918667 0.508635 0 
761 0.0101304 0.644703 0 
762 -0.0172769 0.633612 0 
763 -0.0148198 0.676635 0 
764 0.0199842 -0.959156 0 
765 -0.0291521 -0.946835 0 
766 -0.0210847 -0.939244 0 
767 0.041 -0.81395 0 
768 -0.0402891 -0.777563 0 
769 -0.0547744 -0.765755 0 
770 0.0412672 -0.784508 0 
771 -0.0252742 -0.761871 0 
772 0.106038 -0.70573 0 
773 0.100004 -0.676606 0 
774 0.0328536 -0.624968 0 
775 0.0202838 -0.593139 0 
776 0.0484109 -0.548476 0 
777 0.0813785 -0.509605 0 
778 0.0182279 -0.442585 0 
779 -0.0465857 -0.45931 0 
780 -0.0240575 -0.422565 0 
781 -0.0182027 -0.454054 0 
782 0.0302261 -0.377552 0 
783 0.0199914 -0.326179 0 
784 0.0103448 -0.251024 0 
785 0.0199842 -0.228271 0 
786 0.0199842 0.398202 0 
787 -0.0285247 0.459998 0 
788 0.107233 0.470623 0 
789 -0.000592377 0.514952 0 
790 0.0733956 0.536343 0 
791 0.0725453 0.553987 0 
792 -0.00778897 0.603061 0 
793 0.0525736 0.596566 0 
794 0.0199842 0.676635 0 
795 0.0547883 -0.959156 0 
796 0.139526 -1.02604 0 
797 0.0311237 -0.889187 0 
798 0.0983601 -0.909129 0 
799 0.0558932 -0.813406 0 
800 0.0236002 -0.759272 0 
801 0.108268 -0.757023 0 
802 0.0366737 -0.775687 0 
803 0.0271081 -0.711842 0 
804 0.0119828 -0.623558 0 
805 -0.0294026 -0.564673 0 
806 0.0128823 -0.569927 0 
807 0.0441154 -0.543402 0 
808 0.0469843 -0.467411 0 
809 0.0606035 -0.438595 0 
810 0.0916674 -0.363854 0 
811 0.0386113 -0.297512 0 
812 0.0695916 -0.382654 0 
813 0.0109501 -0.346815 0 
814 0.0106607 -0.251832 0 
815 -0.0618325 -0.239095 0 
816 0.0547883 -0.228271 0 
817 0.0547883 0.398202 0 
818 0.104905 0.469189 0 
819 0.108695 0.442924 0 
820 0.0125109 0.485002 0 
821 0.0615377 0.531697 0 
822 0.0187876 0.646271 0 
823 0.0495908 0.607206 0 
824 0.0456684 0.582686 0 
825 0.0547883 0.676635 0 
826 0.0895924 -0.959156 0 
827 0.0805352 -0.978254 0 
828 0.034186 -0.92482 0 
829 0.105013 -0.805608 0 
830 0.058225 -0.748846 0 
831 0.0556709 -0.806704 0 
832 0.0712109 -0.754855 0 
833 0.0780471 -0.778683 0 
834 0.0346106 -0.668 0 
835 0.0739249 -0.659826 0 
836 0.116168 -0.584459 0 
837 0.0264719 -0.629218 0 
838 0.09831 -0.459808 0 
839 0.0930574 -0.572919 0 
840 0.102532 -0.442166 0 
841 0.0784773 -0.450464 0 
842 0.0817079 -0.446195 0 
843 0.0870205 -0.401705 0 
844 0.123611 -0.317642 0 
845 0.0809775 -0.291387 0 
846 0.0931437 -0.252588 0 
847 0.0895924 -0.228271 0 
848 0.0895924 0.398202 0 
849 0.109747 0.444755 0 
850 0.0806311 0.436497 0 
851 0.0985145 0.552749 0 
852 0.0902561 0.568024 0 
853 0.115255 0.600039 0 
854 0.108859 0.614551 0 
855 0.0599458 0.635711 0 
856 0.0895924 0.676635 0 
857 0.124396 -0.959156 0 
858 0.198943 -0.813169 0 
859 0.133031 -0.898208 0 
860 0.113868 -0.782396 0 
861 0.146977 -0.815225 0 
862 0.161553 -0.838197 0 
863 0.146852 -0.781882 0 
864 0.156697 -0.688142 0 
865 0.129391 -0.687271 0 
866 0.111987 -0.613514 0 
867 0.186443 -0.603381 0 
868 0.155423 -0.576595 0 
869 0.109675 -0.563014 0 
870 0.124927 -0.566473 0 
871 0.105792 -0.446321 0 
872 0.150647 -0.449442 0 
873 0.0650259 -0.413624 0 
874 0.177818 -0.316257 0 
875 0.117233 -0.267517 0 
876 0.154548 -0.283306 0 
877 0.20198 -0.289343 0 
878 0.124396 -0.228271 0 
879 0.124396 0.398202 0 
880 0.121266 0.451066 0 
881 0.16253 0.565633 0 
882 0.123439 0.435768 0 
883 0.138128 0.486303 0 
884 0.122045 0.578165 0 
885 0.0117594 0.567983 0 
886 0.127975 0.623392 0 
887 0.124396 0.676635 0 
888 0.159201 -0.959156 0 
889 0.222123 -0.898908 0 
890 0.0879936 -0.935071 0 
891 0.188694 -0.894136 0 
892 0.129571 -0.83647 0 
893 0.154492 -0.782596 0 
894 0.196558 -0.711537 0 
895 0.170978 -0.76542 0 
896 0.126497 -0.657989 0 
897 0.193426 -0.73866 0 
898 0.135459 -0.629137 0 
899 0.15006 -0.606105 0 
900 0.21526 -0.486471 0 
901 0.113364 -0.550732 0 
902 0.238637 -0.479066 0 
903 0.153474 -0.551549 0 
904 0.18159 -0.390425 0 
905 0.19567 -0.376064 0 
906 0.152609 -0.303644 0 
907 0.109729 -0.302071 0 
908 0.183396 -0.24097 0 
909 0.159201 -0.228271 0 
910 0.159201 0.398202 0 
911 0.209096 0.47744 0 
912 0.106608 0.436342 0 
913 0.166177 0.487017 0 
914 0.145018 0.512503 0 
915 0.0882732 0.579537 0 
916 0.104847 0.566479 0 
917 0.146338 0.677824 0 
918 0.159201 0.676635 0 
919 0.194005 -0.959156 0 
920 0.241694 -1.01441 0 
921 0.196068 -0.888425 0 
922 0.164804 -0.902089 0 
923 0.163712 -0.798765 0 
924 0.163074 -0.83825 0 
925 0.166467 -0.663456 0 
926 0.253362 -0.738732 0 
927 0.17905 -0.651193 0 
928 0.181912 -0.63448 0 
929 0.231643 -0.623075 0 
930 0.220264 -0.634143 0 
931 0.191982 -0.575334 0 
932 0.184936 -0.510074 0 
933 0.140295 -0.467114 0 
934 0.180876 -0.475111 0 
935 0.207672 -0.354634 0 
936 0.177964 -0.327393 0 
937 0.219284 -0.338353 0 
938 0.194768 -0.276701 0 
939 0.14447 -0.292603 0 
940 0.194005 -0.228271 0 
941 0.194005 0.398202 0 
942 0.179086 0.45851 0 
943 0.254894 0.388068 0 
944 0.25159 0.522709 0 
945 0.0750631 0.497716 0 
946 0.285418 0.58393 0 
947 0.255422 0.60354 0 
948 0.257619 0.608095 0 
949 0.194005 0.676635 0 
950 0.228809 -0.959156 0 
951 0.19256 -0.926324 0 
952 0.246298 -0.884412 0 
953 0.280575 -0.857021 0 
954 0.165827 -0.808079 0 
955 0.264717 -0.801137 0 
956 0.175773 -0.763472 0 
957 0.191548 -0.746182 0 
958 0.184655 -0.735064 0 
959 0.193939 -0.698678 0 
960 0.242017 -0.564656 0 
961 0.209967 -0.492204 0 
962 0.254695 -0.505588 0 
963 0.202722 -0.553739 0 
964 0.29622 -0.483352 0 
965 0.221633 -0.402312 0 
966 0.192351 -0.42401 0 
967 0.185699 -0.356604 0 
968 0.259388 -0.300255 0 
969 0.247161 -0.249273 0 
970 0.218261 -0.197791 0 
971 0.228809 -0.228271 0 
972 0.228809 0.398202 0 
973 0.211279 0.499635 0 
974 0.281897 0.446302 0 
975 0.177375 0.463393 0 
976 0.234894 0.582154 0 
977 0.171425 0.564789 0 
978 0.211292 0.631677 0 
979 0.232797 0.664527 0 
980 0.228809 0.676635 0 
981 0.263613 -0.959156 0 
982 0.347301 -0.86517 0 
983 0.273411 -0.9089 0 
984 0.218384 -0.814141 0 
985 0.304445 -0.823794 0 
986 0.273809 -0.768628 0 
987 0.306479 -0.697749 0 
988 0.152136 -0.824603 0 
989 0.211148 -0.612629 0 
990 0.250446 -0.611829 0 
991 0.193038 -0.597559 0 
992 0.251348 -0.579666 0 
993 0.257929 -0.55401 0 
994 0.322771 -0.508496 0 
995 0.286887 -0.483298 0 
996 0.254589 -0.405616 0 
997 0.286063 -0.409307 0 
998 0.251574 -0.389869 0 
999 0.261147 -0.316316 0 
1000 0.191458 -0.251226 0 
1001 0.144624 -0.273106 0 
1002 0.263613 -0.228271 0 
1003 0.263613 0.398202 0 
1004 0.293121 0.420415 0 
1005 0.277096 0.484669 0 
1006 0.229891 0.494247 0 
1007 0.286778 0.501302 0 
1008 0.314455 0.4977 0 
1009 0.272787 0.610091 0 
1010 0.243982 0.627288 0 
1011 0.263613 0.676635 0 
1012 0.298417 -0.959156 0 
1013 0.315153 -0.934054 0 
1014 0.242072 -0.862656 0 
1015 0.255163 -0.830604 0 
1016 0.253317 -0.808976 0 
1017 0.247478 -0.78468 0 
1018 0.328121 -0.747337 0 
1019 0.257076 -0.713869 0 
1020 0.272449 -0.715706 0 
1021 0.306473 -0.636652 0 
1022 0.343596 -0.545296 0 
1023 0.318497 -0.655419 0 
1024 0.325072 -0.539255 0 
1025 0.46061 -0.545151 0 
1026 0.263037 -0.488326 0 
1027 0.327688 -0.391871 0 
1028 0.312844 -0.400659 0 
1029 0.254492 -0.394605 0 
1030 0.285583 -0.305577 0 
1031 0.283405 -0.315082 0 
1032 0.318521 -0.203651 0 
1033 0.298417 -0.228271 0 
1034 0.298417 -0.193467 0 
1035 0.298417 -0.158663 0 
1036 0.298417 -0.123858 0 
1037 0.298417 -0.0890545 0 
1038 0.298417 -0.0542504 0 
1039 0.298417 -0.0194463 0 
1040 0.298417 0.0153577 0 
1041 0.298417 0.0501618 0 
1042 0.298417 0.0849658 0 
1043 0.298417 0.11977 0 
1044 0.298417 0.154574 0 
1045 0.298417 0.189378 0 
1046 0.298417 0.224182 0 
1047 0.298417 0.258986 0 
1048 0.298417 0.29379 0 
1049 0.298417 0.328594 0 
1050 0.298417 0.363398 0 
1051 0.298417 0.398202 0 
1052 0.209705 0.446771 0 
1053 0.284291 0.380858 0 
1054 0.309588 0.539472 0 
1055 0.334109 0.522389 0 
1056 0.28097 0.549635 0 
1057 0.254629 0.617915 0 
1058 0.340484 0.602078 0 
1059 0.298417 0.676635 0 
1060 0.333221 -0.959156 0 
1061 0.404046 -0.89397 0 
1062 0.298837 -0.926948 0 
1063 0.40087 -0.847894 0 
1064 0.290794 -0.736238 0 
1065 0.345462 -0.750929 0 
1066 0.288709 -0.717111 0 
1067 0.357252 -0.713617 0 
1068 0.323332 -0.675749 0 
1069 0.323737 -0.653217 0 
1070 0.365584 -0.620981 0 
1071 0.353653 -0.562788 0 
1072 0.324348 -0.553962 0 
1073 0.338564 -0.580717 0 
1074 0.321021 -0.473807 0 
1075 0.334141 -0.432852 0 
1076 0.296132 -0.442212 0 
1077 0.302654 -0.343339 0 
1078 0.329989 -0.359638 0 
1079 0.294881 -0.313158 0 
1080 0.311961 -0.276706 0 
1081 0.28188 -0.230739 0 
1082 0.349419 -0.205288 0 
1083 0.309457 -0.16644 0 
1084 0.320807 -0.15491 0 
1085 0.332734 -0.142096 0 
1086 0.293964 -0.0829246 0 
1087 0.379513 0.00327593 0 
1088 0.308159 0.0674527 0 
1089 0.320443 0.0617334 0 
1090 0.32768 0.112245 0 
1091 0.329863 0.125585 0 
1092 0.362637 0.135109 0 
1093 0.395806 0.293502 0 
1094 0.302438 0.224143 0 
1095 0.310689 0.253591 0 
1096 0.338319 0.30058 0 
1097 0.291832 0.362811 0 
1098 0.326881 0.385888 0 
1099 0.349331 0.355949 0 
1100 0.290202 0.468113 0 
1101 0.312785 0.403278 0 
1102 0.322568 0.484921 0 
1103 0.322016 0.51612 0 
1104 0.305191 0.570679 0 
1105 0.331304 0.618095 0 
1106 0.309715 0.694032 0 
1107 0.333221 0.676635 0 
1108 0.368025 -0.959156 0 
1109 0.43004 -0.941939 0 
1110 0.307639 -0.912806 0 
1111 0.364917 -0.803623 0 
1112 0.473328 -0.789398 0 
1113 0.377206 -0.749682 0 
1114 0.318552 -0.72779 0 
1115 0.344698 -0.774818 0 
1116 0.354521 -0.704211 0 
1117 0.319593 -0.613516 0 
1118 0.414051 -0.596448 0 
1119 0.398739 -0.588079 0 
1120 0.397621 -0.582403 0 
1121 0.316384 -0.53941 0 
1122 0.424588 -0.564994 0 
1123 0.407315 -0.46922 0 
1124 0.338563 -0.365799 0 
1125 0.326182 -0.387759 0 
1126 0.389163 -0.419071 0 
1127 0.354526 -0.244349 0 
1128 0.356112 -0.300415 0 
1129 0.398895 -0.208283 0 
1130 0.406458 -0.161659 0 
1131 0.441002 -0.223567 0 
1132 0.379209 -0.135992 0 
1133 0.317677 -0.204486 0 
1134 0.352201 -0.0271698 0 
1135 0.360426 -0.0138944 0 
1136 0.373067 0.0731727 0 
1137 0.385954 0.0640026 0 
1138 0.370158 0.106217 0 
1139 0.440916 0.0465259 0 
1140 0.372159 0.122376 0 
1141 0.35599 0.274018 0 
1142 0.360125 0.25144 0 
1143 0.406969 0.298413 0 
1144 0.321629 0.281283 0 
1145 0.399223 0.307605 0 
1146 0.3636 0.365208 0 
1147 0.379995 0.349614 0 
1148 0.393572 0.51379 0 
1149 0.412483 0.433651 0 
1150 0.2522 0.53885 0 
1151 0.329362 0.507473 0 
1152 0.291093 0.623664 0 
1153 0.389117 0.547715 0 
1154 0.346374 0.658568 0 
1155 0.368025 0.676635 0 
1156 0.402829 -0.959156 0 
1157 0.447543 -0.8895 0 
1158 0.458205 -0.847487 0 
1159 0.425342 -0.795205 0 
1160 0.454479 -0.82106 0 
1161 0.408147 -0.767418 0 
1162 0.355239 -0.741975 0 
1163 0.384735 -0.800924 0 
1164 0.344582 -0.712973 0 
1165 0.420155 -0.677865 0 
1166 0.389152 -0.612648 0 
1167 0.424077 -0.436279 0 
1168 0.365653 -0.519316 0 
1169 0.427539 -0.435468 0 
1170 0.381485 -0.478219 0 
1171 0.41682 -0.460397 0 
1172 0.380553 -0.401589 0 
1173 0.441588 -0.299314 0 
1174 0.356477 -0.329331 0 
1175 0.396914 -0.336258 0 
1176 0.403529 -0.300195 0 
1177 0.462444 -0.187131 0 
1178 0.340907 -0.222171 0 
1179 0.43638 -0.14713 0 
1180 0.365446 -0.108165 0 
1181 0.406952 -0.0795139 0 
1182 0.372575 -0.103134 0 
1183 0.332554 0.0290265 0 
1184 0.444723 0.0386806 0 
1185 0.351578 -0.0149215 0 
1186 0.378573 0.107301 0 
1187 0.423864 0.119064 0 
1188 0.415716 0.188398 0 
1189 0.40552 0.139221 0 
1190 0.375724 0.218043 0 
1191 0.44039 0.200998 0 
1192 0.457635 0.291049 0 
1193 0.43848 0.418284 0 
1194 0.391302 0.389095 0 
1195 0.534367 0.330446 0 
1196 0.434363 0.425752 0 
1197 0.3344 0.485065 0 
1198 0.425177 0.495253 0 
1199 0.460976 0.526053 0 
1200 0.355147 0.570366 0 
1201 0.414301 0.586802 0 
1202 0.498524 0.686146 0 
1203 0.402829 0.676635 0 
1204 0.437633 -0.959156 0 
1205 0.437633 -0.924352 0 
1206 0.437633 -0.889548 0 
1207 0.437633 -0.854744 0 
1208 0.437633 -0.81994 0 
1209 0.437633 -0.785136 0 
1210 0.437633 -0.750332 0 
1211 0.437633 -0.715528 0 
1212 0.437633 -0.680724 0 
1213 0.437633 -0.64592 0 
1214 0.437633 -0.611115 0 
1215 0.437633 -0.576311 0 
1216 0.437633 -0.541507 0 
1217 0.437633 -0.506703 0 
1218 0.437633 -0.471899 0 
1219 0.437633 -0.437095 0 
1220 0.437633 -0.402291 0 
1221 0.437633 -0.367487 0 
1222 0.437633 -0.332683 0 
1223 0.437633 -0.297879 0 
1224 0.437633 -0.263075 0 
1225 0.367145 -0.216796 0 
1226 0.416925 -0.27738 0 
1227 0.439448 -0.143062 0 
1228 0.413493 -0.0559462 0 
1229 0.447817 -0.0633766 0 
1230 0.434609 -0.136072 0 
1231 0.427954 -0.0872632 0 
1232 0.391777 0.0715183 0 
1233 0.409908 0.0639898 0 
1234 0.397067 0.170719 0 
1235 0.401203 0.0516831 0 
1236 0.474741 0.132683 0 
1237 0.389579 0.226963 0 
1238 0.457296 0.216015 0 
1239 0.465994 0.222836 0 
1240 0.467278 0.351562 0 
1241 0.40286 0.270009 0 
1242 0.377129 0.358855 0 
1243 0.411642 0.329613 0 
1244 0.483021 0.416116 0 
1245 0.438627 0.483763 0 
1246 0.513255 0.535583 0 
1247 0.479545 0.512124 0 
1248 0.288766 0.569213 0 
1249 0.439229 0.606166 0 
1250 0.467877 0.612052 0 
1251 0.437633 0.676635 0 
1252 0.472437 -0.263075 0 
1253 0.556955 -0.257155 0 
1254 0.467321 -0.227705 0 
1255 0.497978 -0.1549 0 
1256 0.497952 -0.0454596 0 
1257 0.492692 -0.16254 0 
1258 0.417281 -0.080403 0 
1259 0.444682 -0.0636891 0 
1260 0.532588 -0.0273734 0 
1261 0.479729 0.0806404 0 
1262 0.458466 0.106584 0 
1263 0.432587 0.127464 0 
1264 0.435458 0.082977 0 
1265 0.513966 0.204201 0 
1266 0.458241 0.232981 0 
1267 0.451148 0.241435 0 
1268 0.506197 0.300554 0 
1269 0.404196 0.376709 0 
1270 0.464239 0.357553 0 
1271 0.475372 0.39045 0 
1272 0.444003 0.463066 0 
1273 0.456879 0.524743 0 
1274 0.445083 0.460366 0 
1275 0.478344 0.528822 0 
1276 0.441936 0.533377 0 
1277 0.42856 0.608827 0 
1278 0.443048 0.610449 0 
1279 0.472437 0.676635 0 
1280 0.507241 -0.263075 0 
1281 0.537442 -0.229548 0 
1282 0.519401 -0.168322 0 
1283 0.458508 -0.0885744 0 
1284 0.480285 -0.125608 0 
1285 0.549153 -0.133676 0 
1286 0.509974 -0.0279614 0 
1287 0.468284 0.0495135 0 
1288 0.57372 -0.0129713 0 
1289 0.515838 -0.0142728 0 
1290 0.506052 0.0968048 0 
1291 0.430169 0.121918 0 
1292 0.479505 0.116102 0 
1293 0.500064 0.190643 0 
1294 0.545549 0.270573 0 
1295 0.515796 0.286742 0 
1296 0.467418 0.310765 0 
1297 0.510424 0.286518 0 
1298 0.509217 0.36913 0 
1299 0.551488 0.379245 0 
1300 0.490709 0.437841 0 
1301 0.449698 0.541903 0 
1302 0.534108 0.493283 0 
1303 0.560149 0.501189 0 
1304 0.527463 0.547841 0 
1305 0.517538 0.60497 0 
1306 0.455517 0.606147 0 
1307 0.507241 0.676635 0 
1308 0.542045 -0.263075 0 
1309 0.568668 -0.232144 0 
1310 0.544993 -0.16763 0 
1311 0.492404 -0.116743 0 
1312 0.517439 -0.141705 0 
1313 0.528803 -0.130982 0 
1314 0.500535 -0.0471654 0 
1315 0.58752 -0.0256238 0 
1316 0.608267 -0.0343555 0 
1317 0.53912 0.0263339 0 
1318 0.570827 0.0387129 0 
1319 0.592997 0.107348 0 
1320 0.505488 0.102869 0 
1321 0.506846 0.174784 0 
1322 0.47985 0.263564 0 
1323 0.563486 0.321219 0 
1324 0.550634 0.383642 0 
1325 0.480338 0.391158 0 
1326 0.508707 0.375459 0 
1327 0.495974 0.41676 0 
1328 0.587988 0.470256 0 
1329 0.597103 0.451062 0 
1330 0.530504 0.491618 0 
1331 0.562629 0.574603 0 
1332 0.620095 0.573665 0 
1333 0.610195 0.600173 0 
1334 0.507718 0.678434 0 
1335 0.542045 0.676635 0 
1336 0.576849 -0.263075 0 
1337 0.60101 -0.225055 0 
1338 0.639859 -0.228528 0 
1339 0.54754 -0.149014 0 
1340 0.594432 -0.0931581 0 
1341 0.684916 -0.0536125 0 
1342 0.558297 -0.0734086 0 
1343 0.605532 -0.0596919 0 
1344 0.578795 0.0144765 0 
1345 0.582607 0.0568359 0 
1346 0.618 0.12669 0 
1347 0.601868 0.0568881 0 
1348 0.613326 0.124226 0 
1349 0.593839 0.182692 0 
1350 0.594855 0.222379 0 
1351 0.574536 0.246828 0 
1352 0.529087 0.330569 0 
1353 0.588585 0.357938 0 
1354 0.522579 0.336953 0 
1355 0.567236 0.382134 0 
1356 0.60799 0.408061 0 
1357 0.555755 0.468425 0 
1358 0.54001 0.521772 0 
1359 0.546496 0.575011 0 
1360 0.611719 0.553418 0 
1361 0.582195 0.647999 0 
1362 0.459204 0.638631 0 
1363 0.576849 0.676635 0 
1364 0.611653 -0.263075 0 
1365 0.637877 -0.233835 0 
1366 0.661668 -0.233198 0 
1367 0.670597 -0.091595 0 
1368 0.6163 -0.139999 0 
1369 0.627026 -0.0819441 0 
1370 0.607456 -0.0494547 0 
1371 0.671022 -0.0663773 0 
1372 0.61985 0.0193533 0 
1373 0.609641 0.0723921 0 
1374 0.609196 0.0622748 0 
1375 0.632441 0.121804 0 
1376 0.608131 0.137056 0 
1377 0.651448 0.112579 0 
1378 0.601746 0.244467 0 
1379 0.638786 0.286128 0 
1380 0.593694 0.298722 0 
1381 0.604644 0.237537 0 
1382 0.653982 0.411318 0 
1383 0.603293 0.473733 0 
1384 0.652252 0.430375 0 
1385 0.678371 0.415152 0 
1386 0.59151 0.498826 0 
1387 0.62325 0.541169 0 
1388 0.625143 0.542151 0 
1389 0.593226 0.628904 0 
1390 0.605636 0.700111 0 
1391 0.611653 0.676635 0 
1392 0.646457 -0.263075 0 
1393 0.588095 -0.249158 0 
1394 0.641559 -0.199215 0 
1395 0.616997 -0.126625 0 
1396 0.644911 -0.15454 0 
1397 0.656932 -0.10955 0 
1398 0.616539 -0.0313836 0 
1399 0.648868 0.0233451 0 
1400 0.655508 0.00019855 0 
1401 0.584242 0.0293439 0 
1402 0.626077 0.102765 0 
1403 0.706279 0.0812649 0 
1404 0.709307 0.146124 0 
1405 0.590358 0.123415 0 
1406 0.582484 0.246416 0 
1407 0.675624 0.216614 0 
1408 0.638533 0.253549 0 
1409 0.615754 0.325118 0 
1410 0.640166 0.375 0 
1411 0.677291 0.408254 0 
1412 0.694011 0.441842 0 
1413 0.600622 0.496547 0 
1414 0.626299 0.482922 0 
1415 0.64003 0.517887 0 
1416 0.673048 0.645529 0 
1417 0.611005 0.576833 0 
1418 0.645617 0.657083 0 
1419 0.646457 0.676635 0 
1420 0.681261 -0.263075 0 
1421 0.681261 -0.228271 0 
1422 0.681261 -0.193467 0 
1423 0.681261 -0.158663 0 
1424 0.681261 -0.123858 0 
1425 0.681261 -0.0890545 0 
1426 0.681261 -0.0542504 0 
1427 0.681261 -0.0194463 0 
1428 0.681261 0.0153577 0 
1429 0.681261 0.0501618 0 
1430 0.681261 0.0849658 0 
1431 0.681261 0.11977 0 
1432 0.681261 0.154574 0 
1433 0.681261 0.189378 0 
1434 0.681261 0.224182 0 
1435 0.681261 0.258986 0 
1436 0.681261 0.29379 0 
1437 0.681261 0.328594 0 
1438 0.681261 0.363398 0 
1439 0.681261 0.398202 0 
1440 0.681261 0.433006 0 
1441 0.681261 0.467811 0 
1442 0.681261 0.502615 0 
1443 0.681261 0.537419 0 
1444 0.681261 0.572223 0 
1445 0.681261 0.607027 0 
1446 0.681261 0.641831 0 
1447 0.681261 0.676635 0 
