0 0.278314 201.725 0 
1 0.278314 210.001 0 
2 0.278314 218.276 0 
3 0.278314 226.552 0 
4 0.278314 234.827 0 
5 0.278314 243.103 0 
6 0.278314 251.378 0 
7 0.278314 259.654 0 
8 0.278314 267.929 0 
9 0.278314 276.205 0 
10 0.278314 284.48 0 
11 8.55385 201.725 0 
12 10.8851 213.269 0 
13 8.82551 216.265 0 
14 12.4187 225.045 0 
15 9.68395 241.321 0 
16 12.0734 245.756 0 
17 14.2086 251.893 0 
18 3.92825 256.041 0 
19 6.86474 266.635 0 
20 14.9467 270.928 0 
21 8.55385 284.48 0 
22 16.8294 201.725 0 
23 18.1374 205.189 0 
24 20.5764 214.019 0 
25 17.6387 229.176 0 
26 16.684 231.84 0 
27 17.6097 248.597 0 
28 23.1911 258.796 0 
29 21.7745 260.531 0 
30 15.3686 262.799 0 
31 18.9115 269.223 0 
32 16.8294 284.48 0 
33 25.1049 201.725 0 
34 22.9853 206.585 0 
35 27.5713 219.52 0 
36 25.1438 220.601 0 
37 23.568 234.012 0 
38 29.6708 239.964 0 
39 27.6596 259.678 0 
40 25.0724 261.666 0 
41 18.8797 264.056 0 
42 23.8994 272.914 0 
43 25.1049 284.48 0 
44 33.3805 201.725 0 
45 26.8632 205.183 0 
46 31.1409 217.55 0 
47 30.2775 221.21 0 
48 29.9649 234.763 0 
49 39.1205 243.296 0 
50 37.9076 245.227 0 
51 35.6304 269.386 0 
52 39.6658 277.235 0 
53 36.328 281.688 0 
54 33.3805 284.48 0 
55 41.656 201.725 0 
56 31.4899 208.497 0 
57 34.7229 217.761 0 
58 34.432 223.883 0 
59 35.5591 235.301 0 
60 42.9835 242.028 0 
61 44.3332 252.654 0 
62 45.1436 257.575 0 
63 42.3116 277.157 0 
64 45.8946 280.75 0 
65 41.656 284.48 0 
66 49.9316 201.725 0 
67 52.409 207.955 0 
68 48.7508 220.582 0 
69 49.7755 225.388 0 
70 44.4621 228.378 0 
71 46.7183 237.236 0 
72 47.0265 250.162 0 
73 50.5278 258.223 0 
74 48.9071 273.44 0 
75 47.017 277.982 0 
76 49.9316 284.48 0 
77 58.2071 201.725 0 
78 56.3993 204.838 0 
79 56.0861 217.965 0 
80 51.6948 222.657 0 
81 58.109 231.116 0 
82 55.6462 245.702 0 
83 51.9239 252.774 0 
84 54.716 259.834 0 
85 53.899 272.398 0 
86 62.7101 280.883 0 
87 58.2071 284.48 0 
88 66.4826 201.725 0 
89 67.5589 213.135 0 
90 60.5818 214.568 0 
91 63.827 221.424 0 
92 62.6882 231.325 0 
93 63.8689 241.3 0 
94 68.004 249.971 0 
95 69.059 253.669 0 
96 59.5618 269.349 0 
97 63.4918 275.592 0 
98 66.4826 284.48 0 
99 74.7582 201.725 0 
100 70.6436 212.419 0 
101 72.3737 218.789 0 
102 71.6312 221.722 0 
103 74.312 243.258 0 
104 74.0915 248.722 0 
105 73.0099 252.355 0 
106 71.8789 254.658 0 
107 71.4592 261.636 0 
108 68.1087 276.497 0 
109 74.7582 284.48 0 
110 83.0337 201.725 0 
111 80.1801 204.74 0 
112 78.1904 210.279 0 
113 78.1231 222.434 0 
114 80.533 236.912 0 
115 78.9974 243.378 0 
116 79.9461 248.349 0 
117 75.8874 264.282 0 
118 75.2184 270.567 0 
119 74.5808 277.107 0 
120 83.0337 284.48 0 
121 91.3093 -5.16351 0 
122 91.3093 3.11203 0 
123 91.3093 11.3876 0 
124 91.3093 19.6631 0 
125 91.3093 27.9387 0 
126 91.3093 36.2142 0 
127 91.3093 44.4897 0 
128 91.3093 52.7653 0 
129 91.3093 61.0408 0 
130 91.3093 69.3164 0 
131 91.3093 77.5919 0 
132 91.3093 85.8674 0 
133 91.3093 94.143 0 
134 91.3093 102.419 0 
135 91.3093 110.694 0 
136 91.3093 118.97 0 
137 91.3093 127.245 0 
138 91.3093 135.521 0 
139 91.3093 143.796 0 
140 91.3093 152.072 0 
141 91.3093 160.347 0 
142 91.3093 168.623 0 
143 91.3093 176.898 0 
144 91.3093 185.174 0 
145 91.3093 193.449 0 
146 91.3093 201.725 0 
147 93.8524 209.439 0 
148 91.3817 225.984 0 
149 90.0625 231.058 0 
150 87.667 238.431 0 
151 82.7915 239.945 0 
152 95.457 256.646 0 
153 81.8324 260.877 0 
154 95.1085 272.69 0 
155 83.1011 278.19 0 
156 91.3093 284.48 0 
157 99.5848 -5.16351 0 
158 100.975 -0.759799 0 
159 97.497 12.0849 0 
160 103.895 19.8328 0 
161 96.0445 27.3849 0 
162 102.413 41.8358 0 
163 100.905 45.7881 0 
164 95.2245 49.7301 0 
165 106.52 59.1728 0 
166 99.6221 70.5375 0 
167 107.864 77.1456 0 
168 95.6708 83.9865 0 
169 99.9381 97.0269 0 
170 96.145 99.188 0 
171 98.9508 111.182 0 
172 98.8175 121.595 0 
173 94.0886 123.55 0 
174 97.6564 138.258 0 
175 102.244 144.597 0 
176 99.402 147.461 0 
177 93.3917 158.28 0 
178 101.144 160.984 0 
179 97.1909 177.858 0 
180 93.9628 184.844 0 
181 100.77 194.871 0 
182 103.736 204.442 0 
183 95.0088 205.826 0 
184 102.982 214.937 0 
185 102.402 221.102 0 
186 103.71 229.744 0 
187 95.8073 246.905 0 
188 101.353 256.314 0 
189 102.868 265.634 0 
190 99.1119 270.664 0 
191 101.822 277.816 0 
192 99.5848 284.48 0 
193 107.86 -5.16351 0 
194 107.603 1.88221 0 
195 105.798 3.95108 0 
196 107.368 17.7346 0 
197 107.588 26.0885 0 
198 104.939 34.6687 0 
199 116.491 50.6119 0 
200 110.448 54.2066 0 
201 113.086 57.9737 0 
202 110.39 66.1724 0 
203 111.197 76.7042 0 
204 106.025 84.626 0 
205 104.023 89.4128 0 
206 106.484 104.565 0 
207 102.191 110.66 0 
208 104.17 123.059 0 
209 103.29 128.447 0 
210 106.238 133.402 0 
211 102.936 140.742 0 
212 104.405 146.703 0 
213 110.616 153.418 0 
214 108.121 160.312 0 
215 101.588 180.913 0 
216 100.471 187.361 0 
217 108.312 198.56 0 
218 104.343 200.687 0 
219 110.947 211.227 0 
220 109.103 215.852 0 
221 112.971 233.086 0 
222 112.241 238.84 0 
223 111.721 253.039 0 
224 103.265 255.085 0 
225 105.584 260.944 0 
226 110.496 275.953 0 
227 111.789 279.93 0 
228 107.86 284.48 0 
229 107.86 292.756 0 
230 107.86 301.031 0 
231 107.86 309.307 0 
232 107.86 317.583 0 
233 107.86 325.858 0 
234 107.86 334.134 0 
235 107.86 342.409 0 
236 107.86 350.685 0 
237 107.86 358.96 0 
238 107.86 367.236 0 
239 107.86 375.511 0 
240 107.86 383.787 0 
241 107.86 392.062 0 
242 107.86 400.338 0 
243 116.136 -5.16351 0 
244 117.713 3.00757 0 
245 114.937 5.82565 0 
246 111.881 21.1342 0 
247 114.122 28.95 0 
248 115.455 39.173 0 
249 118.727 45.9428 0 
250 121.738 55.7321 0 
251 120.739 57.581 0 
252 113.95 70.7746 0 
253 114.874 75.5531 0 
254 119.299 80.2318 0 
255 107.81 91.5756 0 
256 110.441 102.911 0 
257 119.618 111.161 0 
258 107.403 118.516 0 
259 123.416 128.046 0 
260 121.517 136.037 0 
261 112.338 141.844 0 
262 123.461 150.719 0 
263 115.612 155.615 0 
264 119.829 168.528 0 
265 114.535 170.843 0 
266 118 180.974 0 
267 109.602 192.902 0 
268 113.642 203.786 0 
269 115.052 211.724 0 
270 117.704 221.749 0 
271 114.686 223.981 0 
272 117.514 230.948 0 
273 119.937 253.51 0 
274 113.855 258.89 0 
275 120.948 268.59 0 
276 114.338 275.124 0 
277 120.108 280.295 0 
278 122.629 283.764 0 
279 116.602 288.555 0 
280 116.93 303.75 0 
281 116.483 312.949 0 
282 110.614 313.595 0 
283 114.23 326.148 0 
284 119.951 340.628 0 
285 112.074 342.752 0 
286 117.542 352.829 0 
287 113.165 355.814 0 
288 115.161 361.284 0 
289 115.531 368.628 0 
290 112.415 379.926 0 
291 118 390.379 0 
292 116.136 400.338 0 
293 124.411 -5.16351 0 
294 124.13 3.65743 0 
295 118.452 17.7682 0 
296 116.122 23.6538 0 
297 118.044 32.4051 0 
298 119.024 38.1533 0 
299 127.337 44.4295 0 
300 126.055 58.643 0 
301 123.665 59.8994 0 
302 118.576 70.4191 0 
303 127.075 77.9487 0 
304 123.419 81.667 0 
305 115.014 91.1996 0 
306 128.306 104.925 0 
307 121.989 109.976 0 
308 128.35 120.284 0 
309 129.152 125.21 0 
310 124.514 139.97 0 
311 125.415 144.954 0 
312 128.401 149.73 0 
313 126.238 156.8 0 
314 125.818 162.59 0 
315 126.116 175.066 0 
316 125.281 189.262 0 
317 119.116 188.524 0 
318 121.436 207.996 0 
319 124.762 213.544 0 
320 119.59 218.45 0 
321 124.629 229.468 0 
322 130.562 237.597 0 
323 124.865 241.557 0 
324 130.06 255.089 0 
325 122.316 265.042 0 
326 133.131 271.693 0 
327 128.54 282.318 0 
328 124.145 283.964 0 
329 121.225 287.689 0 
330 123.25 301.996 0 
331 120.844 306.823 0 
332 126.398 321.919 0 
333 122.389 324.417 0 
334 123.116 329.785 0 
335 132.971 348.479 0 
336 123.962 354.839 0 
337 125.773 359.847 0 
338 121.964 363.788 0 
339 120.759 368.751 0 
340 122.548 385.395 0 
341 127.51 396.967 0 
342 124.411 400.338 0 
343 132.687 -5.16351 0 
344 135.95 11.1344 0 
345 129.348 14.6957 0 
346 134.765 26.1207 0 
347 122.474 31.4893 0 
348 132.303 40.165 0 
349 132.649 44.81 0 
350 132.075 57.3586 0 
351 130.979 71.3825 0 
352 129.922 74.0032 0 
353 132.166 78.6114 0 
354 127.639 81.8991 0 
355 131.667 90.4818 0 
356 127.043 94.9917 0 
357 140.254 109.635 0 
358 130.103 116.488 0 
359 130.739 119.902 0 
360 136.565 135.057 0 
361 141.958 144.456 0 
362 139.913 153.748 0 
363 130.02 159.172 0 
364 134.202 172.783 0 
365 132.757 176.699 0 
366 127.806 191.433 0 
367 125.534 194.406 0 
368 124.398 203.936 0 
369 133.739 215.835 0 
370 123.208 217.832 0 
371 125.085 224.07 0 
372 134.084 231.926 0 
373 142.999 246.46 0 
374 136.516 254.039 0 
375 136.175 258.482 0 
376 134.595 269.093 0 
377 136.374 276.531 0 
378 133.663 290.679 0 
379 132.059 295.123 0 
380 130.52 305.479 0 
381 127.508 308.784 0 
382 131.608 317.299 0 
383 130.7 325.605 0 
384 137.941 338.37 0 
385 139.77 346.861 0 
386 132.435 354.302 0 
387 132.07 356.471 0 
388 128.178 364.734 0 
389 138.494 377.946 0 
390 127.106 379.003 0 
391 133.077 389.169 0 
392 132.687 400.338 0 
393 140.962 -5.16351 0 
394 137.948 7.83257 0 
395 145.314 19.5773 0 
396 136.994 22.5462 0 
397 146.776 37.6992 0 
398 151.958 44.6038 0 
399 146.387 52.7084 0 
400 135.419 53.9109 0 
401 141.221 70.1677 0 
402 141.07 73.7402 0 
403 146.421 81.3726 0 
404 136.121 87.0878 0 
405 135.988 91.948 0 
406 140.769 97.9474 0 
407 140.226 101.236 0 
408 147.569 115.067 0 
409 148.986 122.36 0 
410 138.461 128.855 0 
411 149.657 141.385 0 
412 141.959 157.925 0 
413 142.085 161.969 0 
414 136.214 165.956 0 
415 143.925 179.924 0 
416 141.556 182.493 0 
417 135.185 197.307 0 
418 132.541 207.866 0 
419 139.578 217.174 0 
420 138.613 221.5 0 
421 143.416 228.469 0 
422 143.734 233.72 0 
423 146.652 244.643 0 
424 143.095 253.963 0 
425 137.789 258.328 0 
426 138.165 265.9 0 
427 149.512 275.207 0 
428 140.191 282.105 0 
429 137.999 291.212 0 
430 138.712 306.245 0 
431 143.832 312.785 0 
432 143.12 317.245 0 
433 135.607 322.285 0 
434 144.39 338.469 0 
435 142.186 344.186 0 
436 147.78 350.446 0 
437 139.595 360.5 0 
438 134.05 364.99 0 
439 142.329 373.5 0 
440 147.196 391.995 0 
441 143.443 396.916 0 
442 140.962 400.338 0 
443 149.238 -5.16351 0 
444 144.509 -0.886381 0 
445 152.031 21.4903 0 
446 154.585 33.2844 0 
447 152.073 39.0301 0 
448 154.797 44.8908 0 
449 154.009 48.3326 0 
450 149.063 63.2642 0 
451 147.297 68.8539 0 
452 156.924 71.1897 0 
453 151.479 81.9062 0 
454 148.67 85.5719 0 
455 158.49 90.5435 0 
456 151.384 102.065 0 
457 153.865 105.816 0 
458 158 116.287 0 
459 152.377 118.683 0 
460 163.016 136.36 0 
461 155.01 141.7 0 
462 154.471 148.998 0 
463 154.359 154.843 0 
464 151.647 168.035 0 
465 160.236 175.708 0 
466 150.159 188.858 0 
467 145.377 192.087 0 
468 144.789 196.508 0 
469 144.497 204.283 0 
470 148.619 216.193 0 
471 148.237 222.127 0 
472 148.001 226.283 0 
473 151.015 247.88 0 
474 151.281 250.483 0 
475 152.997 260.174 0 
476 145.103 266.051 0 
477 155.2 275.66 0 
478 153.334 286.403 0 
479 153.381 292.32 0 
480 144.669 297.487 0 
481 145.797 309.802 0 
482 146.241 315.361 0 
483 142.763 321.548 0 
484 151.181 337.354 0 
485 148.568 340.24 0 
486 154.321 350.466 0 
487 150.451 360.185 0 
488 150.085 365.011 0 
489 150.362 376.235 0 
490 151.55 380.996 0 
491 153.07 393.054 0 
492 149.238 400.338 0 
493 157.514 -5.16351 0 
494 156.146 6.39402 0 
495 157.713 13.7998 0 
496 159.264 29.7736 0 
497 155.174 37.4878 0 
498 163.435 38.5136 0 
499 157.062 49.2622 0 
500 160.66 53.1677 0 
501 162.024 60.4949 0 
502 162.318 68.6127 0 
503 157.694 82.0291 0 
504 162.412 86.2769 0 
505 162.504 88.6648 0 
506 157.651 99.7609 0 
507 165.94 109.221 0 
508 162.95 116.015 0 
509 167.648 129.449 0 
510 168.582 136.801 0 
511 158.879 141.546 0 
512 159.51 158.203 0 
513 159.141 164.336 0 
514 157.359 168.377 0 
515 165.147 176.287 0 
516 168.407 182.723 0 
517 160.164 198 0 
518 159.088 202.2 0 
519 150.882 210.058 0 
520 152.631 218.299 0 
521 151.878 222.815 0 
522 156.346 233.947 0 
523 156.219 238.499 0 
524 156.708 243.158 0 
525 156.12 259.402 0 
526 163.387 263.162 0 
527 156.281 269.97 0 
528 164.567 276.456 0 
529 159.399 301.082 0 
530 155.347 304.812 0 
531 153.486 310.227 0 
532 163.631 320.412 0 
533 162.284 325.363 0 
534 154.457 331.15 0 
535 163.525 349.537 0 
536 159.318 351.306 0 
537 160.316 355.806 0 
538 154.359 371.364 0 
539 155.147 375.518 0 
540 166.305 387.847 0 
541 167 392.932 0 
542 157.514 400.338 0 
543 165.789 -5.16351 0 
544 165.789 3.11203 0 
545 165.789 11.3876 0 
546 165.789 19.6631 0 
547 165.789 27.9387 0 
548 165.789 36.2142 0 
549 165.789 44.4897 0 
550 165.789 52.7653 0 
551 165.789 61.0408 0 
552 165.789 69.3164 0 
553 165.789 77.5919 0 
554 165.789 85.8674 0 
555 168.649 91.5488 0 
556 162.972 98.2397 0 
557 173.617 111.616 0 
558 168.879 112.679 0 
559 178.836 140.569 0 
560 171.774 139.271 0 
561 175.418 147.657 0 
562 164.221 150.349 0 
563 163.743 157.735 0 
564 171.089 172.782 0 
565 170.681 177.143 0 
566 176.452 187.998 0 
567 172.702 188.578 0 
568 168.939 198.203 0 
569 158.528 209.2 0 
570 171.92 215.582 0 
571 172.208 220.801 0 
572 170.025 227.066 0 
573 166.062 235.282 0 
574 162.029 250.346 0 
575 160.759 253.946 0 
576 166.736 262.197 0 
577 162.338 267.952 0 
578 168.858 275.873 0 
579 171.276 287.534 0 
580 174.931 306.65 0 
581 175.724 310.983 0 
582 166.505 317.535 0 
583 172.422 327.023 0 
584 160.234 330.999 0 
585 168.584 342.978 0 
586 166.74 353.449 0 
587 174.459 359.123 0 
588 168.707 361.346 0 
589 170.871 366.478 0 
590 167.501 382.49 0 
591 171.15 391.635 0 
592 165.789 400.338 0 
593 174.065 85.8674 0 
594 179.131 97.2874 0 
595 169.793 98.7423 0 
596 181.443 114.223 0 
597 180.097 121.943 0 
598 183.535 134.177 0 
599 182.446 148.082 0 
600 181.583 151.855 0 
601 186.182 161.887 0 
602 181.791 167.043 0 
603 175.967 172.929 0 
604 174.497 176.753 0 
605 178.975 186.708 0 
606 177.953 190.8 0 
607 172.867 197.985 0 
608 178.618 203.238 0 
609 174.57 210.012 0 
610 177.275 224.648 0 
611 173.105 225.757 0 
612 170.22 234.42 0 
613 175.899 250.932 0 
614 180.317 254.472 0 
615 177.293 258.935 0 
616 183.875 272.466 0 
617 181.364 277.706 0 
618 175.973 281.03 0 
619 177.597 295.942 0 
620 181.226 311.744 0 
621 182.157 317.484 0 
622 182.262 322.267 0 
623 177.822 335.657 0 
624 171.916 339.274 0 
625 178.793 344.625 0 
626 176.898 357.188 0 
627 182.6 366.132 0 
628 178.949 371.025 0 
629 175.901 377.654 0 
630 174.954 385.371 0 
631 174.065 400.338 0 
632 182.34 85.8674 0 
633 183.424 97.8852 0 
634 183.617 105.473 0 
635 186.16 112.296 0 
636 189.438 124.986 0 
637 188.549 128.42 0 
638 186.911 146.26 0 
639 193.37 147.381 0 
640 187.067 155.391 0 
641 192.471 167.124 0 
642 194.602 172.212 0 
643 186.99 178.903 0 
644 184.874 182.986 0 
645 181.781 197.22 0 
646 177.785 198.07 0 
647 182.139 203.954 0 
648 184.76 216.234 0 
649 178.955 216.277 0 
650 185.13 235.773 0 
651 175.956 234.071 0 
652 184.078 252.47 0 
653 185.235 255.038 0 
654 188.481 264.615 0 
655 186.571 268.529 0 
656 190.312 283.347 0 
657 193.785 293.68 0 
658 182.426 296.756 0 
659 187.852 315.312 0 
660 184.786 315.728 0 
661 187.912 329.49 0 
662 182.585 336.626 0 
663 189.833 343.445 0 
664 186.726 346.405 0 
665 183.265 359.128 0 
666 191.181 369.745 0 
667 185.384 370.636 0 
668 186.829 391.383 0 
669 183.854 396.38 0 
670 182.34 400.338 0 
671 190.616 85.8674 0 
672 189.128 88.7956 0 
673 189.453 101.705 0 
674 187.77 108.974 0 
675 195.806 120.206 0 
676 192.868 131.321 0 
677 194.536 134.572 0 
678 194.024 145.65 0 
679 197.496 151.211 0 
680 196.904 162.688 0 
681 201.493 175.748 0 
682 197.991 176.987 0 
683 199.079 185.47 0 
684 187.26 191.783 0 
685 184.869 200.086 0 
686 192.328 208.066 0 
687 188.906 210.342 0 
688 188.139 227.272 0 
689 189.174 235.314 0 
690 186.675 241.843 0 
691 189.656 252.065 0 
692 193.615 258.477 0 
693 199.116 263.137 0 
694 202.025 275.808 0 
695 194.045 282.405 0 
696 200.908 293.29 0 
697 195.46 302.481 0 
698 193.285 305.899 0 
699 192.934 321.288 0 
700 192.332 326.349 0 
701 197.099 334.646 0 
702 191.763 341.6 0 
703 197.666 350.336 0 
704 191.991 350.663 0 
705 193.24 367.472 0 
706 193.757 373.861 0 
707 193.089 376.31 0 
708 194.544 392.21 0 
709 190.616 400.338 0 
710 198.891 -5.16351 0 
711 198.891 3.11203 0 
712 198.891 11.3876 0 
713 198.891 19.6631 0 
714 198.891 27.9387 0 
715 198.891 36.2142 0 
716 198.891 44.4897 0 
717 198.891 52.7653 0 
718 198.891 61.0408 0 
719 198.891 69.3164 0 
720 198.891 77.5919 0 
721 198.891 85.8674 0 
722 197.666 92.5203 0 
723 204.687 109.197 0 
724 200.451 113.675 0 
725 199.798 119.462 0 
726 201.831 121.816 0 
727 201.431 128.673 0 
728 205.028 146.387 0 
729 209.543 156.376 0 
730 200.307 158.575 0 
731 206.354 172.102 0 
732 203.788 186.049 0 
733 202.692 189.084 0 
734 197.881 192.247 0 
735 192.72 195.61 0 
736 200.862 210.633 0 
737 201.423 215.941 0 
738 193.381 223.389 0 
739 190.614 230.284 0 
740 197.426 242.97 0 
741 192.641 245.789 0 
742 204.069 257.069 0 
743 202.095 259.581 0 
744 205.956 276.68 0 
745 211.923 281.752 0 
746 204.404 292.533 0 
747 201.232 301.483 0 
748 199.533 309.7 0 
749 201.429 325.336 0 
750 196.913 326.148 0 
751 205.168 339.907 0 
752 199.792 341.558 0 
753 207.458 351.761 0 
754 198.781 360.421 0 
755 197.288 362.918 0 
756 196.214 368.286 0 
757 197.882 377.452 0 
758 198.512 392.875 0 
759 198.891 400.338 0 
760 207.167 -5.16351 0 
761 206.344 2.34677 0 
762 204.149 11.7894 0 
763 208.748 28.2374 0 
764 208.937 34.3515 0 
765 201.789 33.6407 0 
766 207.458 51.1585 0 
767 205.516 54.1369 0 
768 207.754 56.63 0 
769 206.424 59.9985 0 
770 204.943 79.8287 0 
771 201.636 80.974 0 
772 206.571 92.139 0 
773 215.754 110.457 0 
774 213.838 113.13 0 
775 209.01 118.356 0 
776 206.12 122.423 0 
777 211.43 138.422 0 
778 209.864 142.505 0 
779 213.195 155.543 0 
780 212.426 164.045 0 
781 209.424 166.983 0 
782 213.891 178.751 0 
783 213.248 186.272 0 
784 202.946 195.857 0 
785 208.265 206.62 0 
786 211.075 217.313 0 
787 212.81 223.26 0 
788 207.655 224.394 0 
789 195.375 228.283 0 
790 212.738 246.803 0 
791 207.159 250.026 0 
792 209.087 254.582 0 
793 212.313 271.774 0 
794 211.161 276.374 0 
795 215.302 281.226 0 
796 208.997 293.089 0 
797 216.355 302.398 0 
798 208.999 315.678 0 
799 206.602 318.773 0 
800 205.496 330.449 0 
801 208.239 335.627 0 
802 214.257 348.38 0 
803 212.805 353.57 0 
804 211.491 365.191 0 
805 208.021 372.037 0 
806 205.847 374.725 0 
807 209.887 384.031 0 
808 202.105 384.498 0 
809 207.167 400.338 0 
810 215.442 -5.16351 0 
811 210.721 8.82261 0 
812 206.885 11.7311 0 
813 211.869 25.2948 0 
814 211.931 29.5255 0 
815 213.498 43.8813 0 
816 213.24 50.4182 0 
817 217.503 53.0619 0 
818 215.319 56.2831 0 
819 210.051 66.2441 0 
820 209.186 72.0942 0 
821 213.559 90.1268 0 
822 213.633 94.1029 0 
823 221.882 109.058 0 
824 214.712 112.854 0 
825 222.315 116.678 0 
826 210.527 124.846 0 
827 214.384 132 0 
828 216.498 146.408 0 
829 221.265 161.703 0 
830 221.343 165.48 0 
831 216.316 171.313 0 
832 221.861 184.563 0 
833 216.552 186.919 0 
834 219.151 193.876 0 
835 217.636 208.479 0 
836 212.821 214.644 0 
837 223.962 219.554 0 
838 214.907 230.86 0 
839 212.713 234.208 0 
840 216.003 241.623 0 
841 214.953 251.468 0 
842 220.311 256.301 0 
843 219.085 269.535 0 
844 220.44 276.954 0 
845 218.771 280.009 0 
846 216.884 293.234 0 
847 218.275 298.244 0 
848 221.984 307.058 0 
849 216.447 319.126 0 
850 213.129 321.432 0 
851 221.759 339.043 0 
852 223.686 346.714 0 
853 215.134 352.597 0 
854 219.252 354.691 0 
855 218.976 369.036 0 
856 212.663 374.099 0 
857 221.192 389.913 0 
858 217.051 394.862 0 
859 215.442 400.338 0 
860 223.718 -5.16351 0 
861 214.666 7.56485 0 
862 219.731 14.1269 0 
863 212.961 17.3051 0 
864 219.857 28.6693 0 
865 217.432 35.6536 0 
866 219.008 42.2947 0 
867 222.553 52.6251 0 
868 228.413 61.6406 0 
869 219.206 64.5593 0 
870 217.478 66.4074 0 
871 219.258 90.1712 0 
872 227.333 96.9733 0 
873 221.638 99.9681 0 
874 228.394 113.396 0 
875 225.098 116.286 0 
876 222.498 122.244 0 
877 230.013 137.232 0 
878 220.158 138.741 0 
879 224.004 158.413 0 
880 224.347 161.342 0 
881 224.537 167.663 0 
882 226.798 178.113 0 
883 227.318 193.381 0 
884 231.372 202.065 0 
885 223.071 205.343 0 
886 227.644 211.421 0 
887 230.95 218.629 0 
888 222.055 229.444 0 
889 218.123 233.641 0 
890 230.501 249.733 0 
891 224.676 251.871 0 
892 222.507 254.571 0 
893 223.76 268.322 0 
894 230.155 279.967 0 
895 223.013 281.309 0 
896 228.353 295.174 0 
897 222.643 298.61 0 
898 228.606 313.435 0 
899 225.563 314.846 0 
900 221.922 323.477 0 
901 228.043 339.207 0 
902 228.131 346.807 0 
903 224.196 351.664 0 
904 222.449 353.516 0 
905 224.591 359.982 0 
906 227.204 373.756 0 
907 223.939 377.359 0 
908 226.787 393.14 0 
909 223.718 400.338 0 
910 231.993 -5.16351 0 
911 239.347 4.40874 0 
912 235.875 13.7955 0 
913 225.922 20.9121 0 
914 234.65 30.2827 0 
915 223.534 33.8537 0 
916 230.441 48.8264 0 
917 230.938 53.587 0 
918 229.316 55.7064 0 
919 238.939 69.4086 0 
920 224.643 71.7556 0 
921 226.969 77.9341 0 
922 227.467 84.2197 0 
923 237.2 102.697 0 
924 231.39 106.418 0 
925 237.125 124.494 0 
926 234.751 129.455 0 
927 238.162 141.397 0 
928 238.954 146.003 0 
929 229.276 149.832 0 
930 226.769 164.4 0 
931 226.557 165.659 0 
932 228.903 170.372 0 
933 232.252 183.484 0 
934 235.169 194.036 0 
935 235.914 209.968 0 
936 239.533 215.538 0 
937 239.358 218.768 0 
938 228.541 230.733 0 
939 235.737 240.851 0 
940 233.946 244.565 0 
941 236.875 263.647 0 
942 232.916 266.789 0 
943 229.672 270.926 0 
944 232.764 277.447 0 
945 231.993 284.48 0 
946 231.993 292.756 0 
947 231.993 301.031 0 
948 231.993 309.307 0 
949 231.993 317.583 0 
950 231.993 325.858 0 
951 231.993 334.134 0 
952 231.993 342.409 0 
953 231.993 350.685 0 
954 231.993 358.96 0 
955 231.993 367.236 0 
956 231.993 375.511 0 
957 231.993 383.787 0 
958 231.993 392.062 0 
959 231.993 400.338 0 
960 240.269 -5.16351 0 
961 243.186 5.28245 0 
962 239.563 12.734 0 
963 244.684 25.6857 0 
964 239.029 29.4783 0 
965 247.363 38.7572 0 
966 244.969 45.099 0 
967 248.185 48.904 0 
968 240.31 58.6143 0 
969 247.697 69.4558 0 
970 241.615 77.6767 0 
971 243.445 83.8024 0 
972 243.756 89.2608 0 
973 244.789 103.459 0 
974 242.58 108.87 0 
975 241.706 121.872 0 
976 238.008 129.277 0 
977 244.386 137.499 0 
978 240.566 143.703 0 
979 242.881 152.859 0 
980 232.494 156.276 0 
981 230.227 163.843 0 
982 238.015 172.376 0 
983 242.726 189.801 0 
984 243.19 195.503 0 
985 240.306 197.655 0 
986 242.118 213.577 0 
987 244.682 224.973 0 
988 242.429 227.043 0 
989 243.854 243.631 0 
990 239.42 246.01 0 
991 240.967 260.963 0 
992 242.982 265.768 0 
993 242.59 268.302 0 
994 240.165 281.403 0 
995 240.269 284.48 0 
996 248.544 -5.16351 0 
997 246.512 1.03315 0 
998 249.413 15.9918 0 
999 254.658 22.5845 0 
1000 248.67 30.9634 0 
1001 247.96 33.3229 0 
1002 252.626 42.2268 0 
1003 252.313 48.8396 0 
1004 248.647 55.7803 0 
1005 255.511 70.5633 0 
1006 251.412 79.6277 0 
1007 247.331 82.4355 0 
1008 251.711 98.4865 0 
1009 248.848 102.644 0 
1010 246.323 117.891 0 
1011 244.352 120.907 0 
1012 249.941 132.634 0 
1013 257.896 140.882 0 
1014 243.436 143.989 0 
1015 247.806 152.559 0 
1016 247.458 163.486 0 
1017 244.028 169.127 0 
1018 243.055 173.485 0 
1019 248.29 193.718 0 
1020 249.449 198.934 0 
1021 250.794 207.771 0 
1022 245.813 210.95 0 
1023 248.88 215.324 0 
1024 252.144 233.241 0 
1025 248.874 234.499 0 
1026 256.274 254.429 0 
1027 244.412 255.586 0 
1028 246.022 263.252 0 
1029 246.983 271.987 0 
1030 246.084 276.17 0 
1031 248.544 284.48 0 
1032 256.82 -5.16351 0 
1033 253.41 -2.12628 0 
1034 260.128 17.1111 0 
1035 255.641 19.6799 0 
1036 262.29 25.7457 0 
1037 257.497 31.9458 0 
1038 264.173 37.4662 0 
1039 255.328 53.0459 0 
1040 253.602 53.6825 0 
1041 262.522 73.3233 0 
1042 256.403 81.4664 0 
1043 258.27 94.769 0 
1044 254.492 96.2208 0 
1045 260.214 116.565 0 
1046 255.162 117.027 0 
1047 248.576 121.028 0 
1048 254.076 132.302 0 
1049 260.495 138.468 0 
1050 259.558 148.33 0 
1051 264.07 155.552 0 
1052 258.242 163.183 0 
1053 248.193 168.578 0 
1054 256.936 175.574 0 
1055 252.511 190.956 0 
1056 253.669 193.495 0 
1057 254.666 198.632 0 
1058 257.34 213.56 0 
1059 257.521 217.686 0 
1060 257.225 222.884 0 
1061 259.848 242.124 0 
1062 262.621 250.535 0 
1063 259.842 262.515 0 
1064 254.759 266.482 0 
1065 262.82 276.483 0 
1066 263.174 280.84 0 
1067 256.82 284.48 0 
1068 265.096 -5.16351 0 
1069 264.18 6.97272 0 
1070 267.123 14.1103 0 
1071 265.344 20.6703 0 
1072 268.448 26.4267 0 
1073 269.934 34.2211 0 
1074 269.11 36.8068 0 
1075 266.54 52.9959 0 
1076 259.139 56.1593 0 
1077 265.01 68.7668 0 
1078 268.11 74.5878 0 
1079 267.35 80.5461 0 
1080 266.586 105.008 0 
1081 265.852 112.038 0 
1082 263.349 121.26 0 
1083 264.055 125.239 0 
1084 259.495 131.238 0 
1085 271.038 137.754 0 
1086 270.801 140.433 0 
1087 270.507 154.95 0 
1088 270.34 158.267 0 
1089 263.92 170.258 0 
1090 265.211 175.003 0 
1091 260.435 182.501 0 
1092 259.162 192.373 0 
1093 266 199.281 0 
1094 261.051 216.178 0 
1095 264.122 226.956 0 
1096 264.948 234.592 0 
1097 265.726 244.397 0 
1098 266.19 248.305 0 
1099 271.54 262.035 0 
1100 269.3 267.857 0 
1101 266.836 274.932 0 
1102 265.682 282.71 0 
1103 265.096 284.48 0 
1104 273.371 -5.16351 0 
1105 273.371 3.11203 0 
1106 273.371 11.3876 0 
1107 273.371 19.6631 0 
1108 273.371 27.9387 0 
1109 273.371 36.2142 0 
1110 273.371 44.4897 0 
1111 273.371 52.7653 0 
1112 273.371 61.0408 0 
1113 273.371 69.3164 0 
1114 273.371 77.5919 0 
1115 273.371 85.8674 0 
1116 273.371 94.143 0 
1117 273.371 102.419 0 
1118 273.371 110.694 0 
1119 273.371 118.97 0 
1120 273.371 127.245 0 
1121 273.371 135.521 0 
1122 273.371 143.796 0 
1123 273.371 152.072 0 
1124 273.371 160.347 0 
1125 273.371 168.623 0 
1126 273.371 176.898 0 
1127 273.371 185.174 0 
1128 273.371 193.449 0 
1129 273.371 201.725 0 
1130 272.906 205.797 0 
1131 268.377 225.297 0 
1132 277.279 240.501 0 
1133 277.398 246.217 0 
1134 278.917 257.05 0 
1135 277.891 259.923 0 
1136 271.607 266.749 0 
1137 278.168 267.66 0 
1138 271.705 282.435 0 
1139 273.371 284.48 0 
1140 281.647 201.725 0 
1141 277.211 214.578 0 
1142 277.291 218.461 0 
1143 280.161 236.602 0 
1144 281.084 245.546 0 
1145 285.151 250.689 0 
1146 285.15 256.32 0 
1147 281.091 262.92 0 
1148 280.536 265.924 0 
1149 282.434 275.387 0 
1150 281.647 284.48 0 
1151 289.922 201.725 0 
1152 291.89 206.558 0 
1153 291.612 228.022 0 
1154 284.931 228.83 0 
1155 286.794 232.535 0 
1156 287.871 249.514 0 
1157 288.822 255.6 0 
1158 296.301 262.435 0 
1159 290.188 269.757 0 
1160 284.23 271.03 0 
1161 289.922 284.48 0 
1162 298.198 201.725 0 
1163 299.999 210.23 0 
1164 297.11 223.539 0 
1165 298.255 235.045 0 
1166 294.513 237.493 0 
1167 294.765 254.572 0 
1168 295.025 257.016 0 
1169 300.364 262.185 0 
1170 300.545 265.052 0 
1171 296.907 279.574 0 
1172 298.198 284.48 0 
1173 306.473 201.725 0 
1174 312.436 205.356 0 
1175 301.763 223.527 0 
1176 305.004 226.627 0 
1177 304.279 238.122 0 
1178 301.955 240.694 0 
1179 302.317 257.206 0 
1180 309.154 263.271 0 
1181 304.278 268.742 0 
1182 301.092 279.711 0 
1183 306.473 284.48 0 
1184 314.749 201.725 0 
1185 316.017 205.034 0 
1186 315.942 216.608 0 
1187 309.582 226.661 0 
1188 308.436 234.893 0 
1189 314.647 248.557 0 
1190 312.875 254.925 0 
1191 314.349 262.868 0 
1192 313.736 264.279 0 
1193 305.337 276.283 0 
1194 314.749 284.48 0 
1195 323.024 201.725 0 
1196 319.667 208.266 0 
1197 319.981 216.492 0 
1198 325.532 221.654 0 
1199 315.271 236.93 0 
1200 322.219 243.737 0 
1201 321.943 247.131 0 
1202 316.985 264.979 0 
1203 315.003 267.707 0 
1204 311.356 274.839 0 
1205 323.024 284.48 0 
1206 331.3 201.725 0 
1207 323.33 207.294 0 
1208 332.782 219.664 0 
1209 330.881 221.895 0 
1210 330.362 238.86 0 
1211 326.529 242.097 0 
1212 325.795 253.612 0 
1213 322.172 264.826 0 
1214 327.857 270.544 0 
1215 320.304 274.362 0 
1216 331.3 284.48 0 
1217 339.576 201.725 0 
1218 335.293 215.467 0 
1219 339.263 221.455 0 
1220 338.557 235.274 0 
1221 335.637 237.15 0 
1222 341.232 246.802 0 
1223 332.346 249.473 0 
1224 340.105 263.689 0 
1225 332.827 268.764 0 
1226 342.899 280.398 0 
1227 339.576 284.48 0 
1228 347.851 201.725 0 
1229 349.446 205.171 0 
1230 348.583 225.181 0 
1231 352.734 229.364 0 
1232 346.545 238.517 0 
1233 343.23 241.112 0 
1234 351.454 253.149 0 
1235 347.116 255.568 0 
1236 348.007 267.035 0 
1237 342.94 274.521 0 
1238 347.851 284.48 0 
1239 356.127 201.725 0 
1240 356.127 210.001 0 
1241 356.127 218.276 0 
1242 356.127 226.552 0 
1243 356.127 234.827 0 
1244 356.127 243.103 0 
1245 356.127 251.378 0 
1246 356.127 259.654 0 
1247 356.127 267.929 0 
1248 356.127 276.205 0 
1249 356.127 284.48 0 
