0 0.278314 201.725 0 
1 0.278314 210.001 0 
2 0.278314 218.276 0 
3 0.278314 226.552 0 
4 0.278314 234.827 0 
5 0.278314 243.103 0 
6 0.278314 251.378 0 
7 0.278314 259.654 0 
8 0.278314 267.929 0 
9 0.278314 276.205 0 
10 0.278314 284.48 0 
11 8.55385 201.725 0 
12 26.0356 219.33 0 
13 26.807 227.261 0 
14 27.1131 233.189 0 
15 22.2983 237.04 0 
16 24.9486 239.953 0 
17 25.8529 243.46 0 
18 28.5137 246.459 0 
19 28.3731 255.069 0 
20 24.1795 262.619 0 
21 8.55385 284.48 0 
22 16.8294 201.725 0 
23 27.8034 213.029 0 
24 33.4517 218.817 0 
25 32.2521 228.564 0 
26 31.8391 237.097 0 
27 34.1646 239.323 0 
28 37.5623 243.927 0 
29 41.8934 250.415 0 
30 41.0651 252.836 0 
31 35.4051 267.954 0 
32 16.8294 284.48 0 
33 25.1049 201.725 0 
34 33.1222 210.848 0 
35 35.6942 218.132 0 
36 37.2536 226.555 0 
37 38.9393 233.673 0 
38 42.6913 238.937 0 
39 47.0909 245.124 0 
40 49.002 250.934 0 
41 47.6259 257.635 0 
42 41.771 272.527 0 
43 25.1049 284.48 0 
44 33.3805 201.725 0 
45 36.2123 208.955 0 
46 39.6729 218.615 0 
47 43.2537 226.322 0 
48 45.6063 232.112 0 
49 50.1301 240.073 0 
50 53.0673 245.728 0 
51 55.6763 254.571 0 
52 54.0855 262.816 0 
53 47.0931 274.865 0 
54 33.3805 284.48 0 
55 41.656 201.725 0 
56 41.9202 209.86 0 
57 46.4721 218.414 0 
58 48.8906 226.406 0 
59 52.1939 232.808 0 
60 55.6042 240.416 0 
61 58.0231 247.782 0 
62 60.2075 257.016 0 
63 58.45 264.119 0 
64 52.0194 276.487 0 
65 41.656 284.48 0 
66 49.9316 201.725 0 
67 50.9494 211.05 0 
68 53.4804 219.568 0 
69 56.2591 226.339 0 
70 57.7422 233.934 0 
71 60.4817 241.276 0 
72 62.453 248.586 0 
73 64.3366 257.73 0 
74 62.8085 264.2 0 
75 60.0606 275.213 0 
76 49.9316 284.48 0 
77 58.2071 201.725 0 
78 60.2724 213.693 0 
79 62.0372 220.831 0 
80 63.5253 227.426 0 
81 64.9491 233.674 0 
82 65.9291 240.241 0 
83 68.7535 250.492 0 
84 68.9483 258.658 0 
85 69.3063 263.483 0 
86 67.3804 273.279 0 
87 58.2071 284.48 0 
88 66.4826 201.725 0 
89 70.1647 216.313 0 
90 71.4244 221.186 0 
91 71.5471 228.56 0 
92 73.1546 234.102 0 
93 75.4187 243.036 0 
94 76.1734 249.552 0 
95 75.3618 256.681 0 
96 75.449 265.858 0 
97 75.2486 271.498 0 
98 66.4826 284.48 0 
99 74.7582 201.725 0 
100 79.9761 217.13 0 
101 78.7423 222.436 0 
102 80.6631 229.133 0 
103 80.894 234.626 0 
104 82.1486 241.483 0 
105 83.2052 249.175 0 
106 84.213 254.812 0 
107 84.4572 263.856 0 
108 84.6601 268.032 0 
109 74.7582 284.48 0 
110 83.0337 201.725 0 
111 88.6001 217.72 0 
112 89.3826 222.615 0 
113 90.5811 227.735 0 
114 89.3528 234.318 0 
115 90.7632 242.496 0 
116 91.4393 250.277 0 
117 93.5536 256.155 0 
118 93.439 264.078 0 
119 93.1081 268.622 0 
120 83.0337 284.48 0 
121 91.3093 -5.16351 0 
122 91.3093 3.11203 0 
123 91.3093 11.3876 0 
124 91.3093 19.6631 0 
125 91.3093 27.9387 0 
126 91.3093 36.2142 0 
127 91.3093 44.4897 0 
128 91.3093 52.7653 0 
129 91.3093 61.0408 0 
130 91.3093 69.3164 0 
131 91.3093 77.5919 0 
132 91.3093 85.8674 0 
133 91.3093 94.143 0 
134 91.3093 102.419 0 
135 91.3093 110.694 0 
136 91.3093 118.97 0 
137 91.3093 127.245 0 
138 91.3093 135.521 0 
139 91.3093 143.796 0 
140 91.3093 152.072 0 
141 91.3093 160.347 0 
142 91.3093 168.623 0 
143 91.3093 176.898 0 
144 91.3093 185.174 0 
145 91.3093 193.449 0 
146 91.3093 201.725 0 
147 95.4849 213.638 0 
148 97.7939 220.596 0 
149 98.0932 226.521 0 
150 99.1988 234.01 0 
151 100.056 242.194 0 
152 101.451 252.053 0 
153 102.616 255.91 0 
154 103.552 262.862 0 
155 101.79 269.625 0 
156 91.3093 284.48 0 
157 99.5848 -5.16351 0 
158 109.13 18.3936 0 
159 105.5 27.6182 0 
160 103.666 33.9271 0 
161 103.627 40.0691 0 
162 101.726 44.356 0 
163 104.772 55.1472 0 
164 109.362 64.4973 0 
165 108.585 70.331 0 
166 112.053 80.0643 0 
167 113.584 87.7813 0 
168 115.072 97.3608 0 
169 112.782 101.373 0 
170 113.147 111.286 0 
171 113.975 119.562 0 
172 114.761 127.567 0 
173 115.702 134.624 0 
174 113.184 142.25 0 
175 113.464 150.87 0 
176 112.372 156.318 0 
177 113.651 165.627 0 
178 113.016 172.251 0 
179 113.572 179.098 0 
180 111.826 186.415 0 
181 110.385 193.326 0 
182 111.196 205.664 0 
183 105.375 211.195 0 
184 105.713 218.006 0 
185 107.416 225.901 0 
186 107.849 234.705 0 
187 108.906 242.71 0 
188 109.985 252.008 0 
189 109.931 257.17 0 
190 112.529 266.353 0 
191 109.521 271.06 0 
192 99.5848 284.48 0 
193 107.86 -5.16351 0 
194 115.431 15.4016 0 
195 114.678 33.7318 0 
196 112.338 37.5934 0 
197 112.273 42.13 0 
198 113.48 46.0675 0 
199 115.085 56.4926 0 
200 117.06 64.6281 0 
201 117.482 70.7106 0 
202 119.601 78.9698 0 
203 118.497 87.5582 0 
204 119.826 96.8354 0 
205 120.111 102.626 0 
206 120.191 110.072 0 
207 120.685 120.117 0 
208 120.086 128.454 0 
209 120.324 135.518 0 
210 119.828 142.586 0 
211 120.675 149.201 0 
212 119.721 156.778 0 
213 120.085 164.024 0 
214 119.666 173.252 0 
215 119.926 179.034 0 
216 119.137 185.622 0 
217 117.912 193.364 0 
218 117.619 204.02 0 
219 115.778 210.589 0 
220 114.666 217.848 0 
221 113.946 227.139 0 
222 114.727 234.212 0 
223 115.343 241.755 0 
224 116.185 250.332 0 
225 115.425 256.391 0 
226 116.426 265.466 0 
227 111.712 273.235 0 
228 107.86 284.48 0 
229 107.86 292.756 0 
230 107.86 301.031 0 
231 107.86 309.307 0 
232 107.86 317.583 0 
233 107.86 325.858 0 
234 107.86 334.134 0 
235 107.86 342.409 0 
236 107.86 350.685 0 
237 107.86 358.96 0 
238 107.86 367.236 0 
239 107.86 375.511 0 
240 107.86 383.787 0 
241 107.86 392.062 0 
242 107.86 400.338 0 
243 116.136 -5.16351 0 
244 121.474 18.1325 0 
245 120.694 27.8054 0 
246 119.447 36.0931 0 
247 120.141 43.1093 0 
248 122.058 47.9442 0 
249 124.089 57.0515 0 
250 124.396 65.3054 0 
251 124.775 70.016 0 
252 124.541 78.7637 0 
253 125.678 86.3139 0 
254 125.97 95.8018 0 
255 125.54 104.708 0 
256 126.258 111.395 0 
257 126.219 120.667 0 
258 126.112 129.83 0 
259 126.279 135.259 0 
260 125.381 143.416 0 
261 126.919 151.108 0 
262 126.595 156.842 0 
263 126.116 165.166 0 
264 125.701 172.969 0 
265 125.663 179.55 0 
266 126.274 185.602 0 
267 124.899 195.017 0 
268 124.887 203.196 0 
269 123.433 209.905 0 
270 122.248 215.665 0 
271 121.892 224.862 0 
272 122.171 233.094 0 
273 123.386 242.98 0 
274 123.519 246.885 0 
275 123.998 254.346 0 
276 122.221 262.04 0 
277 119.445 270.118 0 
278 118.943 279.229 0 
279 122.738 281.201 0 
280 127.202 287.219 0 
281 128.039 296.663 0 
282 125.824 306.626 0 
283 120.428 318.673 0 
284 118.7 324.81 0 
285 116.845 331.648 0 
286 117.059 336.453 0 
287 118.504 339.122 0 
288 118.087 349.878 0 
289 120.276 352.725 0 
290 125.496 361.684 0 
291 128.194 375.517 0 
292 116.136 400.338 0 
293 124.411 -5.16351 0 
294 126.316 20.7296 0 
295 125.532 27.8937 0 
296 128.307 37.1739 0 
297 129.235 43.7957 0 
298 130.049 49.529 0 
299 130.307 56.7643 0 
300 131.495 63.7576 0 
301 131.423 70.2424 0 
302 131.411 77.0794 0 
303 131.183 86.843 0 
304 132.828 96.5281 0 
305 132.32 105.724 0 
306 131.765 113.989 0 
307 131.999 120.564 0 
308 132.629 130.662 0 
309 132.747 136.417 0 
310 133.06 143.361 0 
311 132.341 152.342 0 
312 133.432 158.785 0 
313 133.616 164.639 0 
314 132.839 173.164 0 
315 132.727 179.361 0 
316 132.651 187.344 0 
317 132.803 193.748 0 
318 131.46 203.387 0 
319 131.13 209.359 0 
320 130 216.181 0 
321 129.715 225.521 0 
322 130.704 232.643 0 
323 130.845 241.893 0 
324 130.693 245.756 0 
325 129.339 255.581 0 
326 129.284 261.208 0 
327 127.32 268.367 0 
328 125.351 273.212 0 
329 124.781 277.93 0 
330 129.362 285.126 0 
331 131.555 296.666 0 
332 131.626 301.852 0 
333 129.958 313.524 0 
334 128.157 321.178 0 
335 128.356 324.956 0 
336 127.667 329.155 0 
337 128.014 334.776 0 
338 133.119 340.057 0 
339 133.76 345.036 0 
340 132.752 354.011 0 
341 140.908 371.99 0 
342 124.411 400.338 0 
343 132.687 -5.16351 0 
344 130.779 20.3259 0 
345 133.284 31.9866 0 
346 135.1 38.9598 0 
347 136.99 44.7339 0 
348 137.701 50.1184 0 
349 138.141 57.2217 0 
350 137.712 64.0657 0 
351 138.162 70.8435 0 
352 138.469 76.07 0 
353 137.862 86.167 0 
354 137.798 95.9456 0 
355 138.102 105.973 0 
356 138.437 114.078 0 
357 137.804 121.175 0 
358 137.506 131.683 0 
359 138.64 135.82 0 
360 139.124 144.066 0 
361 139.698 151.82 0 
362 139.745 158.617 0 
363 139.92 165.779 0 
364 139.917 173.838 0 
365 139.46 180.649 0 
366 139.763 186.035 0 
367 138.993 195.649 0 
368 139.193 201.331 0 
369 138.472 209.347 0 
370 137.427 215.425 0 
371 137.637 226.101 0 
372 138.435 233.347 0 
373 138.457 239.962 0 
374 137.333 245.781 0 
375 135.833 252.802 0 
376 134.979 261.269 0 
377 135.513 268.603 0 
378 134.532 274.232 0 
379 134.427 279.341 0 
380 134.964 288.187 0 
381 137.126 294.364 0 
382 137.932 302.652 0 
383 137.638 312.292 0 
384 136.837 318.595 0 
385 137.23 322.886 0 
386 138.219 327.892 0 
387 140.285 333.548 0 
388 142.221 338.307 0 
389 143.323 348.251 0 
390 143.898 357.597 0 
391 149.851 368.791 0 
392 132.687 400.338 0 
393 140.962 -5.16351 0 
394 135.897 24.035 0 
395 141.555 36.5879 0 
396 142.542 42.0851 0 
397 145.039 47.3773 0 
398 146.3 50.7612 0 
399 144.915 57.405 0 
400 146.002 60.451 0 
401 145.114 68.3923 0 
402 143.317 77.775 0 
403 143.944 83.7858 0 
404 143.504 98.2693 0 
405 144.271 104.733 0 
406 144.239 114.121 0 
407 144.999 119.802 0 
408 144.904 130.314 0 
409 144.798 139.138 0 
410 146.484 144.925 0 
411 146.49 151.918 0 
412 146.63 159.545 0 
413 146.524 165.279 0 
414 146.22 174.485 0 
415 146.595 180.09 0 
416 145.696 187.161 0 
417 146.373 194.572 0 
418 146.428 201.757 0 
419 146.55 208.338 0 
420 146.188 215.053 0 
421 145.89 226.521 0 
422 145.775 233.178 0 
423 145.139 238.618 0 
424 144.416 244.539 0 
425 144.11 251.954 0 
426 143.979 260.845 0 
427 144.001 269.107 0 
428 142.57 274.727 0 
429 142.059 281.055 0 
430 142.974 285.947 0 
431 143.612 295.315 0 
432 144.35 303.801 0 
433 143.588 312.801 0 
434 144.155 317.648 0 
435 144.726 323.119 0 
436 146.026 329.053 0 
437 148.48 335.242 0 
438 150.194 342.847 0 
439 151.193 350.799 0 
440 153.078 359.218 0 
441 155.866 369.938 0 
442 140.962 400.338 0 
443 149.238 -5.16351 0 
444 141.319 22.9105 0 
445 150.342 35.58 0 
446 151.115 43.7778 0 
447 152.556 46.4932 0 
448 153.212 50.2356 0 
449 153.783 53.0195 0 
450 152.96 59.4722 0 
451 151.522 66.2165 0 
452 150.333 75.4569 0 
453 150.277 85.3593 0 
454 150.699 93.9754 0 
455 149.666 106.599 0 
456 150.508 114.793 0 
457 150.866 120.466 0 
458 152.84 130.571 0 
459 153.109 138.218 0 
460 152.713 145.948 0 
461 152.85 152.961 0 
462 152.856 159.978 0 
463 153.825 165.863 0 
464 154.068 173.282 0 
465 153.465 180.306 0 
466 153.979 186.864 0 
467 153.358 194.711 0 
468 153.398 201.555 0 
469 152.521 209.039 0 
470 153.104 215.355 0 
471 152.524 226.411 0 
472 151.655 232.654 0 
473 151.022 239.139 0 
474 150.825 243.622 0 
475 152.525 253.844 0 
476 151.099 260.822 0 
477 149.714 268.634 0 
478 150.632 274.179 0 
479 149.505 281.673 0 
480 150.962 288.53 0 
481 151.534 296.713 0 
482 151.863 301.905 0 
483 150.651 310.008 0 
484 151.338 317.594 0 
485 151.655 324.26 0 
486 153.017 332.07 0 
487 154.957 337.711 0 
488 156.374 344.683 0 
489 157.671 354.398 0 
490 159.926 362.69 0 
491 161.879 372.622 0 
492 149.238 400.338 0 
493 157.514 -5.16351 0 
494 148.547 18.5347 0 
495 154.654 30.2538 0 
496 158.987 34.8464 0 
497 159.799 39.7347 0 
498 160.042 43.3586 0 
499 159.376 48.8708 0 
500 157.654 56.2056 0 
501 157.536 62.8159 0 
502 155.365 73.5511 0 
503 156.044 83.2266 0 
504 156.403 93.1833 0 
505 156.778 101.608 0 
506 156.039 114.189 0 
507 157.692 124.656 0 
508 159.284 131.736 0 
509 160.192 138.907 0 
510 160.125 144.562 0 
511 159.861 152.433 0 
512 160.105 159.778 0 
513 160.514 167.133 0 
514 160.659 175.422 0 
515 160.717 179.848 0 
516 161.273 188.686 0 
517 160.987 194.774 0 
518 160.366 202.402 0 
519 160.478 206.836 0 
520 159.582 217.221 0 
521 159.398 222.934 0 
522 159.121 231.648 0 
523 159.649 239.022 0 
524 159.831 244.754 0 
525 158.408 253.66 0 
526 158.72 259.042 0 
527 157.518 268.575 0 
528 156.785 275.418 0 
529 158.248 281.943 0 
530 157.195 289.115 0 
531 157.753 295.666 0 
532 157.107 303.066 0 
533 158.551 310.851 0 
534 158.554 318.578 0 
535 158.834 325.438 0 
536 160.061 331.435 0 
537 160.536 341.851 0 
538 162.405 349.817 0 
539 163.671 355.684 0 
540 165.436 366.231 0 
541 165.794 375.293 0 
542 157.514 400.338 0 
543 165.789 -5.16351 0 
544 165.789 3.11203 0 
545 165.789 11.3876 0 
546 165.789 19.6631 0 
547 165.789 27.9387 0 
548 165.789 36.2142 0 
549 165.789 44.4897 0 
550 165.789 52.7653 0 
551 165.789 61.0408 0 
552 165.789 69.3164 0 
553 165.789 77.5919 0 
554 165.789 85.8674 0 
555 162.024 102.876 0 
556 162.705 116.796 0 
557 163.62 124.446 0 
558 165.053 132.756 0 
559 166.898 139.462 0 
560 166.991 144.839 0 
561 167.174 152.255 0 
562 167.869 159.579 0 
563 167.981 167.76 0 
564 167.87 174.075 0 
565 167.438 181.122 0 
566 167.434 189.434 0 
567 167.456 194.416 0 
568 167.065 201.323 0 
569 167.48 207.506 0 
570 167.277 215.979 0 
571 167.198 223.381 0 
572 166.792 231.372 0 
573 166.656 238.273 0 
574 167.205 245.645 0 
575 166.282 250.367 0 
576 164.768 259.66 0 
577 164.598 267.073 0 
578 164.636 276.368 0 
579 164.946 281.268 0 
580 165.136 289.569 0 
581 164.091 296.287 0 
582 165.048 303.351 0 
583 165.322 310.685 0 
584 166.202 320.155 0 
585 167.425 325.794 0 
586 166.392 335.2 0 
587 167.92 343.63 0 
588 168.022 350.731 0 
589 168.256 358.216 0 
590 168.857 368.976 0 
591 169.583 378.97 0 
592 165.789 400.338 0 
593 174.065 85.8674 0 
594 167.31 111.846 0 
595 167.977 120.835 0 
596 170.436 126.257 0 
597 172.442 132.055 0 
598 173.282 139.76 0 
599 174.083 145.191 0 
600 174.659 151.46 0 
601 174.681 159.498 0 
602 175.054 166.247 0 
603 174.986 172.842 0 
604 174.69 180.486 0 
605 174.473 187.392 0 
606 174.495 195.244 0 
607 175.086 201.798 0 
608 175.453 207.624 0 
609 175.387 214.967 0 
610 174.578 224.649 0 
611 174.911 231.623 0 
612 174.658 238.99 0 
613 174.873 245.559 0 
614 174.005 249.552 0 
615 172.652 257.988 0 
616 172.004 265.185 0 
617 171.781 274.898 0 
618 172.261 280.496 0 
619 172.355 288.001 0 
620 170.837 296.982 0 
621 171.363 303.609 0 
622 171.202 313.723 0 
623 173.074 321.59 0 
624 173.766 329.801 0 
625 174.983 336.085 0 
626 175.497 344.527 0 
627 174.383 352.36 0 
628 173.416 359.136 0 
629 173.253 370.066 0 
630 172.454 378.254 0 
631 174.065 400.338 0 
632 182.34 85.8674 0 
633 177.236 115.284 0 
634 177.951 120.037 0 
635 178.948 126.337 0 
636 180.35 133.243 0 
637 181.079 139.333 0 
638 181.562 145.616 0 
639 182.344 151.017 0 
640 182.498 159.153 0 
641 182.007 166.13 0 
642 181.791 174.04 0 
643 181.771 180.149 0 
644 181.833 188.269 0 
645 182.374 195.291 0 
646 182.04 202.339 0 
647 182.096 209.638 0 
648 182.39 216.755 0 
649 182.689 222.551 0 
650 181.92 231.268 0 
651 181.075 239.556 0 
652 181.58 244.01 0 
653 180.789 249.772 0 
654 179.472 258.343 0 
655 179.445 265.058 0 
656 178.254 273.107 0 
657 176.942 283.719 0 
658 178.723 287.624 0 
659 179.301 295.206 0 
660 178.347 303.581 0 
661 179.175 313.432 0 
662 179.688 323.09 0 
663 180.762 332.128 0 
664 179.99 338.239 0 
665 180.794 344.846 0 
666 180.437 352.353 0 
667 179.387 360.743 0 
668 177.21 368.671 0 
669 174.827 379.931 0 
670 182.34 400.338 0 
671 190.616 85.8674 0 
672 192.963 116.502 0 
673 189.448 120.799 0 
674 188.55 127.245 0 
675 188.369 134.001 0 
676 188.495 138.766 0 
677 188.287 145.88 0 
678 188.375 152.464 0 
679 189.418 159.786 0 
680 189.885 166.419 0 
681 188.647 174.341 0 
682 189.159 182.088 0 
683 189.521 188.361 0 
684 189.24 194.267 0 
685 189.805 201.287 0 
686 189.499 209.918 0 
687 189.835 215.537 0 
688 189.647 223.63 0 
689 189.034 231.476 0 
690 188.464 237.305 0 
691 186.876 243.764 0 
692 186.32 252.899 0 
693 187.747 258.527 0 
694 185.743 265.6 0 
695 186.324 272.504 0 
696 185.191 280.825 0 
697 184.949 288.433 0 
698 186.827 297.311 0 
699 186.136 305.741 0 
700 186.882 314.187 0 
701 187.694 323.356 0 
702 188.37 332.458 0 
703 189.371 340.425 0 
704 187.337 345.835 0 
705 185.955 353.339 0 
706 184.38 360.542 0 
707 180.785 369.34 0 
708 177.483 379.553 0 
709 190.616 400.338 0 
710 198.891 -5.16351 0 
711 198.891 3.11203 0 
712 198.891 11.3876 0 
713 198.891 19.6631 0 
714 198.891 27.9387 0 
715 198.891 36.2142 0 
716 198.891 44.4897 0 
717 198.891 52.7653 0 
718 198.891 61.0408 0 
719 198.891 69.3164 0 
720 198.891 77.5919 0 
721 198.891 85.8674 0 
722 204.189 114.283 0 
723 199.923 119.539 0 
724 197.522 126.858 0 
725 197.005 132.178 0 
726 195.567 138.445 0 
727 196.469 145.187 0 
728 196.912 154.371 0 
729 196.476 161.42 0 
730 196.636 167.344 0 
731 197.061 172.122 0 
732 196.237 182.534 0 
733 196.814 187.658 0 
734 197.739 194.343 0 
735 197.488 202.011 0 
736 197.398 208.825 0 
737 196.973 216.326 0 
738 197.236 224.668 0 
739 196.749 230.301 0 
740 195.897 237.387 0 
741 194.784 242.744 0 
742 194.41 252.157 0 
743 193.437 257.528 0 
744 192.291 265.572 0 
745 193.322 273.036 0 
746 192.666 279.633 0 
747 192.525 288.841 0 
748 192.589 296.58 0 
749 192.899 306.039 0 
750 193.268 316.001 0 
751 194.58 325.033 0 
752 195.813 332.479 0 
753 196.943 340.066 0 
754 195.123 347.023 0 
755 194.469 352.371 0 
756 191.159 361.031 0 
757 187.622 368.716 0 
758 182.073 378.972 0 
759 198.891 400.338 0 
760 207.167 -5.16351 0 
761 218.221 25.8076 0 
762 209.451 25.4255 0 
763 204.872 26.1912 0 
764 203.739 30.6393 0 
765 205.873 36.6192 0 
766 208.023 45.5116 0 
767 209.536 57.2639 0 
768 209.802 62.3704 0 
769 210.219 67.1361 0 
770 212.389 82.4707 0 
771 211.638 91.8996 0 
772 213.991 108.554 0 
773 210.111 117.147 0 
774 206.155 123.876 0 
775 204.058 133.648 0 
776 203.864 139.036 0 
777 204.41 146.312 0 
778 204.108 153.214 0 
779 203.468 159.227 0 
780 203.817 166.392 0 
781 203.221 174.869 0 
782 203.603 182.313 0 
783 203.691 188.296 0 
784 204.115 195.338 0 
785 204.979 201.19 0 
786 203.972 208.902 0 
787 204.097 216.855 0 
788 204.334 222.969 0 
789 203.269 229.496 0 
790 203.163 237.087 0 
791 202.752 243.766 0 
792 201.449 251.702 0 
793 202.074 256.843 0 
794 200.999 264.112 0 
795 198.674 272.49 0 
796 198.254 281.276 0 
797 198.38 288.632 0 
798 197.7 296.463 0 
799 198.832 308.395 0 
800 199.312 316.214 0 
801 201.66 327.701 0 
802 203.48 333.658 0 
803 203.591 341.46 0 
804 204.19 347.349 0 
805 203.331 352.77 0 
806 199.956 357.756 0 
807 194.584 366.366 0 
808 188.521 374.216 0 
809 207.167 400.338 0 
810 215.442 -5.16351 0 
811 227.159 30.968 0 
812 216.993 33.1239 0 
813 212.297 34.8642 0 
814 210.399 37.1637 0 
815 211.569 40.924 0 
816 212.123 45.2833 0 
817 213.854 55.9645 0 
818 214.643 63.0694 0 
819 215.391 71.1027 0 
820 216.88 80.6969 0 
821 216.772 92.8548 0 
822 217.831 103.796 0 
823 216.075 114.554 0 
824 214.724 121.93 0 
825 212.454 133.145 0 
826 212.149 138.784 0 
827 211.544 146.277 0 
828 211.089 152.503 0 
829 211.27 158.127 0 
830 211.092 168.177 0 
831 211.116 174.009 0 
832 211.526 180.436 0 
833 211.041 191.27 0 
834 211.502 197.386 0 
835 211.784 201.465 0 
836 211.878 208.548 0 
837 212.09 217.754 0 
838 212.071 222.819 0 
839 210.305 229.612 0 
840 210.689 236.56 0 
841 209.01 244.3 0 
842 209.885 249.13 0 
843 207.276 256.314 0 
844 206.382 262.898 0 
845 206.72 270.52 0 
846 205.447 281.447 0 
847 204.597 289.297 0 
848 204.887 296.327 0 
849 205.414 306.317 0 
850 206.421 318.379 0 
851 209.668 328.875 0 
852 211.693 334.497 0 
853 213.967 343.458 0 
854 214.605 348.985 0 
855 213.56 353.992 0 
856 210.701 356.94 0 
857 208.157 360.011 0 
858 197.32 370.671 0 
859 215.442 400.338 0 
860 223.718 -5.16351 0 
861 235.099 28.3829 0 
862 226.757 34.5997 0 
863 221.005 38.3807 0 
864 219.098 40.2303 0 
865 218.356 43.9239 0 
866 219.503 49.6831 0 
867 220.932 58.8098 0 
868 221.51 65.0242 0 
869 222.473 75.4138 0 
870 221.818 79.6191 0 
871 221.782 88.9716 0 
872 221.613 105.167 0 
873 221.543 112.19 0 
874 221.232 122.58 0 
875 219.705 131.443 0 
876 219.169 138.029 0 
877 218.608 145.488 0 
878 217.707 151.943 0 
879 218.089 159.34 0 
880 219.196 165.663 0 
881 218.362 173.379 0 
882 218.253 181.735 0 
883 218.092 191.208 0 
884 218.443 198.003 0 
885 219.117 202.581 0 
886 219.174 209.319 0 
887 219.529 216.072 0 
888 218.338 224.061 0 
889 218.671 229.946 0 
890 217.818 237.1 0 
891 217.93 242.825 0 
892 215.633 248.307 0 
893 215.179 255.917 0 
894 214.254 259.346 0 
895 213.122 269.806 0 
896 210.944 280.512 0 
897 209.885 289.465 0 
898 210.423 298.896 0 
899 211.106 307.446 0 
900 213.053 313.416 0 
901 218.967 329.407 0 
902 222.54 337.311 0 
903 225.474 345.875 0 
904 226.157 350.947 0 
905 226.127 358.637 0 
906 222.325 361.032 0 
907 218.327 366.823 0 
908 209.894 370.346 0 
909 223.718 400.338 0 
910 231.993 -5.16351 0 
911 242.925 25.7787 0 
912 235.496 32.4362 0 
913 230.616 37.9859 0 
914 227.893 42.2169 0 
915 226.927 45.568 0 
916 226.555 52.3552 0 
917 227.008 59.7603 0 
918 226.861 68.2717 0 
919 227.149 74.5437 0 
920 228.056 81.922 0 
921 228.731 93.6408 0 
922 228.603 102.649 0 
923 227.634 110.129 0 
924 225.447 123.164 0 
925 227.047 128.586 0 
926 225.701 138.121 0 
927 225.233 144.661 0 
928 225.515 150.306 0 
929 225.424 160.648 0 
930 225.835 167.242 0 
931 226.391 171.185 0 
932 225.875 181.543 0 
933 225.557 189.191 0 
934 224.924 198.46 0 
935 224.686 205.135 0 
936 226.795 210.916 0 
937 226.899 217.085 0 
938 226.978 225.368 0 
939 225.184 230.917 0 
940 225.394 235.158 0 
941 225.549 242.543 0 
942 224.827 247.674 0 
943 223.138 255.267 0 
944 222.267 262.744 0 
945 231.993 284.48 0 
946 231.993 292.756 0 
947 231.993 301.031 0 
948 231.993 309.307 0 
949 231.993 317.583 0 
950 231.993 325.858 0 
951 231.993 334.134 0 
952 231.993 342.409 0 
953 231.993 350.685 0 
954 231.993 358.96 0 
955 231.993 367.236 0 
956 231.993 375.511 0 
957 231.993 383.787 0 
958 231.993 392.062 0 
959 231.993 400.338 0 
960 240.269 -5.16351 0 
961 248.693 21.8907 0 
962 242.216 32.8754 0 
963 239.737 37.2604 0 
964 235.175 43.6569 0 
965 233.742 47.5217 0 
966 233.745 53.8 0 
967 233.429 61.1874 0 
968 234.622 69.4912 0 
969 233.866 75.1984 0 
970 233.846 84.4228 0 
971 234.794 95.0233 0 
972 234.859 102.275 0 
973 235.016 109.625 0 
974 234.564 120.93 0 
975 233.647 128.849 0 
976 232.82 136.873 0 
977 232.559 144.409 0 
978 232.233 150.696 0 
979 231.788 160.055 0 
980 231.838 167.08 0 
981 232.216 172.989 0 
982 233.061 179.755 0 
983 233.457 188.913 0 
984 232.831 200.192 0 
985 233.859 204.036 0 
986 232.526 213.101 0 
987 233.683 218.836 0 
988 233.855 225.734 0 
989 234.32 230.436 0 
990 234.024 235.266 0 
991 231.964 243.451 0 
992 233.007 248.206 0 
993 232.208 254.76 0 
994 230.786 262.179 0 
995 240.269 284.48 0 
996 248.544 -5.16351 0 
997 251.905 17.6898 0 
998 248.668 29.226 0 
999 245.691 37.2704 0 
1000 241.882 45.2472 0 
1001 240.709 50.5701 0 
1002 239.298 55.5034 0 
1003 240.278 60.7816 0 
1004 239.662 70.7808 0 
1005 240.331 78.9771 0 
1006 239.977 84.3713 0 
1007 240.229 94.5519 0 
1008 240.885 102.608 0 
1009 240.561 111.607 0 
1010 240.534 119.213 0 
1011 239.498 127.636 0 
1012 238.546 136.621 0 
1013 238.514 144.09 0 
1014 238.534 149.933 0 
1015 238.561 159.436 0 
1016 238.721 167.117 0 
1017 238.856 173.631 0 
1018 239.52 180.72 0 
1019 239.302 190.426 0 
1020 240.173 201.652 0 
1021 240.356 206.544 0 
1022 242.469 211.498 0 
1023 241.445 219.619 0 
1024 241.401 225.786 0 
1025 243.108 228.925 0 
1026 242.102 235.542 0 
1027 241.4 243.129 0 
1028 240.13 248.63 0 
1029 240.529 255.206 0 
1030 240.848 261.825 0 
1031 248.544 284.48 0 
1032 256.82 -5.16351 0 
1033 254.337 18.3912 0 
1034 251.639 28.6654 0 
1035 249.59 38.496 0 
1036 246.766 47.2173 0 
1037 246.78 52.4677 0 
1038 246.714 56.2652 0 
1039 247.554 63.6977 0 
1040 247.245 69.0057 0 
1041 245.878 78.5343 0 
1042 245.189 85.7724 0 
1043 245.401 93.3199 0 
1044 244.851 100.889 0 
1045 246.723 111.952 0 
1046 247.031 118.582 0 
1047 246.626 127.525 0 
1048 246.031 134.357 0 
1049 245.093 142.497 0 
1050 245.554 150.139 0 
1051 245.997 158.353 0 
1052 245.641 166.266 0 
1053 245.058 175.574 0 
1054 245.529 180.975 0 
1055 246.152 191.592 0 
1056 245.781 202.826 0 
1057 249.359 206.583 0 
1058 249.663 212.528 0 
1059 250.796 217.611 0 
1060 250.687 224.637 0 
1061 250.805 229.86 0 
1062 251.561 235.432 0 
1063 248.176 242.942 0 
1064 249.747 248.932 0 
1065 249.272 254.861 0 
1066 248.988 262.517 0 
1067 256.82 284.48 0 
1068 265.096 -5.16351 0 
1069 258.859 16.8745 0 
1070 256.225 24.7084 0 
1071 258.414 33.7128 0 
1072 257.544 41.1086 0 
1073 258.037 49.0858 0 
1074 258.639 53.4371 0 
1075 256.406 60.6542 0 
1076 252.726 69.4162 0 
1077 249.284 78.3059 0 
1078 251.508 84.3782 0 
1079 249.752 96.1852 0 
1080 250.671 102.267 0 
1081 252.962 110.614 0 
1082 253.421 117.682 0 
1083 252.539 125.792 0 
1084 251.812 135.06 0 
1085 251.908 142.782 0 
1086 251.941 149.994 0 
1087 252.572 157.58 0 
1088 252.353 164.578 0 
1089 250.997 174.353 0 
1090 250.688 182.306 0 
1091 251.538 190.98 0 
1092 254.91 202.22 0 
1093 260.994 205.139 0 
1094 261.03 209.741 0 
1095 259.635 216.506 0 
1096 258.911 224.526 0 
1097 257.836 231.817 0 
1098 258.777 236.691 0 
1099 258.973 243.149 0 
1100 259.115 249.18 0 
1101 259.526 253.997 0 
1102 258.32 265.314 0 
1103 265.096 284.48 0 
1104 273.371 -5.16351 0 
1105 273.371 3.11203 0 
1106 273.371 11.3876 0 
1107 273.371 19.6631 0 
1108 273.371 27.9387 0 
1109 273.371 36.2142 0 
1110 273.371 44.4897 0 
1111 273.371 52.7653 0 
1112 273.371 61.0408 0 
1113 273.371 69.3164 0 
1114 273.371 77.5919 0 
1115 273.371 85.8674 0 
1116 273.371 94.143 0 
1117 273.371 102.419 0 
1118 273.371 110.694 0 
1119 273.371 118.97 0 
1120 273.371 127.245 0 
1121 273.371 135.521 0 
1122 273.371 143.796 0 
1123 273.371 152.072 0 
1124 273.371 160.347 0 
1125 273.371 168.623 0 
1126 273.371 176.898 0 
1127 273.371 185.174 0 
1128 273.371 193.449 0 
1129 273.371 201.725 0 
1130 270.936 208.829 0 
1131 269.121 213.082 0 
1132 268.266 223.316 0 
1133 267.553 230.394 0 
1134 267.301 238.551 0 
1135 266.945 244.401 0 
1136 265.871 249.702 0 
1137 265.848 256.352 0 
1138 265.281 263.741 0 
1139 273.371 284.48 0 
1140 281.647 201.725 0 
1141 280.053 208.78 0 
1142 280.092 211.184 0 
1143 276.765 222.804 0 
1144 276.087 230.044 0 
1145 275.333 238.26 0 
1146 273.932 244.842 0 
1147 273.537 250.16 0 
1148 273.017 258.242 0 
1149 273.869 266.836 0 
1150 281.647 284.48 0 
1151 289.922 201.725 0 
1152 287.438 208.398 0 
1153 286.617 214.832 0 
1154 285.781 222.454 0 
1155 284.758 230.839 0 
1156 282.839 238.984 0 
1157 282.567 245.126 0 
1158 282.252 252.382 0 
1159 281.276 260.239 0 
1160 280.525 266.679 0 
1161 289.922 284.48 0 
1162 298.198 201.725 0 
1163 292.529 210.161 0 
1164 292.509 216.149 0 
1165 292.959 223.116 0 
1166 292.332 232.358 0 
1167 290.975 239.278 0 
1168 290.484 246.931 0 
1169 289.843 254.22 0 
1170 290.937 262.97 0 
1171 290.226 272.558 0 
1172 298.198 284.48 0 
1173 306.473 201.725 0 
1174 302.167 209.35 0 
1175 300.125 216.248 0 
1176 297.687 224.041 0 
1177 297.412 232.85 0 
1178 297.906 240.218 0 
1179 297.754 246.601 0 
1180 297.415 257.772 0 
1181 298.391 265.896 0 
1182 299.463 276.38 0 
1183 306.473 284.48 0 
1184 314.749 201.725 0 
1185 307.647 209.226 0 
1186 302.785 216.116 0 
1187 302.867 223.384 0 
1188 303.518 231.478 0 
1189 302.978 239.953 0 
1190 303.381 248.822 0 
1191 304.129 258.742 0 
1192 304.417 266.544 0 
1193 306.309 279.522 0 
1194 314.749 284.48 0 
1195 323.024 201.725 0 
1196 314.47 208.959 0 
1197 308.124 216.168 0 
1198 306.924 223.725 0 
1199 307.871 232.433 0 
1200 309.229 240.03 0 
1201 309.562 248.554 0 
1202 308.904 258.597 0 
1203 308.546 266.979 0 
1204 312.463 281.062 0 
1205 323.024 284.48 0 
1206 331.3 201.725 0 
1207 317.021 209.992 0 
1208 313.369 215.932 0 
1209 313.317 224.317 0 
1210 315.378 231.901 0 
1211 315.811 239.283 0 
1212 315.24 245.83 0 
1213 312.823 255.543 0 
1214 312.228 263.885 0 
1215 317.172 279.212 0 
1216 331.3 284.48 0 
1217 339.576 201.725 0 
1218 323.929 214.191 0 
1219 323.219 217.892 0 
1220 324.253 225.461 0 
1221 324.888 231.144 0 
1222 323.663 237.354 0 
1223 321.355 243.169 0 
1224 319.129 250.849 0 
1225 316.161 258.798 0 
1226 319.68 271.627 0 
1227 339.576 284.48 0 
1228 347.851 201.725 0 
1229 335.324 216.912 0 
1230 334.501 223.553 0 
1231 333.856 226.209 0 
1232 335.566 229.561 0 
1233 335.534 233.211 0 
1234 332.336 237.474 0 
1235 327.272 242.875 0 
1236 325.27 249.574 0 
1237 324.466 261.897 0 
1238 347.851 284.48 0 
1239 356.127 201.725 0 
1240 356.127 210.001 0 
1241 356.127 218.276 0 
1242 356.127 226.552 0 
1243 356.127 234.827 0 
1244 356.127 243.103 0 
1245 356.127 251.378 0 
1246 356.127 259.654 0 
1247 356.127 267.929 0 
1248 356.127 276.205 0 
1249 356.127 284.48 0 
